(846, 463) 20
(846, 463) 21
(846, 463) 22
(846, 463) 23
(846, 463) 24
(845, 463) 25
(845, 463) 26
(847, 463) 27
(849, 463) 28
(856, 463) 29
(865, 462) 30
(873, 462) 31
(880, 462) 32
(886, 462) 33
(889, 463) 34
(894, 462) 35
(898, 462) 36
(902, 462) 37
(907, 462) 38
(911, 462) 39
(914, 461) 40
(917, 461) 41
(919, 461) 42
(922, 461) 43
(924, 461) 44
(928, 461) 45
(932, 460) 46
(935, 460) 47
(937, 460) 48
(943, 460) 49
(950, 460) 50
(952, 460) 51
(956, 460) 52
(960, 460) 53
(964, 460) 54
(965, 460) 55
(969, 460) 56
(970, 460) 57
(973, 460) 58
(976, 460) 59
(975, 460) 60
(974, 460) 61
(972, 460) 62
(971, 460) 63
(970, 460) 64
(970, 460) 65
(969, 460) 66
(969, 460) 67
(969, 460) 68
(968, 460) 69
(965, 460) 70
(962, 460) 71
(960, 460) 72
(956, 460) 73
(953, 460) 74
(950, 460) 75
(950, 460) 76
(949, 460) 77
(949, 460) 78
(952, 460) 79
(957, 460) 80
(956, 460) 81
(956, 460) 82
(959, 460) 83
(961, 460) 84
(963, 460) 85
(962, 460) 86
(960, 460) 87
(960, 460) 88
(960, 460) 89
(962, 460) 90
(965, 460) 91
(968, 460) 92
(971, 460) 93
(973, 460) 94
(973, 460) 95
(971, 461) 96
(968, 461) 97
(966, 461) 98
(958, 461) 99
(958, 461) 100
(959, 461) 101
(962, 461) 102
(966, 460) 103
(968, 460) 104
(969, 459) 105
(970, 459) 106
(976, 458) 107
(979, 458) 108
(975, 458) 109
(975, 457) 110
(975, 456) 111
(974, 456) 112
(973, 456) 113
(972, 456) 114
(973, 456) 115
(974, 456) 116
(972, 456) 117
(971, 457) 118
(972, 457) 119
(970, 457) 120
(969, 457) 121
(968, 458) 122
(968, 458) 123
(967, 458) 124
(963, 459) 125
(956, 459) 126
(949, 459) 127
(949, 459) 128
(950, 459) 129
(953, 458) 130
(952, 458) 131
(948, 458) 132
(945, 458) 133
(942, 458) 134
(937, 458) 135
(934, 458) 136
(930, 458) 137
(927, 459) 138
(924, 459) 139
(922, 459) 140
(918, 459) 141
(915, 459) 142
(911, 459) 143
(908, 460) 144
(905, 460) 145
(902, 460) 146
(904, 460) 147
(910, 460) 148
(915, 460) 149
(914, 460) 150
(911, 460) 151
(913, 460) 152
(918, 460) 153
(923, 460) 154
(927, 460) 155
(930, 460) 156
(938, 460) 157
(943, 460) 158
(948, 460) 159
(948, 460) 160
(948, 460) 161
(950, 460) 162
(949, 460) 163
(949, 460) 164
(947, 460) 165
(948, 460) 166
(949, 459) 167
(953, 460) 168
(958, 460) 169
(963, 460) 170
(964, 460) 171
(967, 460) 172
(967, 460) 173
(966, 460) 174
(967, 460) 175
(968, 460) 176
(965, 460) 177
(959, 460) 178
(956, 459) 179
(956, 459) 180
(956, 458) 181
(956, 458) 182
(956, 458) 183
(956, 457) 184
(957, 458) 185
(961, 458) 186
(966, 458) 187
(968, 458) 188
(973, 459) 189
(980, 459) 190
(986, 459) 191
(988, 459) 192
(989, 459) 193
(991, 458) 194
(994, 458) 195
(998, 458) 196
(1001, 457) 197
(1003, 457) 198
(1006, 457) 199
(1006, 457) 200
(1008, 457) 201
(1010, 457) 202
(1010, 457) 203
(1012, 458) 204
(1014, 458) 205
(1016, 458) 206
(1018, 458) 207
(1019, 458) 208
(1021, 458) 209
(1021, 459) 210
(1019, 459) 211
(1020, 459) 212
(1021, 459) 213
(1022, 459) 214
(1021, 460) 215
(1021, 460) 216
(1018, 460) 217
(1016, 460) 218
(1013, 460) 219
(1010, 461) 220
(1010, 461) 221
(1009, 461) 222
(1008, 461) 223
(1007, 461) 224
(1007, 461) 225
(1013, 461) 226
(1012, 461) 227
(1011, 461) 228
(1008, 461) 229
(999, 461) 230
(998, 462) 231
(997, 462) 232
(990, 462) 233
(984, 462) 234
(979, 462) 235
(969, 462) 236
(966, 462) 237
(966, 463) 238
(960, 463) 239
(955, 463) 240
(955, 463) 241
(948, 463) 242
(941, 463) 243
(935, 463) 244
(930, 463) 245
(925, 463) 246
(921, 463) 247
(920, 464) 248
(918, 464) 249
(918, 465) 250
(918, 466) 251
(919, 466) 252
(921, 467) 253
(922, 467) 254
(923, 467) 255
(930, 468) 256
(937, 468) 257
(943, 469) 258
(949, 469) 259
(952, 470) 260
(955, 470) 261
(957, 470) 262
(960, 470) 263
(960, 471) 264
(957, 471) 265
(953, 471) 266
(950, 472) 267
(947, 472) 268
(944, 472) 269
(935, 473) 270
(928, 473) 271
(921, 474) 272
(915, 474) 273
(909, 475) 274
(904, 475) 275
(899, 476) 276
(889, 476) 277
(875, 475) 278
(864, 475) 279
(853, 475) 280
(842, 475) 281
(832, 474) 282
(820, 474) 283
(810, 474) 284
(799, 474) 285
(790, 473) 286
(774, 474) 287
(759, 474) 288
(748, 474) 289
(737, 474) 290
(728, 474) 291
(719, 474) 292
(712, 474) 293
(705, 474) 294
(699, 474) 295
(693, 474) 296
(688, 475) 297
(684, 475) 298
(680, 475) 299
(676, 475) 300
(673, 475) 301
(670, 475) 302
(667, 475) 303
(665, 475) 304
(657, 475) 305
(649, 474) 306
(636, 474) 307
(622, 473) 308
(610, 473) 309
(599, 473) 310
(590, 473) 311
(581, 472) 312
(572, 472) 313
(565, 472) 314
(558, 471) 315
(552, 471) 316
(546, 471) 317
(541, 470) 318
(537, 470) 319
(532, 470) 320
(527, 470) 321
(522, 469) 322
(519, 469) 323
(516, 469) 324
(513, 469) 325
(511, 469) 326
(509, 469) 327
(507, 468) 328
(505, 468) 329
(506, 468) 330
(507, 469) 331
(508, 469) 332
(508, 469) 333
(513, 469) 334
(516, 469) 335
(520, 470) 336
(523, 470) 337
(527, 470) 338
(530, 470) 339
(533, 470) 340
(539, 471) 341
(544, 471) 342
(549, 472) 343
(547, 472) 344
(545, 472) 345
(545, 472) 346
(546, 472) 347
(547, 472) 348
(547, 471) 349
(548, 471) 350
(548, 471) 351
(549, 471) 352
(549, 471) 353
(549, 471) 354
(550, 471) 355
(550, 471) 356
(550, 470) 357
(544, 470) 358
(539, 469) 359
(534, 469) 360
(530, 468) 361
(526, 468) 362
(520, 467) 363
(513, 466) 364
(509, 466) 365
(505, 466) 366
(502, 466) 367
(500, 466) 368
(498, 466) 369
(500, 466) 370
(500, 466) 371
(502, 465) 372
(505, 465) 373
(510, 465) 374
(516, 466) 375
(521, 467) 376
(521, 467) 377
(520, 467) 378
(519, 467) 379
(520, 467) 380
(521, 467) 381
(522, 467) 382
(523, 466) 383
(561, 483) 45
(561, 483) 46
(561, 483) 47
(561, 483) 48
(561, 483) 49
(561, 483) 50
(561, 483) 51
(561, 483) 52
(553, 483) 53
(545, 483) 54
(537, 483) 55
(530, 483) 56
(524, 483) 57
(519, 483) 58
(514, 483) 59
(510, 483) 60
(506, 483) 61
(503, 483) 62
(500, 483) 63
(498, 483) 64
(495, 483) 65
(493, 483) 66
(491, 483) 67
(490, 483) 68
(488, 483) 69
(487, 483) 70
(486, 483) 71
(485, 484) 72
(484, 484) 73
(483, 484) 74
(483, 484) 75
(487, 483) 76
(491, 483) 77
(497, 483) 78
(501, 483) 79
(506, 483) 80
(509, 482) 81
(513, 482) 82
(516, 482) 83
(519, 482) 84
(521, 482) 85
(523, 481) 86
(525, 481) 87
(527, 481) 88
(529, 481) 89
(530, 481) 90
(532, 481) 91
(533, 481) 92
(534, 480) 93
(535, 480) 94
(536, 480) 95
(536, 480) 96
(534, 480) 97
(532, 479) 98
(527, 479) 99
(523, 479) 100
(515, 479) 101
(508, 479) 102
(501, 478) 103
(494, 478) 104
(488, 478) 105
(481, 477) 106
(476, 477) 107
(471, 477) 108
(471, 478) 109
(475, 478) 110
(479, 478) 111
(482, 478) 112
(486, 478) 113
(492, 478) 114
(498, 479) 115
(503, 479) 116
(509, 480) 117
(514, 480) 118
(519, 481) 119
(524, 481) 120
(529, 481) 121
(533, 482) 122
(537, 482) 123
(541, 482) 124
(544, 482) 125
(546, 483) 126
(546, 483) 127
(546, 483) 128
(545, 482) 129
(544, 482) 130
(544, 482) 131
(551, 483) 132
(550, 483) 133
(542, 483) 134
(536, 482) 135
(538, 482) 136
(540, 482) 137
(542, 482) 138
(544, 481) 139
(545, 481) 140
(546, 481) 141
(548, 481) 142
(549, 481) 143
(550, 481) 144
(551, 480) 145
(554, 480) 146
(554, 480) 147
(553, 480) 148
(548, 480) 149
(547, 480) 150
(545, 480) 151
(542, 480) 152
(538, 480) 153
(538, 480) 154
(539, 479) 155
(537, 479) 156
(535, 479) 157
(528, 478) 158
(528, 478) 159
(522, 478) 160
(516, 478) 161
(513, 478) 162
(505, 478) 163
(499, 478) 164
(493, 478) 165
(490, 478) 166
(490, 478) 167
(490, 477) 168
(492, 477) 169
(500, 477) 170
(499, 477) 171
(497, 477) 172
(494, 477) 173
(493, 477) 174
(489, 477) 175
(485, 477) 176
(482, 477) 177
(479, 477) 178
(477, 477) 179
(474, 477) 180
(472, 476) 181
(470, 476) 182
(469, 476) 183
(467, 476) 184
(466, 476) 185
(465, 476) 186
(463, 476) 187
(462, 476) 188
(462, 476) 189
(455, 476) 190
(449, 476) 191
(443, 476) 192
(438, 477) 193
(434, 477) 194
(430, 477) 195
(426, 477) 196
(423, 477) 197
(420, 477) 198
(417, 477) 199
(415, 477) 200
(413, 477) 201
(411, 477) 202
(409, 477) 203
(408, 477) 204
(406, 478) 205
(405, 478) 206
(404, 478) 207
(404, 478) 208
(407, 478) 209
(416, 478) 210
(425, 477) 211
(430, 477) 212
(436, 477) 213
(443, 477) 214
(446, 477) 215
(452, 477) 216
(462, 477) 217
(467, 477) 218
(465, 476) 219
(465, 476) 220
(467, 476) 221
(473, 476) 222
(485, 476) 223
(498, 476) 224
(510, 476) 225
(520, 476) 226
(529, 476) 227
(538, 476) 228
(539, 476) 229
(541, 476) 230
(542, 475) 231
(543, 475) 232
(545, 475) 233
(544, 475) 234
(543, 475) 235
(537, 474) 236
(530, 474) 237
(530, 475) 238
(530, 475) 239
(530, 476) 240
(529, 476) 241
(528, 476) 242
(527, 476) 243
(527, 475) 244
(525, 475) 245
(522, 475) 246
(518, 475) 247
(511, 475) 248
(512, 477) 249
(512, 477) 250
(512, 477) 251
(511, 477) 252
(512, 477) 253
(512, 477) 254
(512, 477) 255
(513, 477) 256
(517, 477) 257
(520, 476) 258
(519, 477) 259
(515, 477) 260
(507, 476) 261
(491, 476) 262
(477, 475) 263
(464, 475) 264
(452, 475) 265
(442, 474) 266
(433, 474) 267
(424, 473) 268
(417, 473) 269
(410, 473) 270
(404, 472) 271
(398, 472) 272
(394, 471) 273
(389, 471) 274
(385, 471) 275
(381, 470) 276
(378, 469) 277
(375, 469) 278
(372, 468) 279
(370, 468) 280
(368, 467) 281
(366, 467) 282
(364, 466) 283
(365, 466) 284
(366, 466) 285
(372, 465) 286
(377, 465) 287
(382, 465) 288
(386, 465) 289
(397, 465) 290
(411, 465) 291
(423, 465) 292
(427, 465) 293
(431, 465) 294
(438, 465) 295
(441, 464) 296
(449, 464) 297
(456, 465) 298
(463, 465) 299
(468, 465) 300
(473, 465) 301
(478, 465) 302
(483, 465) 303
(488, 465) 304
(492, 465) 305
(493, 464) 306
(1328, 455) 64
(1328, 455) 65
(1328, 455) 66
(1328, 455) 67
(1328, 455) 68
(1330, 455) 69
(1333, 456) 70
(1337, 456) 71
(1339, 456) 72
(1342, 456) 73
(1343, 457) 74
(1345, 457) 75
(1346, 457) 76
(1347, 458) 77
(1348, 458) 78
(1349, 458) 79
(1350, 458) 80
(1351, 459) 81
(1351, 459) 82
(1346, 459) 83
(1340, 459) 84
(1335, 459) 85
(1331, 459) 86
(1327, 459) 87
(1323, 459) 88
(1320, 459) 89
(1317, 460) 90
(1315, 460) 91
(1312, 460) 92
(1310, 460) 93
(1308, 460) 94
(1307, 460) 95
(1305, 460) 96
(1304, 460) 97
(1303, 460) 98
(1303, 460) 99
(1303, 460) 100
(1303, 460) 101
(1302, 459) 102
(1302, 459) 103
(1303, 458) 104
(1299, 457) 105
(1288, 455) 106
(1278, 454) 107
(1269, 453) 108
(1261, 452) 109
(1253, 451) 110
(1247, 450) 111
(1241, 449) 112
(1239, 449) 113
(1239, 450) 114
(1239, 450) 115
(1239, 450) 116
(1239, 451) 117
(1239, 451) 118
(1239, 451) 119
(1239, 452) 120
(1239, 452) 121
(1239, 452) 122
(1239, 452) 123
(1239, 453) 124
(1239, 453) 125
(1239, 453) 126
(1239, 453) 127
(1239, 454) 128
(1239, 454) 129
(1239, 454) 130
(1239, 454) 131
(1234, 455) 132
(1233, 455) 133
(1235, 455) 134
(228, 444) 76
(232, 443) 77
(236, 442) 78
(240, 442) 79
(243, 441) 80
(247, 440) 81
(249, 440) 82
(252, 439) 83
(254, 439) 84
(256, 438) 85
(258, 437) 86
(259, 437) 87
(261, 436) 88
(262, 436) 89
(263, 435) 90
(264, 435) 91
(265, 434) 92
(266, 434) 93
(267, 433) 94
(268, 433) 95
(268, 432) 96
(268, 433) 97
(263, 433) 98
(257, 434) 99
(253, 434) 100
(245, 434) 101
(239, 434) 102
(233, 435) 103
(228, 435) 104
(223, 435) 105
(222, 435) 106
(221, 435) 107
(221, 435) 108
(226, 435) 109
(229, 434) 110
(231, 434) 111
(232, 434) 112
(233, 433) 113
(234, 434) 114
(235, 434) 115
(235, 434) 116
(234, 433) 117
(233, 433) 118
(231, 433) 119
(229, 432) 120
(227, 432) 121
(225, 432) 122
(223, 431) 123
(222, 431) 124
(220, 431) 125
(220, 431) 126
(221, 430) 127
(223, 430) 128
(226, 430) 129
(228, 430) 130
(227, 430) 131
(219, 430) 132
(216, 430) 133
(209, 431) 134
(210, 430) 135
(211, 430) 136
(211, 430) 137
(211, 430) 138
(210, 430) 139
(209, 430) 140
(206, 431) 141
(203, 431) 142
(201, 432) 143
(198, 432) 144
(194, 433) 145
(186, 433) 146
(179, 433) 147
(174, 434) 148
(164, 434) 149
(154, 434) 150
(148, 435) 151
(144, 435) 152
(140, 435) 153
(136, 436) 154
(132, 436) 155
(134, 435) 156
(142, 435) 157
(148, 435) 158
(149, 434) 159
(151, 433) 160
(152, 432) 161
(152, 431) 162
(158, 430) 163
(162, 430) 164
(166, 430) 165
(168, 430) 166
(171, 430) 167
(177, 430) 168
(184, 430) 169
(189, 431) 170
(194, 431) 171
(194, 431) 172
(198, 431) 173
(203, 431) 174
(200, 432) 175
(200, 432) 176
(200, 432) 177
(202, 432) 178
(205, 431) 179
(207, 431) 180
(207, 430) 181
(207, 429) 182
(208, 429) 183
(207, 429) 184
(208, 428) 185
(210, 428) 186
(211, 428) 187
(210, 428) 188
(211, 428) 189
(210, 428) 190
(212, 428) 191
(219, 428) 192
(224, 428) 193
(228, 427) 194
(233, 427) 195
(237, 426) 196
(241, 425) 197
(245, 425) 198
(249, 425) 199
(251, 424) 200
(252, 423) 201
(252, 423) 202
(251, 422) 203
(250, 421) 204
(250, 420) 205
(249, 420) 206
(248, 419) 207
(247, 419) 208
(245, 419) 209
(243, 418) 210
(242, 418) 211
(240, 418) 212
(239, 418) 213
(238, 418) 214
(237, 417) 215
(236, 417) 216
(235, 417) 217
(235, 417) 218
(234, 417) 219
(233, 416) 220
(231, 417) 221
(231, 417) 222
(231, 418) 223
(231, 418) 224
(231, 418) 225
(230, 418) 226
(229, 419) 227
(228, 419) 228
(235, 419) 229
(242, 419) 230
(248, 420) 231
(254, 420) 232
(252, 420) 233
(248, 421) 234
(244, 421) 235
(243, 421) 236
(241, 421) 237
(239, 421) 238
(237, 421) 239
(236, 421) 240
(233, 421) 241
(233, 421) 242
(232, 421) 243
(230, 420) 244
(228, 420) 245
(226, 420) 246
(224, 419) 247
(222, 419) 248
(220, 420) 249
(219, 420) 250
(217, 420) 251
(216, 420) 252
(214, 420) 253
(213, 420) 254
(212, 420) 255
(211, 421) 256
(211, 421) 257
(214, 421) 258
(216, 422) 259
(218, 422) 260
(220, 423) 261
(222, 423) 262
(223, 424) 263
(225, 424) 264
(229, 425) 265
(232, 426) 266
(235, 427) 267
(238, 428) 268
(241, 429) 269
(243, 430) 270
(245, 431) 271
(247, 432) 272
(248, 433) 273
(250, 433) 274
(251, 434) 275
(256, 434) 276
(252, 435) 277
(250, 435) 278
(250, 435) 279
(250, 435) 280
(249, 436) 281
(248, 435) 282
(251, 435) 283
(255, 435) 284
(257, 435) 285
(259, 434) 286
(259, 433) 287
(257, 432) 288
(254, 431) 289
(251, 430) 290
(248, 429) 291
(246, 428) 292
(244, 427) 293
(242, 426) 294
(240, 426) 295
(239, 425) 296
(239, 425) 297
(239, 425) 298
(232, 425) 299
(232, 426) 300
(233, 427) 301
(232, 428) 302
(231, 428) 303
(230, 428) 304
(230, 428) 305
(229, 428) 306
(229, 428) 307
(231, 428) 308
(1691, 455) 132
(1685, 455) 133
(1675, 455) 134
(1666, 455) 135
(1658, 456) 136
(1651, 456) 137
(1645, 456) 138
(1639, 456) 139
(1633, 456) 140
(1629, 456) 141
(1625, 457) 142
(1621, 457) 143
(1617, 457) 144
(1615, 457) 145
(1613, 458) 146
(1612, 458) 147
(1611, 459) 148
(1611, 459) 149
(1610, 460) 150
(1609, 460) 151
(1609, 461) 152
(1608, 461) 153
(1608, 462) 154
(1607, 462) 155
(1607, 463) 156
(1606, 463) 157
(1606, 463) 158
(1606, 464) 159
(1612, 463) 160
(1611, 463) 161
(1603, 462) 162
(1596, 461) 163
(1590, 460) 164
(1585, 460) 165
(1580, 459) 166
(1575, 458) 167
(1571, 458) 168
(1568, 457) 169
(1565, 456) 170
(1562, 456) 171
(1559, 455) 172
(1557, 454) 173
(1555, 454) 174
(1553, 453) 175
(1551, 452) 176
(1549, 452) 177
(1548, 451) 178
(1547, 451) 179
(1546, 450) 180
(1546, 449) 181
(1547, 448) 182
(1547, 447) 183
(1551, 445) 184
(1555, 442) 185
(1558, 440) 186
(1561, 437) 187
(1564, 435) 188
(1569, 434) 189
(1573, 433) 190
(1577, 432) 191
(1580, 432) 192
(1583, 431) 193
(1586, 430) 194
(1590, 431) 195
(730, 468) 145
(730, 468) 146
(730, 468) 147
(730, 468) 148
(730, 468) 149
(730, 468) 150
(730, 468) 151
(729, 467) 152
(727, 467) 153
(724, 467) 154
(722, 467) 155
(719, 467) 156
(717, 467) 157
(710, 467) 158
(702, 466) 159
(695, 466) 160
(681, 466) 161
(668, 466) 162
(657, 466) 163
(647, 466) 164
(637, 466) 165
(629, 466) 166
(622, 466) 167
(615, 466) 168
(609, 466) 169
(603, 466) 170
(606, 466) 171
(616, 465) 172
(618, 466) 173
(616, 467) 174
(614, 467) 175
(614, 467) 176
(616, 467) 177
(618, 468) 178
(620, 468) 179
(626, 467) 180
(629, 467) 181
(628, 467) 182
(624, 468) 183
(619, 468) 184
(614, 468) 185
(610, 469) 186
(605, 469) 187
(603, 469) 188
(600, 469) 189
(597, 469) 190
(593, 469) 191
(589, 469) 192
(585, 470) 193
(580, 470) 194
(576, 470) 195
(571, 470) 196
(567, 470) 197
(564, 470) 198
(561, 470) 199
(559, 470) 200
(552, 470) 201
(550, 470) 202
(548, 470) 203
(546, 470) 204
(543, 470) 205
(541, 470) 206
(542, 471) 207
(539, 471) 208
(535, 471) 209
(533, 471) 210
(530, 471) 211
(528, 471) 212
(526, 471) 213
(524, 471) 214
(522, 471) 215
(521, 471) 216
(520, 471) 217
(518, 471) 218
(517, 471) 219
(516, 472) 220
(515, 472) 221
(515, 472) 222
(514, 472) 223
(513, 472) 224
(513, 472) 225
(511, 472) 226
(503, 471) 227
(497, 470) 228
(491, 470) 229
(485, 470) 230
(1300, 560) 185
(1300, 560) 186
(1300, 560) 187
(1300, 560) 188
(1300, 560) 189
(1300, 560) 190
(1300, 560) 191
(1300, 560) 192
(1300, 560) 193
(1300, 560) 194
(1300, 560) 195
(1300, 560) 196
(1300, 560) 197
(1300, 560) 198
(1300, 560) 199
(1300, 559) 200
(1299, 559) 201
(1299, 559) 202
(1298, 559) 203
(1298, 559) 204
(1298, 559) 205
(1298, 559) 206
(1300, 557) 207
(1301, 556) 208
(1303, 554) 209
(1304, 553) 210
(1306, 551) 211
(1306, 550) 212
(1305, 548) 213
(1304, 547) 214
(1303, 546) 215
(1302, 544) 216
(1301, 543) 217
(1302, 541) 218
(1303, 540) 219
(1303, 539) 220
(1296, 537) 221
(1289, 536) 222
(1291, 534) 223
(1290, 531) 224
(1289, 529) 225
(1288, 527) 226
(1285, 525) 227
(1283, 523) 228
(1281, 522) 229
(1280, 520) 230
(1280, 519) 231
(1279, 517) 232
(1279, 516) 233
(1278, 515) 234
(1278, 513) 235
(1282, 512) 236
(1287, 511) 237
(1291, 510) 238
(1294, 509) 239
(1298, 508) 240
(1301, 506) 241
(1303, 505) 242
(1306, 504) 243
(1308, 503) 244
(1310, 502) 245
(1312, 501) 246
(1313, 500) 247
(1319, 499) 248
(1324, 499) 249
(1329, 498) 250
(1333, 498) 251
(1336, 498) 252
(1339, 499) 253
(1341, 499) 254
(1344, 500) 255
(1349, 498) 256
(1352, 499) 257
(1358, 499) 258
(1365, 499) 259
(1375, 499) 260
(1385, 498) 261
(1395, 497) 262
(1403, 496) 263
(1412, 495) 264
(1420, 495) 265
(1427, 494) 266
(1436, 493) 267
(1435, 493) 268
(1431, 492) 269
(1422, 492) 270
(1414, 491) 271
(1407, 491) 272
(1400, 490) 273
(1394, 490) 274
(1388, 489) 275
(1383, 488) 276
(1378, 488) 277
(1374, 487) 278
(1370, 487) 279
(1366, 486) 280
(1362, 486) 281
(1354, 485) 282
(1346, 485) 283
(1338, 484) 284
(1333, 483) 285
(1325, 482) 286
(1321, 482) 287
(1318, 482) 288
(1315, 482) 289
(1313, 481) 290
(1311, 481) 291
(1309, 481) 292
(1307, 481) 293
(1305, 481) 294
(1304, 480) 295
(1303, 480) 296
(1302, 480) 297
(1302, 480) 298
(1306, 479) 299
(1311, 479) 300
(1315, 478) 301
(1318, 478) 302
(1321, 478) 303
(1323, 477) 304
(1325, 477) 305
(1327, 477) 306
(1329, 476) 307
(1337, 476) 308
(1575, 468) 221
(1578, 467) 222
(1578, 467) 223
(1572, 467) 224
(1568, 467) 225
(1563, 467) 226
(1559, 468) 227
(1556, 468) 228
(1553, 468) 229
(1544, 468) 230
(1538, 468) 231
(1529, 468) 232
(1522, 467) 233
(1518, 467) 234
(1516, 466) 235
(1516, 465) 236
(1510, 465) 237
(1500, 465) 238
(1491, 465) 239
(1489, 465) 240
(1488, 465) 241
(1487, 465) 242
(1486, 465) 243
(1485, 465) 244
(1484, 465) 245
(1484, 465) 246
(1484, 465) 247
(1488, 465) 248
(1493, 465) 249
(1499, 465) 250
(1510, 466) 251
(1523, 466) 252
(1535, 466) 253
(1545, 466) 254
(1555, 466) 255
(1564, 466) 256
(1573, 466) 257
(1582, 467) 258
(1590, 467) 259
(1599, 467) 260
(1608, 467) 261
(1615, 467) 262
(1622, 467) 263
(1628, 468) 264
(1633, 468) 265
(1638, 468) 266
(1643, 468) 267
(1647, 468) 268
(1650, 468) 269
(1659, 468) 270
(1661, 467) 271
(1663, 467) 272
(1664, 467) 273
(1664, 466) 274
(1665, 466) 275
(1665, 466) 276
(1664, 466) 277
(1665, 465) 278
(1666, 465) 279
(1666, 464) 280
(1662, 463) 281
(1662, 463) 282
(1659, 462) 283
(1657, 461) 284
(1653, 460) 285
(1649, 460) 286
(1642, 460) 287
(1640, 459) 288
(1652, 480) 334
(1652, 480) 335
(1652, 480) 336
(1647, 480) 337
(1642, 479) 338
(1638, 479) 339
(1634, 479) 340
(1631, 479) 341
(1628, 478) 342
(1625, 478) 343
(1622, 478) 344
(1620, 478) 345
(1618, 478) 346
(1616, 478) 347
(1614, 478) 348
(1613, 478) 349
(1611, 478) 350
(1610, 478) 351
(1609, 478) 352
(1608, 478) 353
(1607, 478) 354
(1606, 478) 355
(1605, 478) 356
(1605, 478) 357
(1604, 478) 358
(1603, 477) 359
(1603, 477) 360
(1602, 477) 361
(1602, 477) 362
(1601, 477) 363
(1600, 477) 364
(1599, 477) 365
(1600, 476) 366
(1601, 475) 367
(1601, 474) 368
(1601, 473) 369
(1602, 472) 370
(1602, 471) 371
(1602, 469) 372
(1602, 468) 373
(1597, 468) 374
(1592, 467) 375
(1580, 467) 376
(1568, 467) 377
(1555, 467) 378
(1541, 467) 379
(1529, 467) 380
(1518, 468) 381
(1508, 468) 382
(1499, 468) 383
(1491, 468) 384
(1484, 468) 385
(1478, 468) 386
(1472, 468) 387
(1467, 468) 388
(1462, 468) 389
(1458, 468) 390
(1454, 468) 391
(1451, 470) 392
(1448, 471) 393
(1446, 472) 394
(1444, 474) 395
(1442, 475) 396
(1440, 476) 397
(1438, 477) 398
(1437, 478) 399
(1436, 480) 400
(1434, 481) 401
(1433, 482) 402
(1432, 483) 403
(1432, 484) 404
(1431, 485) 405
(1430, 486) 406
(1430, 487) 407
(1429, 488) 408
(1429, 487) 409
(1430, 487) 410
(1430, 486) 411
(1429, 486) 412
(1428, 485) 413
(1428, 485) 414
(1427, 485) 415
(1428, 485) 416
(1428, 484) 417
(1428, 484) 418
(1428, 484) 419
(1433, 485) 420
(1438, 486) 421
(1441, 487) 422
(1446, 489) 423
(1450, 491) 424
(1454, 492) 425
(1455, 493) 426
(1459, 495) 427
(1464, 497) 428
(1469, 498) 429
(1474, 500) 430
(1477, 502) 431
(1479, 504) 432
(1481, 506) 433
(1483, 508) 434
(858, 485) 364
(860, 485) 365
(864, 486) 366
(870, 487) 367
(876, 488) 368
(880, 488) 369
(880, 488) 370
(883, 489) 371
(887, 489) 372
(890, 489) 373
(893, 489) 374
(895, 490) 375
(897, 490) 376
(899, 490) 377
(900, 491) 378
(904, 490) 379
(904, 490) 380
(904, 489) 381
(905, 489) 382
(905, 489) 383
(905, 488) 384
(904, 488) 385
(903, 487) 386
(902, 487) 387
(901, 486) 388
(900, 486) 389
(899, 485) 390
(898, 485) 391
(898, 485) 392
(897, 484) 393
(897, 484) 394
(897, 483) 395
(898, 483) 396
(908, 482) 397
(917, 482) 398
(924, 482) 399
(927, 481) 400
(930, 481) 401
(932, 480) 402
(936, 480) 403
(939, 480) 404
(941, 479) 405
(942, 479) 406
(944, 479) 407
(945, 478) 408
(945, 478) 409
(944, 478) 410
(941, 477) 411
(938, 477) 412
(939, 477) 413
(938, 476) 414
(936, 476) 415
(930, 477) 416
(930, 477) 417
(930, 477) 418
(931, 477) 419
(935, 477) 420
(936, 477) 421
(941, 477) 422
(945, 477) 423
(949, 477) 424
(952, 477) 425
(956, 477) 426
(959, 477) 427
(963, 478) 428
(966, 478) 429
(970, 478) 430
(968, 479) 431
(969, 479) 432
(967, 479) 433
(966, 480) 434
(965, 480) 435
(966, 479) 436
(965, 479) 437
(965, 478) 438
(966, 478) 439
(967, 477) 440
(969, 477) 441
(970, 477) 442
(971, 476) 443
(972, 476) 444
(975, 476) 445
(978, 476) 446
(980, 475) 447
(982, 475) 448
(984, 475) 449
(986, 475) 450
(987, 475) 451
(989, 475) 452
(990, 474) 453
(991, 474) 454
(991, 474) 455
(992, 474) 456
(993, 474) 457
(993, 474) 458
(994, 474) 459
(995, 473) 460
(995, 473) 461
(993, 473) 462
(993, 473) 463
(993, 473) 464
(995, 473) 465
(994, 473) 466
(994, 473) 467
(994, 473) 468
(995, 473) 469
(995, 473) 470
(995, 472) 471
(992, 472) 472
(991, 471) 473
(990, 471) 474
(988, 471) 475
(987, 470) 476
(986, 470) 477
(985, 470) 478
(984, 469) 479
(979, 469) 480
(979, 469) 481
(978, 469) 482
(977, 468) 483
(974, 468) 484
(974, 468) 485
(974, 467) 486
(975, 467) 487
(976, 467) 488
(979, 467) 489
(980, 467) 490
(981, 466) 491
(982, 466) 492
(980, 465) 493
(973, 465) 494
(975, 465) 495
(978, 465) 496
(980, 465) 497
(983, 465) 498
(985, 465) 499
(987, 465) 500
(988, 465) 501
(990, 465) 502
(991, 465) 503
(991, 465) 504
(992, 465) 505
(992, 465) 506
(990, 465) 507
(988, 465) 508
(987, 465) 509
(985, 465) 510
(985, 465) 511
(984, 465) 512
(984, 465) 513
(983, 464) 514
(982, 464) 515
(981, 464) 516
(981, 464) 517
(983, 464) 518
(985, 464) 519
(987, 464) 520
(987, 464) 521
(986, 464) 522
(979, 464) 523
(972, 464) 524
(966, 464) 525
(961, 464) 526
(954, 464) 527
(949, 464) 528
(941, 465) 529
(937, 465) 530
(941, 464) 531
(947, 464) 532
(953, 465) 533
(952, 464) 534
(951, 464) 535
(951, 464) 536
(951, 464) 537
(949, 464) 538
(946, 464) 539
(944, 464) 540
(944, 464) 541
(941, 464) 542
(938, 463) 543
(935, 463) 544
(935, 463) 545
(933, 463) 546
(930, 463) 547
(927, 463) 548
(924, 463) 549
(924, 463) 550
(927, 463) 551
(935, 463) 552
(941, 463) 553
(947, 463) 554
(953, 463) 555
(958, 463) 556
(962, 464) 557
(966, 464) 558
(969, 464) 559
(973, 464) 560
(976, 464) 561
(978, 464) 562
(978, 464) 563
(977, 464) 564
(977, 464) 565
(979, 464) 566
(978, 464) 567
(978, 464) 568
(977, 464) 569
(970, 464) 570
(970, 464) 571
(971, 464) 572
(974, 464) 573
(977, 464) 574
(980, 464) 575
(983, 464) 576
(985, 464) 577
(987, 465) 578
(989, 465) 579
(991, 465) 580
(992, 465) 581
(994, 465) 582
(995, 465) 583
(996, 465) 584
(997, 465) 585
(999, 466) 586
(1000, 466) 587
(1000, 465) 588
(1000, 465) 589
(1001, 466) 590
(1002, 466) 591
(1002, 466) 592
(995, 466) 593
(988, 465) 594
(988, 465) 595
(987, 465) 596
(987, 465) 597
(987, 465) 598
(986, 465) 599
(981, 465) 600
(984, 465) 601
(987, 465) 602
(989, 466) 603
(991, 466) 604
(991, 466) 605
(993, 466) 606
(995, 466) 607
(995, 466) 608
(996, 466) 609
(993, 466) 610
(991, 466) 611
(990, 466) 612
(990, 466) 613
(990, 465) 614
(993, 465) 615
(996, 465) 616
(1000, 465) 617
(1003, 465) 618
(1005, 465) 619
(1009, 465) 620
(1011, 465) 621
(1013, 465) 622
(1015, 465) 623
(1017, 466) 624
(1019, 466) 625
(1021, 466) 626
(1023, 466) 627
(1024, 466) 628
(1026, 466) 629
(1028, 466) 630
(1028, 466) 631
(1027, 466) 632
(1028, 466) 633
(1029, 466) 634
(1031, 467) 635
(1030, 467) 636
(1029, 467) 637
(1030, 467) 638
(1032, 467) 639
(1038, 467) 640
(1038, 466) 641
(1037, 467) 642
(1041, 467) 643
(1042, 467) 644
(1041, 467) 645
(1037, 467) 646
(1032, 467) 647
(1027, 466) 648
(1023, 466) 649
(1023, 467) 650
(1027, 467) 651
(1030, 467) 652
(1033, 467) 653
(1036, 467) 654
(1041, 467) 655
(1040, 467) 656
(1035, 466) 657
(1033, 466) 658
(1030, 466) 659
(1023, 466) 660
(1017, 466) 661
(1011, 466) 662
(1005, 466) 663
(1004, 466) 664
(1001, 466) 665
(1000, 467) 666
(996, 467) 667
(992, 467) 668
(989, 467) 669
(986, 467) 670
(987, 468) 671
(987, 468) 672
(984, 468) 673
(982, 468) 674
(982, 469) 675
(981, 469) 676
(981, 469) 677
(978, 469) 678
(976, 469) 679
(973, 469) 680
(971, 470) 681
(969, 470) 682
(968, 470) 683
(967, 470) 684
(966, 470) 685
(969, 469) 686
(972, 469) 687
(974, 469) 688
(977, 469) 689
(975, 469) 690
(973, 469) 691
(973, 469) 692
(979, 469) 693
(986, 469) 694
(991, 469) 695
(996, 468) 696
(996, 468) 697
(997, 468) 698
(994, 468) 699
(991, 468) 700
(988, 468) 701
(986, 468) 702
(984, 468) 703
(982, 468) 704
(980, 468) 705
(979, 468) 706
(977, 468) 707
(974, 468) 708
(972, 467) 709
(970, 467) 710
(967, 467) 711
(966, 467) 712
(970, 466) 713
(975, 466) 714
(972, 466) 715
(969, 466) 716
(966, 466) 717
(965, 465) 718
(968, 465) 719
(973, 465) 720
(978, 465) 721
(981, 465) 722
(985, 465) 723
(988, 464) 724
(991, 464) 725
(994, 464) 726
(996, 464) 727
(993, 464) 728
(983, 464) 729
(973, 464) 730
(966, 464) 731
(960, 465) 732
(952, 465) 733
(945, 465) 734
(941, 465) 735
(939, 465) 736
(935, 464) 737
(936, 464) 738
(936, 464) 739
(933, 464) 740
(932, 464) 741
(933, 464) 742
(934, 464) 743
(935, 464) 744
(933, 464) 745
(929, 464) 746
(927, 464) 747
(929, 463) 748
(928, 463) 749
(929, 463) 750
(926, 463) 751
(926, 462) 752
(922, 462) 753
(917, 462) 754
(915, 462) 755
(911, 462) 756
(913, 461) 757
(913, 461) 758
(913, 461) 759
(913, 461) 760
(913, 461) 761
(912, 460) 762
(908, 460) 763
(904, 460) 764
(905, 460) 765
(903, 460) 766
(900, 460) 767
(896, 460) 768
(893, 460) 769
(893, 460) 770
(894, 460) 771
(898, 460) 772
(902, 460) 773
(906, 460) 774
(909, 460) 775
(911, 460) 776
(913, 460) 777
(915, 460) 778
(916, 460) 779
(918, 460) 780
(919, 460) 781
(917, 460) 782
(915, 459) 783
(913, 459) 784
(913, 459) 785
(915, 459) 786
(913, 459) 787
(911, 459) 788
(910, 459) 789
(908, 459) 790
(907, 459) 791
(906, 459) 792
(906, 458) 793
(905, 458) 794
(909, 458) 795
(912, 458) 796
(910, 458) 797
(908, 458) 798
(909, 458) 799
(908, 458) 800
(907, 458) 801
(906, 458) 802
(905, 459) 803
(905, 459) 804
(904, 459) 805
(903, 459) 806
(901, 459) 807
(901, 459) 808
(900, 459) 809
(896, 459) 810
(892, 459) 811
(893, 459) 812
(894, 459) 813
(894, 459) 814
(895, 459) 815
(898, 459) 816
(901, 459) 817
(904, 459) 818
(906, 459) 819
(908, 458) 820
(910, 458) 821
(912, 458) 822
(914, 458) 823
(916, 458) 824
(917, 458) 825
(918, 458) 826
(919, 458) 827
(920, 458) 828
(921, 458) 829
(922, 458) 830
(922, 458) 831
(923, 458) 832
(923, 458) 833
(924, 458) 834
(924, 458) 835
(925, 458) 836
(926, 457) 837
(926, 457) 838
(926, 457) 839
(926, 457) 840
(926, 457) 841
(926, 457) 842
(926, 457) 843
(926, 457) 844
(926, 456) 845
(925, 456) 846
(926, 456) 847
(926, 456) 848
(926, 456) 849
(926, 456) 850
(925, 456) 851
(925, 456) 852
(925, 456) 853
(926, 456) 854
(926, 456) 855
(926, 456) 856
(925, 456) 857
(924, 456) 858
(922, 456) 859
(921, 456) 860
(920, 456) 861
(919, 456) 862
(918, 457) 863
(917, 457) 864
(916, 456) 865
(915, 456) 866
(914, 456) 867
(914, 456) 868
(915, 456) 869
(916, 456) 870
(916, 456) 871
(917, 456) 872
(916, 456) 873
(916, 456) 874
(917, 456) 875
(917, 456) 876
(917, 456) 877
(917, 456) 878
(917, 456) 879
(917, 456) 880
(917, 457) 881
(917, 457) 882
(918, 457) 883
(917, 457) 884
(917, 457) 885
(917, 457) 886
(917, 457) 887
(924, 457) 888
(932, 457) 889
(939, 457) 890
(945, 458) 891
(951, 458) 892
(954, 458) 893
(956, 458) 894
(963, 458) 895
(964, 458) 896
(967, 458) 897
(971, 458) 898
(973, 459) 899
(972, 459) 900
(971, 459) 901
(969, 459) 902
(967, 459) 903
(965, 460) 904
(962, 460) 905
(960, 460) 906
(958, 461) 907
(948, 462) 908
(939, 462) 909
(938, 463) 910
(936, 464) 911
(934, 465) 912
(932, 466) 913
(930, 467) 914
(927, 467) 915
(925, 468) 916
(923, 469) 917
(921, 470) 918
(918, 471) 919
(915, 472) 920
(911, 472) 921
(903, 473) 922
(902, 474) 923
(901, 474) 924
(898, 474) 925
(896, 474) 926
(895, 474) 927
(894, 474) 928
(893, 474) 929
(891, 474) 930
(888, 474) 931
(883, 475) 932
(880, 475) 933
(876, 475) 934
(871, 475) 935
(867, 476) 936
(863, 476) 937
(859, 476) 938
(857, 477) 939
(855, 477) 940
(854, 478) 941
(855, 478) 942
(855, 479) 943
(855, 479) 944
(855, 480) 945
(855, 481) 946
(855, 481) 947
(855, 482) 948
(854, 482) 949
(854, 483) 950
(854, 483) 951
(853, 484) 952
(853, 484) 953
(852, 485) 954
(852, 485) 955
(852, 486) 956
(851, 486) 957
(851, 487) 958
(851, 487) 959
(851, 488) 960
(851, 488) 961
(850, 489) 962
(850, 489) 963
(850, 489) 964
(850, 490) 965
(850, 490) 966
(850, 491) 967
(850, 491) 968
(850, 491) 969
(850, 492) 970
(851, 492) 971
(853, 492) 972
(859, 491) 973
(864, 490) 974
(869, 490) 975
(873, 489) 976
(877, 488) 977
(881, 487) 978
(879, 488) 979
(873, 487) 980
(868, 487) 981
(866, 486) 982
(864, 486) 983
(858, 485) 984
(852, 485) 985
(842, 484) 986
(838, 484) 987
(835, 483) 988
(832, 483) 989
(832, 482) 990
(832, 482) 991
(840, 481) 992
(848, 481) 993
(856, 480) 994
(864, 480) 995
(870, 479) 996
(876, 479) 997
(881, 478) 998
(886, 478) 999
(890, 477) 1000
(893, 477) 1001
(896, 476) 1002
(899, 476) 1003
(901, 476) 1004
(904, 475) 1005
(906, 475) 1006
(907, 474) 1007
(909, 474) 1008
(910, 474) 1009
(912, 473) 1010
(913, 473) 1011
(915, 472) 1012
(916, 472) 1013
(917, 472) 1014
(918, 471) 1015
(919, 471) 1016
(919, 471) 1017
(920, 470) 1018
(920, 470) 1019
(921, 470) 1020
(922, 469) 1021
(500, 500) 416
(500, 500) 417
(500, 500) 418
(501, 499) 419
(500, 499) 420
(499, 498) 421
(496, 498) 422
(498, 497) 423
(501, 495) 424
(499, 495) 425
(496, 495) 426
(493, 494) 427
(495, 493) 428
(496, 492) 429
(497, 491) 430
(498, 489) 431
(498, 488) 432
(498, 487) 433
(498, 486) 434
(498, 486) 435
(498, 485) 436
(497, 484) 437
(497, 484) 438
(497, 483) 439
(497, 482) 440
(497, 482) 441
(496, 481) 442
(496, 480) 443
(496, 480) 444
(494, 480) 445
(492, 480) 446
(491, 480) 447
(489, 479) 448
(488, 479) 449
(487, 479) 450
(486, 479) 451
(485, 479) 452
(484, 479) 453
(483, 479) 454
(483, 479) 455
(482, 479) 456
(482, 479) 457
(482, 479) 458
(484, 478) 459
(488, 478) 460
(492, 478) 461
(495, 478) 462
(498, 477) 463
(504, 477) 464
(511, 477) 465
(516, 476) 466
(521, 476) 467
(525, 476) 468
(529, 476) 469
(533, 475) 470
(536, 475) 471
(539, 475) 472
(542, 475) 473
(544, 474) 474
(546, 474) 475
(548, 474) 476
(550, 474) 477
(552, 474) 478
(551, 473) 479
(550, 474) 480
(546, 474) 481
(544, 474) 482
(536, 474) 483
(530, 474) 484
(524, 474) 485
(519, 473) 486
(514, 473) 487
(509, 473) 488
(505, 472) 489
(502, 472) 490
(500, 472) 491
(498, 472) 492
(496, 472) 493
(495, 472) 494
(494, 472) 495
(494, 472) 496
(493, 472) 497
(492, 471) 498
(491, 471) 499
(491, 471) 500
(490, 471) 501
(490, 471) 502
(491, 471) 503
(491, 471) 504
(492, 471) 505
(492, 471) 506
(493, 471) 507
(494, 471) 508
(493, 471) 509
(493, 471) 510
(493, 471) 511
(493, 471) 512
(495, 472) 513
(503, 466) 636
(503, 465) 637
(502, 465) 638
(500, 465) 639
(493, 465) 640
(487, 464) 641
(487, 464) 642
(487, 464) 643
(487, 463) 644
(487, 464) 645
(487, 464) 646
(486, 464) 647
(484, 464) 648
(484, 464) 649
(483, 464) 650
(479, 464) 651
(482, 464) 652
(484, 464) 653
(486, 464) 654
(491, 465) 655
(492, 465) 656
(494, 465) 657
(499, 465) 658
(502, 465) 659
(505, 465) 660
(510, 465) 661
(514, 465) 662
(514, 465) 663
(514, 464) 664
(515, 464) 665
(516, 463) 666
(516, 463) 667
(517, 462) 668
(518, 462) 669
(519, 461) 670
(520, 461) 671
(520, 461) 672
(521, 460) 673
(523, 460) 674
(527, 460) 675
(531, 459) 676
(535, 459) 677
(539, 459) 678
(541, 458) 679
(543, 458) 680
(546, 458) 681
(548, 457) 682
(549, 457) 683
(549, 457) 684
(549, 456) 685
(550, 456) 686
(551, 456) 687
(551, 456) 688
(552, 456) 689
(548, 456) 690
(544, 456) 691
(541, 456) 692
(538, 457) 693
(536, 457) 694
(533, 457) 695
(531, 458) 696
(528, 458) 697
(526, 459) 698
(524, 459) 699
(523, 459) 700
(523, 460) 701
(526, 460) 702
(526, 460) 703
(524, 460) 704
(523, 461) 705
(522, 461) 706
(522, 461) 707
(521, 461) 708
(521, 461) 709
(522, 461) 710
(522, 461) 711
(521, 461) 712
(520, 461) 713
(520, 461) 714
(519, 461) 715
(519, 461) 716
(518, 462) 717
(517, 462) 718
(517, 462) 719
(516, 462) 720
(511, 462) 721
(506, 463) 722
(501, 463) 723
(498, 463) 724
(494, 463) 725
(492, 464) 726
(490, 464) 727
(490, 464) 728
(490, 464) 729
(491, 464) 730
(498, 464) 731
(502, 464) 732
(506, 464) 733
(509, 465) 734
(511, 465) 735
(513, 465) 736
(517, 465) 737
(523, 465) 738
(529, 465) 739
(529, 465) 740
(529, 465) 741
(529, 465) 742
(528, 465) 743
(530, 465) 744
(532, 465) 745
(533, 465) 746
(537, 464) 747
(1222, 464) 722
(1222, 464) 723
(1222, 464) 724
(1221, 464) 725
(1220, 464) 726
(1219, 464) 727
(1218, 464) 728
(1217, 464) 729
(1219, 464) 730
(1219, 464) 731
(1221, 464) 732
(1220, 463) 733
(1220, 463) 734
(1220, 463) 735
(1220, 463) 736
(1223, 463) 737
(1225, 463) 738
(1228, 463) 739
(1233, 463) 740
(1235, 463) 741
(1236, 463) 742
(1239, 463) 743
(1242, 463) 744
(1247, 464) 745
(1252, 464) 746
(1255, 464) 747
(1257, 464) 748
(1259, 464) 749
(1262, 464) 750
(1264, 464) 751
(1266, 464) 752
(1269, 464) 753
(1271, 464) 754
(1273, 464) 755
(1274, 464) 756
(1276, 464) 757
(1277, 464) 758
(1278, 465) 759
(1282, 464) 760
(1286, 464) 761
(1289, 465) 762
(1291, 465) 763
(1295, 465) 764
(1299, 465) 765
(1303, 465) 766
(1306, 465) 767
(1310, 465) 768
(1314, 465) 769
(1318, 465) 770
(1322, 465) 771
(1326, 465) 772
(1329, 465) 773
(1332, 466) 774
(1335, 466) 775
(1337, 466) 776
(1339, 467) 777
(1340, 467) 778
(1342, 467) 779
(1345, 467) 780
(1349, 467) 781
(1352, 467) 782
(1352, 467) 783
(1352, 467) 784
(1354, 467) 785
(1357, 467) 786
(1361, 467) 787
(1363, 467) 788
(1366, 467) 789
(1368, 467) 790
(1370, 467) 791
(1370, 467) 792
(1371, 467) 793
(1371, 467) 794
(1371, 467) 795
(1372, 467) 796
(1372, 467) 797
(1372, 467) 798
(1372, 467) 799
(1377, 467) 800
(1381, 467) 801
(1386, 467) 802
(684, 497) 970
(684, 497) 971
(684, 497) 972
(684, 497) 973
(688, 497) 974
(692, 496) 975
(696, 496) 976
(699, 495) 977
(702, 495) 978
(704, 494) 979
(707, 494) 980
(709, 493) 981
(711, 493) 982
(713, 492) 983
(714, 492) 984
(715, 491) 985
(717, 491) 986
(718, 491) 987
(719, 490) 988
(720, 490) 989
(721, 489) 990
(721, 489) 991
(722, 489) 992
(723, 488) 993
(723, 488) 994
(732, 488) 995
(740, 488) 996
(747, 488) 997
(748, 488) 998
(749, 488) 999
(750, 488) 1000
(750, 488) 1001
(751, 489) 1002
(752, 489) 1003
(755, 489) 1004
(759, 489) 1005
(762, 489) 1006
(765, 489) 1007
(768, 488) 1008
(770, 488) 1009
(772, 488) 1010
(774, 488) 1011
(776, 488) 1012
(777, 488) 1013
(779, 488) 1014
(784, 488) 1015
(785, 488) 1016
(786, 488) 1017
(786, 488) 1018
(787, 488) 1019
(782, 487) 1020
(777, 487) 1021
(778, 487) 1022
(774, 487) 1023
(769, 487) 1024
(767, 487) 1025
(769, 487) 1026
(777, 487) 1027
(784, 487) 1028
(790, 487) 1029
(796, 486) 1030
(796, 486) 1031
(796, 485) 1032
(792, 485) 1033
(792, 485) 1034
(787, 485) 1035
(789, 484) 1036
(790, 484) 1037
(792, 483) 1038
(794, 483) 1039
(794, 482) 1040
(794, 482) 1041
(793, 481) 1042
(792, 481) 1043
(791, 481) 1044
(791, 480) 1045
(790, 480) 1046
(790, 480) 1047
(789, 479) 1048
(788, 479) 1049
(784, 479) 1050
(779, 479) 1051
(776, 479) 1052
(777, 479) 1053
(931, 455) 1042
(931, 455) 1043
(931, 455) 1044
(931, 455) 1045
(931, 455) 1046
(931, 455) 1047
(931, 455) 1048
(931, 455) 1049
(931, 455) 1050
(931, 455) 1051
(931, 455) 1052
(931, 455) 1053
(930, 455) 1054
(930, 455) 1055
(929, 455) 1056
(929, 455) 1057
(929, 455) 1058
(930, 455) 1059
(930, 455) 1060
(931, 455) 1061
(932, 455) 1062
(933, 455) 1063
(934, 455) 1064
(934, 455) 1065
(935, 455) 1066
(936, 455) 1067
(936, 455) 1068
(937, 455) 1069
(937, 455) 1070
(938, 455) 1071
(939, 454) 1072
(939, 454) 1073
(940, 454) 1074
(941, 454) 1075
(941, 454) 1076
(942, 454) 1077
(942, 454) 1078
(942, 454) 1079
(943, 454) 1080
(943, 454) 1081
(944, 454) 1082
(944, 454) 1083
(944, 454) 1084
(944, 454) 1085
(943, 454) 1086
(943, 454) 1087
(943, 454) 1088
(943, 454) 1089
(946, 454) 1090
(949, 454) 1091
(949, 454) 1092
(948, 454) 1093
(948, 453) 1094
(948, 453) 1095
(948, 453) 1096
(947, 454) 1097
(947, 454) 1098
(947, 454) 1099
(947, 454) 1100
(947, 454) 1101
(947, 454) 1102
(946, 454) 1103
(946, 454) 1104
(947, 454) 1105
(947, 454) 1106
(947, 454) 1107
(947, 454) 1108
(947, 454) 1109
(947, 455) 1110
(947, 455) 1111
(947, 455) 1112
(947, 455) 1113
(947, 455) 1114
(946, 455) 1115
(946, 455) 1116
(946, 455) 1117
(953, 455) 1118
(952, 455) 1119
(951, 455) 1120
(955, 455) 1121
(962, 455) 1122
(969, 455) 1123
(967, 455) 1124
(965, 455) 1125
(963, 455) 1126
(962, 455) 1127
(961, 455) 1128
(960, 455) 1129
(959, 455) 1130
(958, 455) 1131
(958, 455) 1132
(957, 455) 1133
(957, 455) 1134
(957, 454) 1135
(956, 454) 1136
(956, 454) 1137
(956, 454) 1138
(956, 454) 1139
(956, 454) 1140
(956, 454) 1141
(956, 454) 1142
(956, 454) 1143
(957, 454) 1144
(957, 454) 1145
(957, 454) 1146
(957, 454) 1147
(957, 454) 1148
(957, 455) 1149
(957, 455) 1150
(958, 455) 1151
(958, 455) 1152
(958, 455) 1153
(958, 455) 1154
(958, 455) 1155
(959, 455) 1156
(959, 455) 1157
(960, 455) 1158
(960, 455) 1159
(960, 455) 1160
(960, 455) 1161
(961, 455) 1162
(961, 455) 1163
(961, 455) 1164
(962, 455) 1165
(962, 455) 1166
(963, 455) 1167
(964, 455) 1168
(964, 455) 1169
(964, 455) 1170
(964, 455) 1171
(965, 455) 1172
(965, 456) 1173
(965, 456) 1174
(966, 455) 1175
(967, 455) 1176
(974, 455) 1177
(980, 455) 1178
(986, 455) 1179
(991, 455) 1180
(989, 455) 1181
(988, 455) 1182
(986, 455) 1183
(985, 455) 1184
(984, 456) 1185
(983, 456) 1186
(983, 456) 1187
(979, 456) 1188
(976, 457) 1189
(976, 457) 1190
(976, 457) 1191
(976, 457) 1192
(976, 457) 1193
(976, 457) 1194
(976, 457) 1195
(976, 457) 1196
(976, 457) 1197
(976, 457) 1198
(975, 457) 1199
(975, 458) 1200
(972, 458) 1201
(972, 458) 1202
(971, 458) 1203
(972, 458) 1204
(972, 458) 1205
(973, 458) 1206
(974, 458) 1207
(975, 458) 1208
(975, 458) 1209
(976, 458) 1210
(976, 458) 1211
(977, 458) 1212
(978, 458) 1213
(979, 458) 1214
(979, 458) 1215
(979, 458) 1216
(980, 458) 1217
(980, 458) 1218
(980, 458) 1219
(981, 458) 1220
(981, 457) 1221
(981, 457) 1222
(981, 457) 1223
(981, 457) 1224
(980, 457) 1225
(980, 457) 1226
(980, 457) 1227
(979, 457) 1228
(980, 457) 1229
(980, 457) 1230
(980, 457) 1231
(979, 457) 1232
(979, 457) 1233
(973, 457) 1234
(974, 457) 1235
(975, 457) 1236
(976, 457) 1237
(976, 456) 1238
(977, 456) 1239
(978, 456) 1240
(978, 456) 1241
(978, 456) 1242
(979, 456) 1243
(979, 456) 1244
(979, 456) 1245
(979, 456) 1246
(979, 456) 1247
(980, 456) 1248
(980, 456) 1249
(980, 456) 1250
(981, 456) 1251
(981, 456) 1252
(981, 456) 1253
(982, 456) 1254
(982, 455) 1255
(982, 455) 1256
(983, 455) 1257
(983, 455) 1258
(984, 455) 1259
(984, 455) 1260
(984, 455) 1261
(985, 455) 1262
(985, 455) 1263
(985, 455) 1264
(986, 455) 1265
(986, 455) 1266
(986, 456) 1267
(987, 456) 1268
(987, 456) 1269
(987, 456) 1270
(987, 456) 1271
(987, 456) 1272
(987, 456) 1273
(988, 456) 1274
(988, 456) 1275
(988, 456) 1276
(989, 456) 1277
(989, 456) 1278
(989, 456) 1279
(990, 456) 1280
(990, 456) 1281
(990, 456) 1282
(991, 457) 1283
(991, 457) 1284
(993, 457) 1285
(995, 458) 1286
(995, 458) 1287
(993, 459) 1288
(991, 460) 1289
(990, 460) 1290
(988, 461) 1291
(988, 462) 1292
(989, 462) 1293
(991, 462) 1294
(989, 463) 1295
(988, 464) 1296
(988, 464) 1297
(989, 464) 1298
(990, 464) 1299
(991, 464) 1300
(990, 463) 1301
(994, 463) 1302
(995, 463) 1303
(996, 464) 1304
(997, 464) 1305
(1001, 464) 1306
(1004, 464) 1307
(1007, 464) 1308
(1009, 464) 1309
(1007, 463) 1310
(1005, 463) 1311
(1004, 463) 1312
(1005, 463) 1313
(1006, 463) 1314
(1006, 462) 1315
(1010, 462) 1316
(1010, 462) 1317
(1010, 462) 1318
(1010, 462) 1319
(1010, 462) 1320
(1011, 462) 1321
(1010, 461) 1322
(1010, 461) 1323
(1010, 461) 1324
(1010, 461) 1325
(1010, 461) 1326
(1010, 460) 1327
(1010, 460) 1328
(1010, 460) 1329
(1011, 460) 1330
(1011, 460) 1331
(1012, 460) 1332
(1012, 460) 1333
(1013, 460) 1334
(1013, 460) 1335
(1011, 460) 1336
(1012, 460) 1337
(1012, 459) 1338
(1013, 459) 1339
(1013, 459) 1340
(1013, 459) 1341
(1013, 459) 1342
(1013, 459) 1343
(1013, 459) 1344
(1012, 460) 1345
(1012, 460) 1346
(1012, 460) 1347
(1012, 461) 1348
(1013, 461) 1349
(1014, 462) 1350
(1016, 462) 1351
(1017, 463) 1352
(1017, 463) 1353
(1018, 463) 1354
(1019, 463) 1355
(1019, 464) 1356
(1020, 464) 1357
(1021, 465) 1358
(1021, 465) 1359
(1021, 465) 1360
(1020, 464) 1361
(1019, 464) 1362
(1020, 464) 1363
(1020, 464) 1364
(1020, 464) 1365
(1021, 464) 1366
(1021, 463) 1367
(1021, 463) 1368
(1021, 463) 1369
(1021, 463) 1370
(1021, 463) 1371
(1021, 463) 1372
(1021, 463) 1373
(1020, 463) 1374
(1020, 463) 1375
(1019, 463) 1376
(1019, 463) 1377
(1017, 462) 1378
(1016, 462) 1379
(1015, 461) 1380
(1014, 461) 1381
(1014, 460) 1382
(1014, 460) 1383
(1014, 460) 1384
(1014, 460) 1385
(1013, 460) 1386
(1013, 460) 1387
(1012, 460) 1388
(1012, 460) 1389
(1012, 460) 1390
(1012, 460) 1391
(1012, 460) 1392
(1012, 460) 1393
(1012, 460) 1394
(1012, 460) 1395
(1012, 460) 1396
(1011, 460) 1397
(1011, 460) 1398
(1011, 460) 1399
(1011, 459) 1400
(1011, 459) 1401
(1011, 459) 1402
(1010, 459) 1403
(1010, 459) 1404
(1010, 459) 1405
(1009, 459) 1406
(1009, 459) 1407
(1009, 459) 1408
(1009, 459) 1409
(1008, 459) 1410
(1008, 459) 1411
(1008, 459) 1412
(1008, 459) 1413
(1008, 459) 1414
(1007, 459) 1415
(1007, 459) 1416
(1006, 459) 1417
(1006, 459) 1418
(1006, 459) 1419
(1006, 459) 1420
(1006, 459) 1421
(1006, 459) 1422
(1005, 459) 1423
(1005, 459) 1424
(1006, 458) 1425
(1006, 458) 1426
(1006, 458) 1427
(1006, 458) 1428
(1006, 458) 1429
(1006, 458) 1430
(1006, 458) 1431
(1006, 458) 1432
(1006, 458) 1433
(1006, 458) 1434
(1006, 458) 1435
(1006, 458) 1436
(1006, 458) 1437
(1007, 458) 1438
(1007, 458) 1439
(1007, 458) 1440
(1007, 458) 1441
(1007, 458) 1442
(1007, 458) 1443
(1006, 458) 1444
(1006, 458) 1445
(1006, 458) 1446
(1005, 457) 1447
(1005, 457) 1448
(1004, 457) 1449
(1004, 457) 1450
(1003, 457) 1451
(1003, 457) 1452
(1002, 458) 1453
(1002, 458) 1454
(1002, 458) 1455
(1002, 458) 1456
(1002, 458) 1457
(1002, 458) 1458
(1002, 458) 1459
(1002, 458) 1460
(1002, 458) 1461
(1002, 458) 1462
(1002, 458) 1463
(1002, 458) 1464
(1002, 458) 1465
(1002, 458) 1466
(1002, 458) 1467
(1002, 458) 1468
(1003, 458) 1469
(1003, 458) 1470
(1003, 458) 1471
(1003, 458) 1472
(1003, 458) 1473
(1003, 458) 1474
(1003, 458) 1475
(1004, 458) 1476
(1006, 458) 1477
(1009, 458) 1478
(1006, 458) 1479
(1006, 458) 1480
(1006, 458) 1481
(1006, 458) 1482
(1006, 458) 1483
(1006, 458) 1484
(1006, 458) 1485
(1006, 458) 1486
(1005, 458) 1487
(1005, 458) 1488
(1005, 458) 1489
(1004, 458) 1490
(1004, 458) 1491
(1004, 458) 1492
(1003, 458) 1493
(1003, 458) 1494
(1003, 458) 1495
(1003, 458) 1496
(1002, 458) 1497
(1002, 458) 1498
(1004, 458) 1499
(1004, 458) 1500
(1004, 458) 1501
(1004, 458) 1502
(1003, 458) 1503
(1003, 458) 1504
(1003, 458) 1505
(1002, 459) 1506
(1006, 460) 1507
(1004, 462) 1508
(1004, 462) 1509
(1004, 461) 1510
(1004, 461) 1511
(1004, 461) 1512
(1004, 461) 1513
(1004, 461) 1514
(1004, 461) 1515
(1004, 461) 1516
(1003, 461) 1517
(1003, 461) 1518
(1003, 461) 1519
(1003, 461) 1520
(1003, 461) 1521
(1003, 461) 1522
(1003, 461) 1523
(1004, 461) 1524
(1002, 461) 1525
(1002, 461) 1526
(1001, 461) 1527
(1002, 461) 1528
(1003, 461) 1529
(1004, 461) 1530
(1003, 461) 1531
(1003, 461) 1532
(1003, 461) 1533
(1004, 461) 1534
(1003, 461) 1535
(1003, 461) 1536
(1003, 461) 1537
(1003, 461) 1538
(1002, 461) 1539
(1002, 461) 1540
(1001, 461) 1541
(998, 461) 1542
(998, 461) 1543
(998, 461) 1544
(998, 461) 1545
(997, 461) 1546
(997, 461) 1547
(997, 461) 1548
(997, 460) 1549
(997, 460) 1550
(997, 460) 1551
(997, 460) 1552
(997, 460) 1553
(998, 460) 1554
(998, 460) 1555
(999, 460) 1556
(999, 460) 1557
(999, 460) 1558
(1000, 460) 1559
(1000, 460) 1560
(1001, 460) 1561
(1001, 460) 1562
(1002, 460) 1563
(1002, 460) 1564
(1003, 460) 1565
(1004, 460) 1566
(1005, 460) 1567
(1006, 460) 1568
(1006, 460) 1569
(1007, 460) 1570
(1007, 460) 1571
(1007, 460) 1572
(1008, 460) 1573
(1008, 460) 1574
(1008, 460) 1575
(1008, 460) 1576
(1008, 460) 1577
(1008, 460) 1578
(1008, 460) 1579
(1008, 460) 1580
(1007, 460) 1581
(1007, 460) 1582
(1007, 460) 1583
(1007, 460) 1584
(1007, 460) 1585
(1006, 459) 1586
(1005, 459) 1587
(1005, 459) 1588
(1004, 459) 1589
(1004, 459) 1590
(1003, 459) 1591
(1003, 459) 1592
(1002, 459) 1593
(1001, 459) 1594
(1001, 459) 1595
(1001, 459) 1596
(1001, 459) 1597
(1001, 459) 1598
(1001, 459) 1599
(1001, 459) 1600
(1001, 459) 1601
(1001, 459) 1602
(1001, 459) 1603
(1002, 459) 1604
(1002, 459) 1605
(1002, 459) 1606
(1002, 458) 1607
(1002, 458) 1608
(1002, 458) 1609
(1002, 458) 1610
(1002, 458) 1611
(1002, 458) 1612
(1002, 458) 1613
(1003, 458) 1614
(1004, 458) 1615
(1004, 458) 1616
(1005, 457) 1617
(1005, 457) 1618
(1006, 457) 1619
(1006, 457) 1620
(1007, 457) 1621
(1008, 457) 1622
(1009, 457) 1623
(1009, 458) 1624
(1009, 458) 1625
(1010, 458) 1626
(1010, 458) 1627
(1009, 458) 1628
(1009, 458) 1629
(1009, 458) 1630
(1009, 458) 1631
(1009, 458) 1632
(1009, 458) 1633
(1009, 458) 1634
(1010, 458) 1635
(1010, 458) 1636
(1010, 458) 1637
(1010, 459) 1638
(1011, 459) 1639
(1011, 459) 1640
(1011, 459) 1641
(1012, 459) 1642
(1012, 459) 1643
(1013, 459) 1644
(1014, 459) 1645
(1015, 459) 1646
(1015, 459) 1647
(1016, 459) 1648
(1017, 459) 1649
(1018, 459) 1650
(1019, 459) 1651
(1020, 459) 1652
(1021, 459) 1653
(1022, 459) 1654
(1023, 459) 1655
(1024, 459) 1656
(1024, 459) 1657
(1025, 459) 1658
(1026, 459) 1659
(1026, 459) 1660
(1027, 459) 1661
(1027, 459) 1662
(1028, 459) 1663
(1028, 459) 1664
(1029, 459) 1665
(1029, 459) 1666
(1029, 459) 1667
(1030, 459) 1668
(1030, 459) 1669
(1030, 459) 1670
(1030, 459) 1671
(1031, 459) 1672
(1031, 459) 1673
(1032, 459) 1674
(1032, 459) 1675
(1032, 459) 1676
(1032, 459) 1677
(1033, 459) 1678
(1033, 459) 1679
(1034, 459) 1680
(1034, 460) 1681
(1035, 460) 1682
(1035, 460) 1683
(1036, 460) 1684
(1036, 460) 1685
(1037, 460) 1686
(1037, 460) 1687
(1038, 460) 1688
(1038, 460) 1689
(1039, 460) 1690
(1039, 460) 1691
(1041, 460) 1692
(1042, 460) 1693
(1043, 460) 1694
(1043, 460) 1695
(1045, 460) 1696
(1046, 460) 1697
(1047, 460) 1698
(1047, 460) 1699
(1048, 460) 1700
(1049, 460) 1701
(1050, 460) 1702
(1052, 460) 1703
(1054, 460) 1704
(1056, 460) 1705
(1056, 460) 1706
(1057, 460) 1707
(1064, 460) 1708
(1071, 460) 1709
(1070, 460) 1710
(1069, 460) 1711
(1068, 460) 1712
(1067, 460) 1713
(1066, 460) 1714
(1066, 460) 1715
(1066, 460) 1716
(1067, 460) 1717
(1074, 460) 1718
(1081, 461) 1719
(1087, 461) 1720
(1093, 461) 1721
(1105, 461) 1722
(1117, 461) 1723
(1120, 461) 1724
(1123, 461) 1725
(1127, 461) 1726
(1129, 461) 1727
(1133, 460) 1728
(1136, 460) 1729
(576, 465) 1223
(575, 465) 1224
(576, 465) 1225
(576, 465) 1226
(575, 465) 1227
(575, 465) 1228
(575, 465) 1229
(575, 465) 1230
(574, 465) 1231
(574, 465) 1232
(573, 465) 1233
(572, 465) 1234
(571, 465) 1235
(570, 465) 1236
(570, 465) 1237
(570, 465) 1238
(570, 465) 1239
(571, 465) 1240
(571, 465) 1241
(571, 465) 1242
(571, 465) 1243
(571, 464) 1244
(571, 464) 1245
(572, 464) 1246
(572, 464) 1247
(572, 464) 1248
(572, 464) 1249
(572, 464) 1250
(572, 464) 1251
(572, 464) 1252
(573, 464) 1253
(573, 464) 1254
(574, 465) 1255
(574, 465) 1256
(576, 465) 1257
(579, 465) 1258
(581, 465) 1259
(583, 465) 1260
(584, 465) 1261
(586, 465) 1262
(587, 466) 1263
(588, 466) 1264
(588, 466) 1265
(587, 466) 1266
(586, 465) 1267
(585, 465) 1268
(584, 465) 1269
(583, 465) 1270
(582, 465) 1271
(581, 465) 1272
(581, 465) 1273
(580, 465) 1274
(579, 465) 1275
(578, 465) 1276
(576, 465) 1277
(574, 465) 1278
(573, 465) 1279
(570, 465) 1280
(566, 465) 1281
(563, 465) 1282
(561, 465) 1283
(558, 465) 1284
(556, 465) 1285
(556, 465) 1286
(556, 465) 1287
(559, 465) 1288
(561, 465) 1289
(563, 465) 1290
(565, 464) 1291
(567, 464) 1292
(568, 464) 1293
(570, 464) 1294
(571, 464) 1295
(572, 464) 1296
(573, 464) 1297
(574, 464) 1298
(576, 464) 1299
(577, 463) 1300
(578, 463) 1301
(578, 463) 1302
(579, 463) 1303
(580, 463) 1304
(581, 463) 1305
(581, 463) 1306
(582, 463) 1307
(582, 463) 1308
(583, 463) 1309
(583, 463) 1310
(583, 463) 1311
(581, 463) 1312
(579, 463) 1313
(577, 463) 1314
(575, 464) 1315
(573, 464) 1316
(571, 464) 1317
(570, 464) 1318
