(1121, 365) 36
(1120, 365) 37
(1120, 365) 38
(1120, 365) 39
(1120, 365) 40
(1120, 365) 41
(1120, 365) 42
(1119, 365) 43
(1119, 366) 44
(1119, 366) 45
(1119, 366) 46
(1118, 366) 47
(1118, 366) 48
(1118, 366) 49
(1118, 366) 50
(1118, 367) 51
(1118, 367) 52
(1117, 367) 53
(1117, 367) 54
(1117, 367) 55
(1117, 367) 56
(1117, 367) 57
(1116, 368) 58
(1115, 368) 59
(1113, 369) 60
(1112, 369) 61
(1111, 370) 62
(1111, 370) 63
(1110, 371) 64
(1109, 371) 65
(1109, 371) 66
(1108, 372) 67
(1109, 373) 68
(1110, 373) 69
(1112, 374) 70
(1115, 375) 71
(1119, 376) 72
(1125, 377) 73
(1131, 377) 74
(1135, 378) 75
(1140, 379) 76
(1146, 380) 77
(1153, 381) 78
(1167, 382) 79
(1184, 382) 80
(1200, 383) 81
(1217, 383) 82
(1230, 384) 83
(1242, 384) 84
(1255, 385) 85
(1273, 385) 86
(1294, 386) 87
(1315, 386) 88
(1332, 387) 89
(1349, 388) 90
(1365, 389) 91
(1382, 390) 92
(1405, 391) 93
(1430, 392) 94
(1455, 393) 95
(1475, 394) 96
(1497, 395) 97
(1524, 397) 98
(1548, 399) 99
(1571, 401) 100
(1592, 402) 101
(1612, 404) 102
(1631, 406) 103
(72, 618) 81
(71, 618) 82
(71, 618) 83
(71, 618) 84
(71, 618) 85
(72, 619) 86
(72, 619) 87
(77, 621) 88
(81, 622) 89
(85, 624) 90
(85, 625) 91
(87, 626) 92
(89, 628) 93
(90, 629) 94
(91, 630) 95
(93, 632) 96
(93, 632) 97
(92, 633) 98
(90, 633) 99
(88, 634) 100
(86, 634) 101
(84, 634) 102
(82, 634) 103
(74, 633) 104
(68, 632) 105
(63, 631) 106
(59, 630) 107
(54, 629) 108
(47, 628) 109
(42, 627) 110
(38, 626) 111
(36, 625) 112
(33, 624) 113
(30, 623) 114
(25, 623) 115
(18, 623) 116
(13, 623) 117
(13, 622) 118
(1926, 621) 119
(1923, 621) 120
(1920, 620) 121
(1917, 620) 122
(1914, 618) 123
(1910, 617) 124
(1906, 617) 125
(1904, 615) 126
(1903, 614) 127
(1902, 614) 128
(1903, 612) 129
(1904, 611) 130
(1904, 611) 131
(1908, 611) 132
(1912, 611) 133
(1916, 611) 134
(1921, 611) 135
(1921, 611) 136
(7, 611) 137
(10, 612) 138
(12, 612) 139
(12, 611) 140
(13, 611) 141
(15, 611) 142
(17, 610) 143
(20, 609) 144
(26, 608) 145
(26, 607) 146
(27, 606) 147
(27, 604) 148
(29, 603) 149
(31, 602) 150
(31, 601) 151
(32, 600) 152
(32, 599) 153
(33, 598) 154
(29, 597) 155
(26, 596) 156
(22, 596) 157
(22, 595) 158
(21, 595) 159
(20, 595) 160
(19, 595) 161
(19, 595) 162
(21, 596) 163
(21, 597) 164
(21, 597) 165
(20, 598) 166
(20, 598) 167
(20, 599) 168
(19, 600) 169
(20, 600) 170
(21, 600) 171
(21, 601) 172
(21, 601) 173
(22, 601) 174
(25, 601) 175
(28, 601) 176
(30, 601) 177
(34, 602) 178
(40, 603) 179
(45, 604) 180
(49, 605) 181
(52, 606) 182
(53, 608) 183
(54, 610) 184
(55, 612) 185
(54, 615) 186
(53, 617) 187
(51, 620) 188
(49, 622) 189
(46, 625) 190
(45, 627) 191
(43, 630) 192
(41, 632) 193
(40, 635) 194
(39, 637) 195
(38, 639) 196
(37, 641) 197
(36, 644) 198
(29, 645) 199
(22, 646) 200
(22, 648) 201
(1929, 649) 202
(1925, 649) 203
(1922, 647) 204
(1919, 646) 205
(1918, 646) 206
(1917, 644) 207
(1916, 643) 208
(1916, 641) 209
(1916, 639) 210
(1916, 638) 211
(1917, 636) 212
(1917, 635) 213
(1917, 633) 214
(1917, 631) 215
(1917, 630) 216
(1918, 628) 217
(1917, 627) 218
(1917, 626) 219
(1917, 626) 220
(1918, 626) 221
(8, 626) 222
(10, 625) 223
(13, 625) 224
(15, 624) 225
(16, 624) 226
(17, 623) 227
(21, 624) 228
(25, 624) 229
(27, 624) 230
(29, 623) 231
(31, 623) 232
(33, 623) 233
(34, 623) 234
(34, 623) 235
(35, 623) 236
(34, 623) 237
(33, 622) 238
(32, 622) 239
(31, 622) 240
(29, 622) 241
(27, 622) 242
(25, 621) 243
(24, 621) 244
(22, 621) 245
(17, 621) 246
(13, 621) 247
(13, 621) 248
(1929, 621) 249
(1925, 621) 250
(1922, 621) 251
(1920, 621) 252
(1919, 621) 253
(1919, 622) 254
(1918, 622) 255
(1918, 622) 256
(1918, 620) 257
(1917, 619) 258
(1917, 618) 259
(1918, 617) 260
(1918, 615) 261
(1915, 614) 262
(1911, 612) 263
(1907, 610) 264
(1903, 609) 265
(1900, 607) 266
(1897, 605) 267
(1895, 604) 268
(1893, 602) 269
(1891, 601) 270
(1889, 599) 271
(1887, 598) 272
(1882, 597) 273
(1877, 596) 274
(1872, 594) 275
(1867, 593) 276
(1862, 592) 277
(1857, 591) 278
(1850, 590) 279
(1840, 589) 280
(1826, 588) 281
(1813, 588) 282
(1802, 587) 283
(1792, 586) 284
(1783, 586) 285
(1774, 585) 286
(1760, 584) 287
(1747, 583) 288
(1736, 582) 289
(1727, 581) 290
(1719, 580) 291
(1713, 579) 292
(1700, 578) 293
(1689, 578) 294
(1679, 577) 295
(1670, 577) 296
(1661, 576) 297
(1654, 576) 298
(1649, 577) 299
(1645, 578) 300
(1642, 579) 301
(1129, 391) 95
(1130, 391) 96
(1131, 391) 97
(1134, 392) 98
(1137, 392) 99
(1140, 392) 100
(1140, 393) 101
(1141, 393) 102
(1142, 394) 103
(1145, 395) 104
(1148, 395) 105
(1152, 396) 106
(1156, 397) 107
(1161, 398) 108
(1165, 398) 109
(1175, 398) 110
(1183, 398) 111
(1186, 399) 112
(1190, 399) 113
(1193, 399) 114
(1196, 400) 115
(1199, 400) 116
(1207, 400) 117
(1215, 401) 118
(1222, 401) 119
(1228, 401) 120
(1233, 402) 121
(1239, 402) 122
(1245, 402) 123
(1250, 402) 124
(1255, 403) 125
(1260, 403) 126
(1265, 403) 127
(1274, 403) 128
(1282, 404) 129
(1291, 404) 130
(1293, 404) 131
(1296, 405) 132
(1300, 405) 133
(1303, 405) 134
(1305, 405) 135
(1308, 405) 136
(1310, 406) 137
(1312, 406) 138
(1314, 406) 139
(1315, 406) 140
(1317, 406) 141
(1324, 408) 142
(1332, 409) 143
(1339, 410) 144
(1346, 412) 145
(1353, 413) 146
(1351, 415) 147
(1351, 416) 148
(1353, 416) 149
(1357, 416) 150
(1360, 416) 151
(1364, 417) 152
(1368, 417) 153
(1373, 417) 154
(1374, 417) 155
(1375, 417) 156
(1377, 417) 157
(1378, 417) 158
(1380, 417) 159
(1383, 417) 160
(1386, 417) 161
(1391, 417) 162
(1394, 418) 163
(1398, 418) 164
(1402, 419) 165
(1407, 419) 166
(1409, 419) 167
(1411, 420) 168
(1413, 420) 169
(1415, 420) 170
(1417, 421) 171
(1418, 421) 172
(1418, 422) 173
(1417, 423) 174
(1416, 424) 175
(1416, 425) 176
(1415, 426) 177
(1414, 427) 178
(1414, 428) 179
(1413, 429) 180
(1413, 430) 181
(1413, 432) 182
(1412, 433) 183
(1412, 434) 184
(1412, 435) 185
(1414, 436) 186
(1415, 436) 187
(1416, 436) 188
(1417, 436) 189
(1418, 436) 190
(1419, 437) 191
(1419, 436) 192
(1420, 436) 193
(1421, 436) 194
(1422, 436) 195
(1423, 436) 196
(1424, 437) 197
(1423, 437) 198
(1423, 437) 199
(1421, 438) 200
(1421, 438) 201
(1420, 438) 202
(1420, 438) 203
(1421, 439) 204
(1422, 439) 205
(1428, 439) 206
(1434, 440) 207
(1434, 440) 208
(1429, 441) 209
(1419, 444) 210
(1416, 445) 211
(1414, 446) 212
(1412, 447) 213
(1412, 447) 214
(1411, 448) 215
(1407, 449) 216
(1404, 451) 217
(1399, 451) 218
(1394, 451) 219
(1390, 451) 220
(1390, 451) 221
(1386, 452) 222
(1385, 452) 223
(1384, 451) 224
(1382, 451) 225
(1372, 450) 226
(1363, 450) 227
(1354, 450) 228
(1340, 449) 229
(1328, 447) 230
(1318, 446) 231
(1308, 445) 232
(1300, 444) 233
(1290, 443) 234
(1282, 443) 235
(1275, 442) 236
(1275, 441) 237
(1277, 441) 238
(1281, 440) 239
(1286, 440) 240
(1291, 440) 241
(1293, 440) 242
(1293, 440) 243
(1292, 440) 244
(1287, 440) 245
(1278, 439) 246
(1270, 439) 247
(1265, 438) 248
(1259, 438) 249
(1255, 437) 250
(1251, 437) 251
(1247, 436) 252
(1245, 436) 253
(1244, 436) 254
(1243, 435) 255
(1242, 435) 256
(1241, 435) 257
(1240, 435) 258
(1240, 434) 259
(1234, 434) 260
(1229, 433) 261
(1225, 433) 262
(1221, 432) 263
(1217, 432) 264
(1220, 432) 265
(1226, 433) 266
(1231, 433) 267
(1242, 434) 268
(1252, 434) 269
(1260, 435) 270
(1269, 435) 271
(1279, 437) 272
(1291, 438) 273
(1307, 440) 274
(1318, 442) 275
(1328, 444) 276
(1336, 445) 277
(1344, 447) 278
(1350, 449) 279
(1350, 450) 280
(1349, 451) 281
(1349, 453) 282
(1349, 454) 283
(1350, 454) 284
(1352, 453) 285
(1354, 453) 286
(1355, 453) 287
(1355, 453) 288
(1355, 453) 289
(1355, 453) 290
(1354, 452) 291
(1353, 452) 292
(1353, 452) 293
(1352, 452) 294
(1352, 452) 295
(1352, 451) 296
(1351, 451) 297
(1351, 451) 298
(1343, 450) 299
(1335, 450) 300
(1326, 449) 301
(1319, 449) 302
(1312, 448) 303
(1306, 447) 304
(1300, 446) 305
(1295, 446) 306
(1292, 445) 307
(1288, 444) 308
(1284, 444) 309
(1274, 443) 310
(1265, 442) 311
(1258, 442) 312
(1252, 442) 313
(1248, 441) 314
(1248, 441) 315
(1241, 441) 316
(1235, 440) 317
(1231, 440) 318
(1227, 440) 319
(1224, 439) 320
(1222, 439) 321
(1219, 439) 322
(1217, 438) 323
(1215, 438) 324
(1215, 438) 325
(1219, 437) 326
(1224, 437) 327
(1230, 437) 328
(1236, 436) 329
(1242, 436) 330
(1248, 436) 331
(1252, 436) 332
(1257, 435) 333
(1261, 435) 334
(1264, 435) 335
(1267, 435) 336
(1270, 435) 337
(1273, 436) 338
(1274, 437) 339
(1267, 437) 340
(1260, 437) 341
(1254, 437) 342
(1247, 438) 343
(1238, 438) 344
(1229, 438) 345
(1225, 438) 346
(1221, 437) 347
(1218, 437) 348
(1216, 437) 349
(1213, 437) 350
(1211, 437) 351
(1208, 437) 352
(1205, 437) 353
(1203, 437) 354
(1195, 437) 355
(1193, 437) 356
(1193, 437) 357
(1192, 437) 358
(1192, 437) 359
(1196, 438) 360
(1201, 438) 361
(1204, 438) 362
(1208, 438) 363
(1211, 438) 364
(1214, 438) 365
(1216, 438) 366
(1218, 438) 367
(1220, 438) 368
(1222, 438) 369
(1224, 438) 370
(1232, 437) 371
(1239, 437) 372
(1245, 436) 373
(1251, 436) 374
(1258, 435) 375
(1264, 435) 376
(1270, 435) 377
(1276, 435) 378
(1286, 435) 379
(1298, 435) 380
(1312, 433) 381
(1325, 432) 382
(1336, 432) 383
(1347, 431) 384
(1358, 431) 385
(1369, 433) 386
(1380, 434) 387
(1389, 435) 388
(1398, 436) 389
(1406, 437) 390
(1413, 438) 391
(1419, 439) 392
(1424, 440) 393
(1429, 441) 394
(1434, 442) 395
(1438, 443) 396
(1441, 444) 397
(1444, 445) 398
(1447, 446) 399
(1455, 446) 400
(1456, 447) 401
(1457, 449) 402
(1457, 450) 403
(1457, 451) 404
(1457, 452) 405
(1457, 452) 406
(1457, 453) 407
(1456, 454) 408
(1456, 455) 409
(1456, 456) 410
(1456, 457) 411
(1455, 458) 412
(1455, 459) 413
(1455, 460) 414
(1453, 460) 415
(1449, 460) 416
(1446, 461) 417
(1443, 461) 418
(1442, 462) 419
(1440, 463) 420
(1439, 464) 421
(1438, 465) 422
(1438, 466) 423
(1437, 467) 424
(1437, 467) 425
(1437, 468) 426
(1436, 469) 427
(1436, 470) 428
(1436, 471) 429
(1436, 472) 430
(1436, 472) 431
(1428, 473) 432
(1422, 473) 433
(1416, 474) 434
(1409, 474) 435
(1404, 475) 436
(1399, 475) 437
(1394, 476) 438
(1391, 476) 439
(1392, 477) 440
(1393, 477) 441
(1394, 478) 442
(1396, 478) 443
(1396, 479) 444
(1396, 479) 445
(1396, 479) 446
(1398, 480) 447
(1400, 481) 448
(1401, 481) 449
(1403, 482) 450
(1404, 483) 451
(1406, 483) 452
(1407, 484) 453
(1408, 484) 454
(1409, 485) 455
(1410, 486) 456
(1410, 486) 457
(1411, 487) 458
(1412, 487) 459
(1412, 488) 460
(1413, 488) 461
(1413, 489) 462
(1413, 489) 463
(1413, 490) 464
(1409, 490) 465
(1406, 491) 466
(1406, 492) 467
(1409, 493) 468
(1414, 493) 469
(1419, 494) 470
(1422, 494) 471
(1425, 495) 472
(1434, 495) 473
(1441, 496) 474
(1456, 497) 475
(1467, 498) 476
(1477, 499) 477
(1487, 501) 478
(1495, 502) 479
(1502, 504) 480
(1508, 505) 481
(1514, 506) 482
(1518, 508) 483
(1523, 510) 484
(1526, 511) 485
(1528, 513) 486
(1534, 514) 487
(1539, 515) 488
(1544, 516) 489
(1547, 518) 490
(1545, 518) 491
(1540, 520) 492
(1533, 521) 493
(1528, 522) 494
(1524, 523) 495
(1519, 523) 496
(1515, 524) 497
(1511, 524) 498
(1503, 524) 499
(1497, 523) 500
(1491, 523) 501
(1486, 523) 502
(1476, 523) 503
(1469, 523) 504
(1465, 523) 505
(1460, 523) 506
(1457, 523) 507
(1454, 523) 508
(1450, 523) 509
(1448, 522) 510
(1445, 522) 511
(1434, 522) 512
(1432, 521) 513
(1429, 521) 514
(1426, 521) 515
(1422, 521) 516
(1418, 521) 517
(1413, 521) 518
(1404, 520) 519
(1395, 519) 520
(1387, 518) 521
(1377, 517) 522
(1369, 516) 523
(1362, 515) 524
(1356, 514) 525
(1352, 514) 526
(1353, 513) 527
(1355, 513) 528
(1362, 513) 529
(1369, 513) 530
(1375, 513) 531
(1381, 513) 532
(1387, 513) 533
(1391, 513) 534
(1395, 513) 535
(1399, 513) 536
(1402, 513) 537
(1408, 512) 538
(1413, 512) 539
(1417, 511) 540
(1421, 511) 541
(1425, 511) 542
(1428, 510) 543
(1431, 510) 544
(1434, 509) 545
(1436, 509) 546
(1438, 509) 547
(1440, 508) 548
(1442, 508) 549
(1444, 508) 550
(1445, 507) 551
(1446, 507) 552
(1448, 507) 553
(1449, 506) 554
(1450, 506) 555
(1450, 506) 556
(1450, 505) 557
(1449, 505) 558
(1446, 505) 559
(1443, 505) 560
(1442, 505) 561
(1439, 504) 562
(1433, 504) 563
(1428, 504) 564
(1421, 504) 565
(1417, 504) 566
(1413, 504) 567
(1408, 504) 568
(1396, 503) 569
(1384, 502) 570
(1368, 501) 571
(1354, 499) 572
(1341, 497) 573
(1331, 496) 574
(1322, 494) 575
(1312, 493) 576
(1300, 491) 577
(1284, 491) 578
(1273, 490) 579
(1265, 489) 580
(1260, 488) 581
(1255, 487) 582
(1250, 487) 583
(1246, 486) 584
(1246, 485) 585
(1244, 485) 586
(1243, 485) 587
(1234, 484) 588
(1225, 484) 589
(1217, 484) 590
(1213, 484) 591
(1200, 485) 592
(844, 468) 98
(846, 467) 99
(847, 467) 100
(853, 467) 101
(859, 466) 102
(858, 465) 103
(858, 465) 104
(862, 464) 105
(869, 464) 106
(875, 463) 107
(880, 462) 108
(883, 462) 109
(888, 461) 110
(895, 460) 111
(901, 460) 112
(907, 459) 113
(907, 458) 114
(913, 457) 115
(914, 456) 116
(916, 455) 117
(916, 454) 118
(916, 454) 119
(915, 452) 120
(914, 451) 121
(912, 450) 122
(910, 450) 123
(907, 448) 124
(906, 447) 125
(906, 447) 126
(906, 446) 127
(908, 445) 128
(911, 444) 129
(914, 443) 130
(917, 441) 131
(920, 440) 132
(923, 439) 133
(928, 438) 134
(931, 437) 135
(931, 436) 136
(929, 436) 137
(926, 434) 138
(924, 433) 139
(924, 433) 140
(925, 431) 141
(926, 430) 142
(926, 430) 143
(926, 431) 144
(924, 432) 145
(923, 432) 146
(922, 434) 147
(924, 436) 148
(925, 438) 149
(927, 440) 150
(928, 442) 151
(929, 442) 152
(930, 443) 153
(932, 444) 154
(932, 444) 155
(934, 445) 156
(934, 446) 157
(935, 445) 158
(936, 445) 159
(936, 445) 160
(937, 444) 161
(938, 444) 162
(937, 444) 163
(937, 445) 164
(936, 445) 165
(934, 446) 166
(935, 447) 167
(938, 449) 168
(936, 450) 169
(937, 452) 170
(937, 453) 171
(938, 454) 172
(938, 455) 173
(936, 455) 174
(933, 455) 175
(930, 455) 176
(933, 455) 177
(931, 455) 178
(931, 455) 179
(932, 455) 180
(935, 455) 181
(937, 455) 182
(940, 457) 183
(944, 459) 184
(948, 460) 185
(951, 461) 186
(951, 462) 187
(950, 463) 188
(945, 464) 189
(939, 464) 190
(935, 464) 191
(928, 464) 192
(928, 465) 193
(929, 465) 194
(930, 465) 195
(931, 466) 196
(936, 466) 197
(941, 466) 198
(945, 466) 199
(945, 467) 200
(941, 467) 201
(936, 468) 202
(932, 468) 203
(930, 468) 204
(927, 469) 205
(925, 469) 206
(924, 469) 207
(922, 469) 208
(921, 468) 209
(921, 468) 210
(921, 468) 211
(921, 468) 212
(923, 468) 213
(924, 469) 214
(927, 469) 215
(927, 470) 216
(927, 469) 217
(928, 469) 218
(929, 469) 219
(930, 469) 220
(930, 470) 221
(934, 471) 222
(934, 471) 223
(940, 473) 224
(946, 474) 225
(950, 475) 226
(953, 476) 227
(955, 477) 228
(957, 478) 229
(958, 479) 230
(960, 480) 231
(962, 480) 232
(963, 481) 233
(965, 482) 234
(966, 482) 235
(966, 482) 236
(963, 481) 237
(963, 481) 238
(960, 480) 239
(959, 480) 240
(957, 480) 241
(954, 479) 242
(950, 479) 243
(950, 479) 244
(950, 478) 245
(950, 478) 246
(951, 477) 247
(951, 477) 248
(951, 477) 249
(951, 476) 250
(951, 476) 251
(951, 475) 252
(951, 474) 253
(952, 473) 254
(952, 472) 255
(952, 471) 256
(952, 471) 257
(952, 470) 258
(952, 469) 259
(950, 468) 260
(948, 467) 261
(947, 466) 262
(946, 466) 263
(946, 465) 264
(946, 464) 265
(944, 464) 266
(936, 463) 267
(929, 462) 268
(927, 461) 269
(923, 459) 270
(920, 457) 271
(918, 455) 272
(917, 454) 273
(917, 453) 274
(917, 452) 275
(917, 451) 276
(917, 450) 277
(917, 449) 278
(917, 449) 279
(916, 448) 280
(915, 447) 281
(914, 446) 282
(913, 445) 283
(913, 444) 284
(913, 443) 285
(913, 443) 286
(914, 443) 287
(916, 443) 288
(917, 443) 289
(919, 443) 290
(920, 443) 291
(921, 443) 292
(922, 443) 293
(922, 443) 294
(923, 443) 295
(924, 443) 296
(926, 444) 297
(927, 444) 298
(929, 445) 299
(929, 444) 300
(928, 444) 301
(928, 443) 302
(928, 443) 303
(930, 442) 304
(932, 442) 305
(933, 442) 306
(933, 442) 307
(932, 441) 308
(928, 441) 309
(924, 440) 310
(924, 439) 311
(925, 439) 312
(926, 439) 313
(929, 439) 314
(931, 439) 315
(930, 438) 316
(929, 438) 317
(926, 437) 318
(924, 437) 319
(923, 437) 320
(922, 437) 321
(917, 436) 322
(911, 435) 323
(906, 434) 324
(896, 433) 325
(887, 432) 326
(879, 432) 327
(871, 431) 328
(864, 430) 329
(858, 429) 330
(853, 428) 331
(848, 428) 332
(844, 427) 333
(840, 426) 334
(836, 425) 335
(833, 425) 336
(830, 424) 337
(827, 423) 338
(825, 423) 339
(823, 422) 340
(821, 421) 341
(819, 421) 342
(818, 420) 343
(813, 420) 344
(808, 420) 345
(804, 420) 346
(800, 419) 347
(797, 419) 348
(794, 419) 349
(791, 419) 350
(789, 419) 351
(787, 419) 352
(785, 419) 353
(783, 419) 354
(773, 418) 355
(766, 418) 356
(760, 418) 357
(754, 418) 358
(748, 418) 359
(744, 417) 360
(742, 418) 361
(740, 418) 362
(738, 418) 363
(734, 418) 364
(732, 418) 365
(728, 418) 366
(724, 418) 367
(718, 419) 368
(712, 420) 369
(707, 421) 370
(710, 421) 371
(714, 422) 372
(718, 422) 373
(722, 423) 374
(726, 423) 375
(730, 424) 376
(727, 423) 377
(725, 423) 378
(723, 422) 379
(722, 422) 380
(720, 421) 381
(719, 420) 382
(718, 420) 383
(717, 419) 384
(717, 419) 385
(716, 418) 386
(716, 417) 387
(716, 417) 388
(716, 416) 389
(716, 416) 390
(716, 415) 391
(716, 414) 392
(716, 414) 393
(724, 413) 394
(731, 413) 395
(738, 412) 396
(744, 411) 397
(1182, 413) 170
(1182, 413) 171
(1183, 413) 172
(1185, 413) 173
(1187, 413) 174
(1189, 413) 175
(1191, 414) 176
(1194, 414) 177
(1193, 415) 178
(1194, 415) 179
(1197, 415) 180
(1199, 416) 181
(1203, 416) 182
(1207, 416) 183
(1211, 417) 184
(1216, 417) 185
(1212, 417) 186
(1208, 417) 187
(1200, 417) 188
(1193, 417) 189
(1186, 417) 190
(1181, 417) 191
(1176, 417) 192
(1173, 417) 193
(1170, 417) 194
(1165, 418) 195
(1162, 418) 196
(1158, 418) 197
(1155, 418) 198
(1152, 419) 199
(1151, 419) 200
(1150, 419) 201
(1150, 419) 202
(1152, 419) 203
(1153, 418) 204
(1155, 418) 205
(1156, 418) 206
(1158, 418) 207
(1160, 418) 208
(1162, 418) 209
(1165, 417) 210
(1168, 417) 211
(1172, 417) 212
(1176, 416) 213
(1180, 416) 214
(1184, 415) 215
(1188, 415) 216
(1191, 414) 217
(1196, 413) 218
(1200, 412) 219
(1204, 411) 220
(1207, 410) 221
(1212, 409) 222
(1216, 407) 223
(1220, 406) 224
(1224, 404) 225
(1227, 403) 226
(1230, 402) 227
(1232, 401) 228
(1234, 399) 229
(1236, 398) 230
(1238, 397) 231
(1240, 396) 232
(1241, 395) 233
(1243, 394) 234
(1244, 392) 235
(1245, 391) 236
(1246, 390) 237
(1247, 389) 238
(1243, 389) 239
(1826, 533) 186
(1826, 533) 187
(1827, 533) 188
(1827, 533) 189
(1823, 533) 190
(1818, 533) 191
(1813, 532) 192
(1807, 532) 193
(1804, 532) 194
(1801, 532) 195
(1798, 532) 196
(1796, 532) 197
(1793, 532) 198
(1791, 532) 199
(1789, 532) 200
(1788, 532) 201
(1786, 532) 202
(1785, 532) 203
(1784, 532) 204
(1783, 532) 205
(1782, 532) 206
(1781, 532) 207
(1780, 532) 208
(1772, 531) 209
(1765, 530) 210
(1751, 530) 211
(1739, 530) 212
(1731, 530) 213
(1722, 530) 214
(1710, 530) 215
(1697, 530) 216
(1685, 529) 217
(1675, 529) 218
(1666, 528) 219
(1654, 528) 220
(1647, 527) 221
(1641, 526) 222
(1635, 526) 223
(1632, 526) 224
(1631, 526) 225
(1631, 525) 226
(1633, 524) 227
(1634, 524) 228
(1634, 523) 229
(1634, 522) 230
(1632, 521) 231
(1631, 522) 232
(1631, 522) 233
(1631, 523) 234
(1631, 523) 235
(1631, 523) 236
(1635, 524) 237
(1640, 524) 238
(1645, 525) 239
(1650, 525) 240
(1656, 526) 241
(1662, 526) 242
(1671, 527) 243
(1680, 527) 244
(1690, 527) 245
(307, 518) 199
(306, 518) 200
(303, 518) 201
(304, 517) 202
(306, 517) 203
(307, 517) 204
(306, 517) 205
(305, 517) 206
(303, 518) 207
(301, 518) 208
(300, 518) 209
(299, 519) 210
(302, 519) 211
(302, 519) 212
(302, 519) 213
(302, 519) 214
(301, 520) 215
(301, 520) 216
(301, 520) 217
(299, 520) 218
(294, 521) 219
(289, 521) 220
(283, 521) 221
(280, 521) 222
(276, 521) 223
(273, 521) 224
(269, 521) 225
(264, 521) 226
(259, 521) 227
(253, 522) 228
(247, 522) 229
(242, 522) 230
(238, 522) 231
(234, 522) 232
(230, 522) 233
(227, 522) 234
(224, 522) 235
(221, 522) 236
(219, 523) 237
(217, 523) 238
(217, 523) 239
(221, 523) 240
(226, 524) 241
(229, 524) 242
(232, 525) 243
(234, 525) 244
(238, 525) 245
(241, 525) 246
(243, 525) 247
(243, 525) 248
(242, 525) 249
(239, 525) 250
(236, 525) 251
(232, 525) 252
(229, 524) 253
(225, 524) 254
(222, 524) 255
(221, 524) 256
(221, 523) 257
(220, 523) 258
(219, 522) 259
(217, 522) 260
(216, 522) 261
(215, 521) 262
(213, 521) 263
(211, 520) 264
(209, 520) 265
(207, 520) 266
(206, 519) 267
(206, 519) 268
(207, 519) 269
(209, 519) 270
(211, 519) 271
(214, 518) 272
(217, 518) 273
(217, 518) 274
(216, 518) 275
(213, 519) 276
(210, 519) 277
(208, 519) 278
(207, 520) 279
(202, 520) 280
(200, 521) 281
(198, 520) 282
(195, 519) 283
(192, 518) 284
(190, 518) 285
(188, 516) 286
(186, 515) 287
(184, 514) 288
(181, 512) 289
(178, 510) 290
(176, 509) 291
(174, 507) 292
(172, 506) 293
(171, 504) 294
(165, 504) 295
(159, 503) 296
(154, 503) 297
(150, 502) 298
(150, 503) 299
(150, 503) 300
(152, 503) 301
(154, 503) 302
(157, 502) 303
(159, 502) 304
(166, 502) 305
(173, 503) 306
(177, 503) 307
(182, 504) 308
(186, 504) 309
(191, 505) 310
(195, 505) 311
(200, 505) 312
(203, 506) 313
(209, 506) 314
(215, 506) 315
(219, 506) 316
(223, 506) 317
(227, 506) 318
(230, 506) 319
(232, 507) 320
(235, 507) 321
(235, 507) 322
(237, 506) 323
(244, 505) 324
(250, 504) 325
(256, 503) 326
(267, 503) 327
(276, 502) 328
(284, 502) 329
(291, 502) 330
(299, 502) 331
(306, 502) 332
(315, 502) 333
(325, 502) 334
(334, 502) 335
(343, 502) 336
(352, 502) 337
(361, 502) 338
(367, 502) 339
(377, 502) 340
(388, 502) 341
(400, 502) 342
(412, 503) 343
(423, 503) 344
(433, 503) 345
(439, 502) 346
(444, 502) 347
(449, 501) 348
(449, 500) 349
(449, 499) 350
(449, 498) 351
(449, 497) 352
(453, 497) 353
(457, 496) 354
(462, 496) 355
(465, 495) 356
(469, 495) 357
(472, 494) 358
(476, 494) 359
(479, 494) 360
(481, 493) 361
(483, 493) 362
(485, 492) 363
(486, 492) 364
(488, 492) 365
(492, 492) 366
(496, 492) 367
(498, 492) 368
(499, 491) 369
(502, 491) 370
(503, 490) 371
(504, 489) 372
(504, 489) 373
(502, 488) 374
(494, 488) 375
(485, 489) 376
(474, 489) 377
(616, 408) 208
(616, 408) 209
(616, 408) 210
(615, 408) 211
(615, 408) 212
(622, 408) 213
(629, 408) 214
(633, 409) 215
(637, 409) 216
(641, 409) 217
(644, 409) 218
(647, 409) 219
(650, 409) 220
(653, 410) 221
(655, 410) 222
(657, 410) 223
(659, 410) 224
(660, 410) 225
(660, 410) 226
(659, 411) 227
(657, 412) 228
(655, 412) 229
(653, 413) 230
(651, 413) 231
(649, 414) 232
(648, 415) 233
(649, 414) 234
(650, 414) 235
(652, 414) 236
(655, 414) 237
(661, 414) 238
(659, 413) 239
(660, 413) 240
(660, 413) 241
(660, 412) 242
(661, 412) 243
(664, 412) 244
(667, 411) 245
(670, 411) 246
(673, 411) 247
(675, 411) 248
(677, 411) 249
(679, 410) 250
(680, 410) 251
(685, 410) 252
(688, 410) 253
(692, 409) 254
(695, 409) 255
(698, 409) 256
(700, 409) 257
(702, 408) 258
(704, 408) 259
(706, 408) 260
(708, 408) 261
(708, 407) 262
(703, 407) 263
(698, 407) 264
(694, 407) 265
(692, 407) 266
(691, 406) 267
(690, 406) 268
(684, 406) 269
(680, 406) 270
(675, 406) 271
(672, 406) 272
(660, 405) 273
(648, 405) 274
(639, 404) 275
(632, 403) 276
(625, 403) 277
(619, 402) 278
(611, 402) 279
(603, 401) 280
(595, 401) 281
(587, 401) 282
(575, 402) 283
(565, 403) 284
(555, 405) 285
(546, 406) 286
(539, 407) 287
(531, 408) 288
(524, 410) 289
(518, 411) 290
(512, 412) 291
(510, 414) 292
(507, 416) 293
(505, 418) 294
(503, 419) 295
(501, 421) 296
(500, 423) 297
(498, 424) 298
(496, 425) 299
(494, 426) 300
(493, 426) 301
(491, 427) 302
(490, 428) 303
(488, 428) 304
(487, 429) 305
(486, 430) 306
(484, 430) 307
(482, 431) 308
(480, 431) 309
(478, 432) 310
(476, 432) 311
(474, 433) 312
(473, 433) 313
(471, 433) 314
(470, 434) 315
(470, 434) 316
(471, 434) 317
(471, 434) 318
(466, 434) 319
(463, 434) 320
(462, 434) 321
(464, 433) 322
(466, 433) 323
(468, 433) 324
(468, 432) 325
(466, 433) 326
(463, 433) 327
(460, 433) 328
(457, 433) 329
(459, 433) 330
(462, 432) 331
(537, 395) 272
(537, 395) 273
(537, 395) 274
(537, 395) 275
(537, 395) 276
(537, 395) 277
(537, 395) 278
(537, 395) 279
(537, 395) 280
(537, 395) 281
(537, 395) 282
(537, 394) 283
(537, 393) 284
(541, 392) 285
(540, 392) 286
(540, 392) 287
(539, 393) 288
(539, 393) 289
(542, 392) 290
(545, 392) 291
(548, 391) 292
(550, 391) 293
(549, 391) 294
(547, 391) 295
(546, 391) 296
(545, 392) 297
(544, 392) 298
(543, 392) 299
(542, 392) 300
(541, 393) 301
(540, 393) 302
(540, 393) 303
(547, 393) 304
(554, 393) 305
(561, 393) 306
(567, 393) 307
(573, 393) 308
(578, 393) 309
(582, 393) 310
(585, 393) 311
(588, 394) 312
(591, 394) 313
(593, 394) 314
(596, 394) 315
(597, 394) 316
(599, 395) 317
(601, 394) 318
(605, 394) 319
(608, 393) 320
(611, 393) 321
(614, 393) 322
(616, 393) 323
(617, 393) 324
(618, 392) 325
(623, 392) 326
(623, 393) 327
(619, 393) 328
(618, 393) 329
(620, 393) 330
(623, 393) 331
(624, 393) 332
(629, 393) 333
(631, 393) 334
(630, 393) 335
(630, 392) 336
(633, 393) 337
(635, 394) 338
(637, 394) 339
(637, 394) 340
(638, 395) 341
(639, 395) 342
(639, 396) 343
(637, 397) 344
(634, 398) 345
(634, 398) 346
(637, 399) 347
(640, 399) 348
(638, 400) 349
(636, 401) 350
(630, 402) 351
(625, 402) 352
(624, 402) 353
(620, 403) 354
(1739, 531) 293
(1740, 531) 294
(1743, 531) 295
(1745, 530) 296
(1747, 530) 297
(1749, 530) 298
(1757, 530) 299
(1765, 531) 300
(1777, 531) 301
(1788, 531) 302
(1800, 532) 303
(1812, 532) 304
(1822, 532) 305
(1831, 533) 306
(1842, 534) 307
(1850, 535) 308
(1858, 535) 309
(1865, 536) 310
(1872, 537) 311
(1885, 538) 312
(1900, 538) 313
(1900, 538) 314
(6, 538) 315
(17, 539) 316
(26, 539) 317
(35, 539) 318
(43, 539) 319
(50, 539) 320
(57, 539) 321
(63, 540) 322
(68, 540) 323
(72, 540) 324
(77, 540) 325
(80, 540) 326
(84, 540) 327
(87, 541) 328
(90, 541) 329
(92, 541) 330
(94, 541) 331
(96, 541) 332
(103, 542) 333
(109, 544) 334
(115, 545) 335
(120, 546) 336
(124, 547) 337
(129, 548) 338
(133, 549) 339
(137, 551) 340
(141, 552) 341
(144, 553) 342
(148, 554) 343
(151, 554) 344
(153, 555) 345
(156, 556) 346
(158, 557) 347
(160, 558) 348
(161, 559) 349
(163, 560) 350
(164, 561) 351
(166, 561) 352
(167, 562) 353
(168, 563) 354
(169, 564) 355
(170, 565) 356
(169, 565) 357
(172, 566) 358
(178, 566) 359
(188, 566) 360
(202, 567) 361
(218, 567) 362
(236, 568) 363
(1261, 490) 320
(1262, 490) 321
(1264, 490) 322
(1264, 490) 323
(1266, 490) 324
(1268, 490) 325
(1270, 491) 326
(1271, 491) 327
(1273, 491) 328
(1274, 491) 329
(1275, 491) 330
(1276, 491) 331
(1277, 492) 332
(1284, 492) 333
(1291, 492) 334
(1296, 492) 335
(1302, 493) 336
(1307, 493) 337
(1312, 494) 338
(1316, 494) 339
(1320, 495) 340
(1323, 495) 341
(1326, 496) 342
(1334, 495) 343
(1341, 494) 344
(1346, 494) 345
(1351, 493) 346
(1355, 492) 347
(1358, 492) 348
(1362, 491) 349
(1365, 491) 350
(1367, 490) 351
(1370, 490) 352
(1372, 489) 353
(1374, 489) 354
(1376, 488) 355
(1377, 488) 356
(1379, 487) 357
(1380, 487) 358
(1381, 486) 359
(1382, 486) 360
(1383, 485) 361
(1384, 485) 362
(1385, 485) 363
(1385, 484) 364
(1385, 484) 365
(1382, 482) 366
(1382, 481) 367
(1380, 479) 368
(1379, 476) 369
(1376, 474) 370
(1373, 472) 371
(1370, 470) 372
(1368, 468) 373
(1366, 466) 374
(1364, 464) 375
(1362, 462) 376
(1360, 460) 377
(1359, 458) 378
(1358, 457) 379
(1356, 455) 380
(1355, 453) 381
(1354, 451) 382
(1354, 450) 383
(1353, 448) 384
(1352, 447) 385
(1349, 446) 386
(1346, 445) 387
(1345, 444) 388
(1345, 443) 389
(1342, 442) 390
(1340, 441) 391
(1339, 440) 392
(1341, 439) 393
(1343, 438) 394
(1343, 436) 395
(1344, 434) 396
(1346, 432) 397
(1350, 430) 398
(1356, 428) 399
(1363, 426) 400
(1371, 424) 401
(1380, 422) 402
(1388, 419) 403
(1396, 417) 404
(1906, 541) 369
(1907, 541) 370
(1909, 541) 371
(1910, 541) 372
(1910, 540) 373
(1910, 540) 374
(1912, 540) 375
(1914, 540) 376
(1917, 539) 377
(1920, 539) 378
(1923, 539) 379
(1923, 539) 380
(11, 538) 381
(15, 539) 382
(17, 539) 383
(20, 539) 384
(21, 540) 385
(24, 540) 386
(29, 540) 387
(30, 541) 388
(31, 541) 389
(34, 541) 390
(41, 540) 391
(48, 540) 392
(55, 539) 393
(60, 539) 394
(65, 539) 395
(68, 539) 396
(72, 539) 397
(74, 539) 398
(76, 539) 399
(79, 539) 400
(77, 539) 401
(74, 540) 402
(71, 541) 403
(69, 542) 404
(68, 542) 405
(66, 542) 406
(65, 543) 407
(64, 543) 408
(63, 543) 409
(62, 544) 410
(61, 544) 411
(60, 544) 412
(60, 544) 413
(59, 545) 414
(58, 545) 415
(58, 545) 416
(60, 547) 417
(63, 549) 418
(65, 550) 419
(65, 551) 420
(66, 552) 421
(66, 553) 422
(67, 554) 423
(67, 555) 424
(68, 555) 425
(68, 556) 426
(65, 557) 427
(63, 559) 428
(60, 560) 429
(58, 562) 430
(56, 564) 431
(55, 566) 432
(53, 568) 433
(52, 570) 434
(1619, 484) 378
(1620, 484) 379
(1619, 484) 380
(1619, 484) 381
(1618, 484) 382
(1618, 484) 383
(1617, 484) 384
(1617, 484) 385
(1616, 484) 386
(1616, 484) 387
(1615, 484) 388
(1615, 484) 389
(1615, 484) 390
(1615, 484) 391
(1614, 484) 392
(1614, 484) 393
(1614, 484) 394
(1614, 484) 395
(1614, 484) 396
(1614, 484) 397
(1614, 484) 398
(1610, 484) 399
(1606, 484) 400
(1603, 483) 401
(1599, 483) 402
(1596, 483) 403
(1593, 482) 404
(1591, 482) 405
(1589, 482) 406
(1588, 482) 407
(1586, 482) 408
(1585, 482) 409
(1584, 482) 410
(1583, 482) 411
(1582, 482) 412
(1581, 482) 413
(1581, 482) 414
(1580, 482) 415
(1579, 482) 416
(1574, 483) 417
(1570, 484) 418
(1566, 485) 419
(1563, 486) 420
(1564, 487) 421
(1564, 489) 422
(1564, 489) 423
(1562, 489) 424
(1561, 489) 425
(1559, 490) 426
(1556, 490) 427
(1555, 489) 428
(1554, 487) 429
(1553, 486) 430
(1552, 485) 431
(1551, 484) 432
(1551, 483) 433
(1551, 482) 434
(1552, 482) 435
(1553, 483) 436
(1555, 483) 437
(1556, 484) 438
(1561, 485) 439
(1569, 486) 440
(1576, 488) 441
(1148, 466) 402
(1149, 467) 403
(1151, 467) 404
(1154, 468) 405
(1156, 469) 406
(1158, 469) 407
(1159, 470) 408
(1161, 471) 409
(1162, 471) 410
(1163, 472) 411
(1164, 472) 412
(1165, 473) 413
(1166, 473) 414
(1167, 474) 415
(1167, 474) 416
(1167, 475) 417
(1167, 475) 418
(1167, 476) 419
(1167, 476) 420
(1167, 477) 421
(1163, 477) 422
(1162, 476) 423
(1163, 476) 424
(1163, 476) 425
(1160, 476) 426
(1151, 476) 427
(1146, 476) 428
(1137, 475) 429
(1128, 475) 430
(1121, 474) 431
(1114, 473) 432
(1108, 473) 433
(1103, 472) 434
(1097, 472) 435
(1088, 472) 436
(1073, 471) 437
(1068, 470) 438
(1065, 470) 439
(1064, 470) 440
(1062, 470) 441
(1059, 470) 442
(1057, 470) 443
(1056, 470) 444
(1052, 470) 445
(1049, 469) 446
(1049, 469) 447
(1047, 469) 448
(1043, 469) 449
(1045, 469) 450
(1050, 468) 451
(1054, 468) 452
(1057, 468) 453
(1060, 468) 454
(1065, 468) 455
(1069, 468) 456
(1068, 469) 457
(1068, 469) 458
(1067, 469) 459
(1064, 468) 460
(1060, 468) 461
(1055, 468) 462
(1052, 468) 463
(1046, 467) 464
(1041, 467) 465
(1038, 466) 466
(1035, 466) 467
(1035, 466) 468
(1037, 465) 469
(1037, 465) 470
(1033, 465) 471
(1025, 464) 472
(1018, 464) 473
(1013, 463) 474
(1009, 464) 475
(1004, 463) 476
(999, 462) 477
(995, 462) 478
(993, 461) 479
(989, 461) 480
(986, 461) 481
(984, 461) 482
(975, 461) 483
(973, 461) 484
(963, 461) 485
(962, 460) 486
(719, 395) 423
(719, 395) 424
(719, 395) 425
(719, 394) 426
(720, 394) 427
(720, 394) 428
(714, 393) 429
(707, 393) 430
(701, 392) 431
(696, 391) 432
(691, 391) 433
(687, 390) 434
(683, 390) 435
(679, 389) 436
(676, 388) 437
(673, 388) 438
(662, 388) 439
(653, 387) 440
(644, 386) 441
(636, 386) 442
(629, 385) 443
(623, 384) 444
(617, 384) 445
(612, 383) 446
(608, 383) 447
(604, 382) 448
(600, 381) 449
(597, 381) 450
(594, 380) 451
(591, 380) 452
(589, 379) 453
(586, 379) 454
(585, 378) 455
(583, 378) 456
(581, 377) 457
(580, 377) 458
(579, 376) 459
(577, 376) 460
(576, 375) 461
(575, 375) 462
(575, 374) 463
(568, 374) 464
(566, 374) 465
(569, 374) 466
(573, 374) 467
(583, 374) 468
(593, 375) 469
(603, 375) 470
(611, 375) 471
(618, 375) 472
(628, 376) 473
(637, 377) 474
(642, 377) 475
(648, 377) 476
(654, 378) 477
(660, 378) 478
(664, 379) 479
(667, 379) 480
(673, 380) 481
(681, 380) 482
(689, 380) 483
(697, 381) 484
(703, 381) 485
(709, 382) 486
(719, 383) 487
(731, 384) 488
(743, 385) 489
(752, 386) 490
(760, 387) 491
(768, 387) 492
(777, 388) 493
(785, 388) 494
(792, 389) 495
(798, 389) 496
(804, 389) 497
(815, 389) 498
(826, 390) 499
(837, 391) 500
(848, 392) 501
(857, 393) 502
(870, 394) 503
(877, 395) 504
(886, 396) 505
(892, 397) 506
(899, 398) 507
(905, 399) 508
(911, 399) 509
(919, 399) 510
(926, 400) 511
(931, 401) 512
(941, 402) 513
(945, 403) 514
(953, 404) 515
(958, 404) 516
(964, 405) 517
(971, 407) 518
(973, 407) 519
(973, 408) 520
(972, 409) 521
(971, 409) 522
(970, 410) 523
(968, 410) 524
(967, 411) 525
(964, 412) 526
(963, 412) 527
(953, 412) 528
(941, 412) 529
(930, 412) 530
(919, 412) 531
(910, 412) 532
(902, 411) 533
(894, 411) 534
(887, 411) 535
(881, 411) 536
(876, 411) 537
(871, 411) 538
(866, 411) 539
(869, 412) 540
(874, 412) 541
(882, 413) 542
(890, 413) 543
(897, 414) 544
(903, 414) 545
(908, 414) 546
(913, 414) 547
(917, 414) 548
(921, 415) 549
(924, 415) 550
(927, 415) 551
(930, 415) 552
(932, 415) 553
(935, 416) 554
(939, 416) 555
(943, 417) 556
(944, 417) 557
(946, 417) 558
(947, 417) 559
(948, 417) 560
(948, 417) 561
(944, 418) 562
(940, 419) 563
(936, 420) 564
(933, 421) 565
(930, 422) 566
(929, 423) 567
(927, 423) 568
(922, 424) 569
(920, 424) 570
(919, 425) 571
(920, 426) 572
(917, 427) 573
(917, 429) 574
(916, 429) 575
(913, 430) 576
(910, 431) 577
(908, 432) 578
(900, 432) 579
(893, 432) 580
(887, 433) 581
(881, 433) 582
(876, 433) 583
(878, 434) 584
(880, 435) 585
(885, 436) 586
(892, 437) 587
(898, 438) 588
(901, 439) 589
(905, 440) 590
(908, 441) 591
(911, 442) 592
(915, 443) 593
(918, 443) 594
(921, 443) 595
(924, 444) 596
(926, 444) 597
(929, 445) 598
(931, 446) 599
(933, 446) 600
(935, 447) 601
(936, 448) 602
(937, 448) 603
(939, 449) 604
(940, 450) 605
(941, 450) 606
(942, 451) 607
(943, 451) 608
(943, 452) 609
(944, 452) 610
(945, 453) 611
(945, 453) 612
(946, 454) 613
(947, 454) 614
(948, 454) 615
(949, 454) 616
(950, 454) 617
(950, 455) 618
(947, 455) 619
(943, 455) 620
(939, 455) 621
(935, 454) 622
(927, 454) 623
(922, 454) 624
(920, 453) 625
(923, 452) 626
(923, 451) 627
(924, 450) 628
(925, 449) 629
(926, 449) 630
(928, 449) 631
(930, 449) 632
(931, 450) 633
(932, 450) 634
(933, 450) 635
(936, 450) 636
(937, 450) 637
(939, 450) 638
(941, 450) 639
(943, 450) 640
(945, 450) 641
(946, 450) 642
(948, 449) 643
(950, 449) 644
(958, 449) 645
(965, 449) 646
(967, 448) 647
(968, 449) 648
(969, 449) 649
(968, 449) 650
(968, 449) 651
(968, 449) 652
(968, 449) 653
(968, 449) 654
(968, 448) 655
(963, 448) 656
(960, 448) 657
(958, 448) 658
(958, 448) 659
(961, 448) 660
(961, 448) 661
(961, 448) 662
(960, 448) 663
(960, 448) 664
(964, 447) 665
(968, 446) 666
(978, 446) 667
(986, 446) 668
(993, 446) 669
(992, 445) 670
(991, 444) 671
(991, 444) 672
(994, 443) 673
(994, 442) 674
(994, 441) 675
(993, 441) 676
(996, 440) 677
(996, 440) 678
(995, 440) 679
(992, 440) 680
(989, 439) 681
(992, 439) 682
(995, 439) 683
(998, 439) 684
(1001, 439) 685
(1003, 439) 686
(1004, 439) 687
(1003, 440) 688
(1000, 440) 689
(1001, 440) 690
(1002, 441) 691
(1002, 441) 692
(1002, 441) 693
(1002, 441) 694
(1000, 441) 695
(1000, 441) 696
(998, 441) 697
(995, 440) 698
(994, 440) 699
(990, 440) 700
(990, 440) 701
(985, 440) 702
(985, 439) 703
(981, 439) 704
(977, 438) 705
(976, 438) 706
(975, 438) 707
(975, 438) 708
(973, 438) 709
(972, 438) 710
(970, 438) 711
(970, 438) 712
(972, 437) 713
(974, 437) 714
(975, 437) 715
(977, 437) 716
(977, 437) 717
(977, 437) 718
(975, 436) 719
(972, 436) 720
(970, 435) 721
(970, 435) 722
(972, 435) 723
(976, 437) 724
(980, 438) 725
(982, 437) 726
(985, 437) 727
(986, 437) 728
(986, 436) 729
(988, 436) 730
(988, 435) 731
(983, 435) 732
(982, 434) 733
(978, 434) 734
(975, 434) 735
(973, 434) 736
(973, 434) 737
(974, 433) 738
(978, 433) 739
(982, 433) 740
(979, 433) 741
(973, 434) 742
(971, 434) 743
(969, 436) 744
(970, 436) 745
(971, 436) 746
(972, 437) 747
(971, 438) 748
(968, 438) 749
(965, 439) 750
(965, 439) 751
(964, 440) 752
(964, 441) 753
(965, 442) 754
(967, 442) 755
(966, 442) 756
(965, 443) 757
(964, 442) 758
(965, 442) 759
(965, 443) 760
(964, 443) 761
(965, 443) 762
(966, 444) 763
(967, 444) 764
(972, 444) 765
(973, 444) 766
(980, 444) 767
(984, 444) 768
(989, 443) 769
(993, 443) 770
(996, 443) 771
(999, 443) 772
(1003, 443) 773
(1006, 442) 774
(1007, 442) 775
(1008, 442) 776
(1008, 442) 777
(1008, 442) 778
(1002, 441) 779
(997, 440) 780
(994, 440) 781
(990, 439) 782
(986, 438) 783
(983, 437) 784
(980, 437) 785
(977, 437) 786
(975, 438) 787
(974, 439) 788
(972, 439) 789
(971, 440) 790
(970, 440) 791
(969, 440) 792
(968, 440) 793
(965, 441) 794
(962, 441) 795
(962, 443) 796
(963, 444) 797
(963, 446) 798
(964, 447) 799
(966, 448) 800
(965, 450) 801
(966, 450) 802
(966, 451) 803
(968, 452) 804
(970, 453) 805
(974, 454) 806
(976, 455) 807
(981, 456) 808
(985, 457) 809
(989, 458) 810
(992, 458) 811
(994, 459) 812
(996, 460) 813
(1004, 461) 814
(1005, 461) 815
(1002, 462) 816
(999, 464) 817
(997, 465) 818
(995, 467) 819
(993, 468) 820
(991, 469) 821
(989, 470) 822
(991, 470) 823
(993, 471) 824
(993, 471) 825
(995, 471) 826
(1000, 473) 827
(1000, 473) 828
(1000, 473) 829
(1002, 473) 830
(1002, 473) 831
(996, 473) 832
(990, 472) 833
(984, 472) 834
(979, 472) 835
(974, 472) 836
(970, 472) 837
(970, 472) 838
(970, 472) 839
(970, 472) 840
(970, 473) 841
(973, 475) 842
(974, 476) 843
(974, 477) 844
(974, 478) 845
(974, 479) 846
(975, 480) 847
(975, 482) 848
(975, 484) 849
(976, 485) 850
(976, 487) 851
(981, 487) 852
(985, 487) 853
(990, 487) 854
(999, 487) 855
(1003, 487) 856
(1007, 488) 857
(1011, 488) 858
(1015, 489) 859
(1021, 490) 860
(1026, 490) 861
(1031, 491) 862
(1043, 491) 863
(1053, 491) 864
(1053, 491) 865
(1049, 492) 866
(1044, 492) 867
(1038, 493) 868
(1033, 494) 869
(1028, 494) 870
(1023, 495) 871
(1018, 496) 872
(1014, 497) 873
(1009, 497) 874
(1010, 497) 875
(1010, 498) 876
(1012, 498) 877
(1014, 498) 878
(1015, 499) 879
(1017, 499) 880
(1017, 499) 881
(1012, 500) 882
(1007, 501) 883
(1003, 501) 884
(999, 502) 885
(994, 502) 886
(989, 503) 887
(984, 503) 888
(980, 503) 889
(978, 503) 890
(976, 503) 891
(975, 504) 892
(973, 504) 893
(974, 504) 894
(973, 505) 895
(972, 505) 896
(971, 505) 897
(971, 506) 898
(966, 506) 899
(962, 505) 900
(959, 505) 901
(957, 505) 902
(956, 505) 903
(955, 505) 904
(955, 505) 905
(954, 505) 906
(952, 505) 907
(952, 504) 908
(953, 503) 909
(959, 502) 910
(965, 500) 911
(970, 498) 912
(975, 496) 913
(975, 496) 914
(974, 496) 915
(973, 496) 916
(971, 496) 917
(970, 496) 918
(969, 496) 919
(969, 495) 920
(971, 494) 921
(976, 493) 922
(975, 492) 923
(975, 491) 924
(974, 489) 925
(974, 488) 926
(975, 487) 927
(975, 486) 928
(975, 485) 929
(975, 484) 930
(975, 483) 931
(981, 483) 932
(986, 483) 933
(991, 482) 934
(996, 482) 935
(1000, 482) 936
(1003, 482) 937
(1006, 482) 938
(1009, 482) 939
(1012, 481) 940
(1012, 481) 941
(1012, 480) 942
(1015, 480) 943
(1014, 479) 944
(1017, 479) 945
(1020, 479) 946
(1020, 478) 947
(1016, 478) 948
(1008, 477) 949
(1000, 477) 950
(990, 476) 951
(979, 476) 952
(969, 475) 953
(963, 475) 954
(955, 475) 955
(956, 475) 956
(956, 474) 957
(957, 474) 958
(958, 474) 959
(960, 474) 960
(962, 473) 961
(964, 474) 962
(966, 474) 963
(968, 474) 964
(969, 473) 965
(970, 473) 966
(972, 471) 967
(972, 470) 968
(971, 470) 969
(971, 469) 970
(970, 469) 971
(970, 469) 972
(970, 468) 973
(968, 468) 974
(967, 467) 975
(959, 467) 976
(950, 466) 977
(942, 465) 978
(935, 465) 979
(935, 464) 980
(928, 464) 981
(924, 463) 982
(927, 463) 983
(930, 462) 984
(934, 462) 985
(934, 462) 986
(937, 462) 987
(941, 463) 988
(941, 463) 989
(942, 463) 990
(944, 464) 991
(942, 464) 992
(940, 463) 993
(938, 463) 994
(934, 464) 995
(930, 464) 996
(926, 464) 997
(923, 465) 998
(920, 465) 999
(916, 466) 1000
(912, 467) 1001
(909, 468) 1002
(906, 468) 1003
(904, 469) 1004
(902, 470) 1005
(898, 470) 1006
(894, 470) 1007
(890, 470) 1008
(886, 470) 1009
(883, 470) 1010
(880, 470) 1011
(878, 470) 1012
(875, 470) 1013
(873, 470) 1014
(871, 470) 1015
(869, 470) 1016
(868, 470) 1017
(867, 470) 1018
(865, 470) 1019
(864, 470) 1020
(863, 470) 1021
(862, 470) 1022
(861, 470) 1023
(861, 470) 1024
(860, 470) 1025
(860, 470) 1026
(867, 470) 1027
(874, 470) 1028
(881, 470) 1029
(887, 470) 1030
(892, 469) 1031
(900, 469) 1032
(906, 469) 1033
(912, 469) 1034
(918, 469) 1035
(923, 468) 1036
(928, 467) 1037
(936, 467) 1038
(942, 466) 1039
(946, 465) 1040
(950, 464) 1041
(952, 464) 1042
(955, 463) 1043
(958, 463) 1044
(959, 463) 1045
(959, 463) 1046
(959, 463) 1047
(961, 463) 1048
(964, 463) 1049
(966, 463) 1050
(968, 463) 1051
(967, 463) 1052
(967, 463) 1053
(966, 465) 1054
(965, 465) 1055
(964, 464) 1056
(964, 464) 1057
(964, 463) 1058
(963, 463) 1059
(963, 462) 1060
(963, 462) 1061
(963, 461) 1062
(963, 461) 1063
(963, 460) 1064
(962, 459) 1065
(962, 459) 1066
(962, 458) 1067
(962, 458) 1068
(962, 457) 1069
(962, 457) 1070
(962, 456) 1071
(962, 456) 1072
(962, 455) 1073
(962, 455) 1074
(962, 454) 1075
(961, 454) 1076
(959, 453) 1077
(958, 453) 1078
(957, 452) 1079
(957, 452) 1080
(956, 451) 1081
(955, 451) 1082
(955, 450) 1083
(955, 450) 1084
(958, 448) 1085
(961, 447) 1086
(967, 445) 1087
(971, 443) 1088
(975, 441) 1089
(977, 439) 1090
(980, 437) 1091
(982, 435) 1092
(986, 433) 1093
(992, 430) 1094
(998, 429) 1095
(1002, 427) 1096
(1005, 425) 1097
(1008, 424) 1098
(1012, 422) 1099
(1016, 421) 1100
(1016, 419) 1101
(1014, 417) 1102
(1013, 416) 1103
(1011, 415) 1104
(1010, 413) 1105
(1011, 413) 1106
(1010, 412) 1107
(1010, 412) 1108
(1013, 411) 1109
(1014, 410) 1110
(1014, 411) 1111
(1014, 411) 1112
(1014, 412) 1113
(1014, 412) 1114
(1016, 413) 1115
(1018, 413) 1116
(1018, 414) 1117
(1015, 415) 1118
(1012, 416) 1119
(1014, 417) 1120
(1015, 417) 1121
(1017, 418) 1122
(1018, 418) 1123
(1018, 419) 1124
(1016, 418) 1125
(1014, 418) 1126
(1010, 418) 1127
(1005, 418) 1128
(999, 417) 1129
(993, 417) 1130
(988, 416) 1131
(981, 416) 1132
(979, 415) 1133
(978, 414) 1134
(978, 413) 1135
(979, 412) 1136
(985, 411) 1137
(992, 410) 1138
(997, 410) 1139
(1002, 409) 1140
(1006, 408) 1141
(1010, 407) 1142
(1014, 408) 1143
(1018, 408) 1144
(1021, 409) 1145
(1024, 410) 1146
(1024, 410) 1147
(1024, 410) 1148
(1018, 411) 1149
(1012, 412) 1150
(1006, 412) 1151
(1002, 412) 1152
(995, 412) 1153
(991, 412) 1154
(985, 412) 1155
(980, 412) 1156
(975, 412) 1157
(972, 412) 1158
(970, 413) 1159
(969, 413) 1160
(968, 413) 1161
(969, 414) 1162
(968, 415) 1163
(965, 416) 1164
(962, 416) 1165
(958, 417) 1166
(954, 417) 1167
(949, 416) 1168
(944, 417) 1169
(939, 416) 1170
(933, 416) 1171
(927, 416) 1172
(922, 416) 1173
(918, 416) 1174
(914, 416) 1175
(913, 416) 1176
(913, 416) 1177
(913, 417) 1178
(914, 418) 1179
(915, 419) 1180
(916, 420) 1181
(918, 421) 1182
(917, 421) 1183
(916, 421) 1184
(916, 421) 1185
(917, 420) 1186
(917, 419) 1187
(914, 419) 1188
(911, 419) 1189
(909, 419) 1190
(908, 419) 1191
(906, 419) 1192
(905, 419) 1193
(906, 419) 1194
(909, 419) 1195
(915, 420) 1196
(915, 420) 1197
(922, 420) 1198
(928, 420) 1199
(934, 420) 1200
(939, 420) 1201
(944, 421) 1202
(948, 421) 1203
(954, 421) 1204
(958, 422) 1205
(963, 422) 1206
(975, 422) 1207
(989, 421) 1208
(1000, 421) 1209
(1007, 420) 1210
(1013, 420) 1211
(1018, 420) 1212
(1017, 419) 1213
(1017, 419) 1214
(1023, 419) 1215
(1035, 418) 1216
(1047, 419) 1217
(1053, 419) 1218
(1065, 419) 1219
(1074, 418) 1220
(1082, 419) 1221
(1089, 418) 1222
(1094, 418) 1223
(1102, 418) 1224
(1109, 418) 1225
(1115, 418) 1226
(1121, 418) 1227
(1126, 417) 1228
(1131, 417) 1229
(1135, 417) 1230
(1139, 417) 1231
(1142, 417) 1232
(1145, 417) 1233
(1148, 416) 1234
(1150, 416) 1235
(1160, 416) 1236
(1169, 415) 1237
(1177, 414) 1238
(1183, 414) 1239
(1189, 413) 1240
(1196, 412) 1241
(1201, 411) 1242
(1202, 410) 1243
(1202, 409) 1244
(1202, 409) 1245
(1201, 408) 1246
(1199, 407) 1247
(1191, 407) 1248
(1189, 407) 1249
(1185, 406) 1250
(1182, 406) 1251
(1181, 406) 1252
(1181, 405) 1253
(1184, 405) 1254
(1187, 404) 1255
(1189, 404) 1256
(1194, 404) 1257
(1200, 404) 1258
(1202, 403) 1259
(1207, 403) 1260
(1211, 402) 1261
(1215, 401) 1262
(1219, 400) 1263
(1222, 400) 1264
(1225, 399) 1265
(1227, 398) 1266
(1230, 397) 1267
(1229, 397) 1268
(1226, 397) 1269
(1225, 396) 1270
(1223, 396) 1271
(1217, 395) 1272
(1210, 394) 1273
(1205, 393) 1274
(1200, 392) 1275
(1195, 391) 1276
(1191, 391) 1277
(1187, 392) 1278
(1184, 392) 1279
(1180, 393) 1280
(1178, 393) 1281
(1175, 394) 1282
(1175, 393) 1283
(1175, 392) 1284
(1683, 559) 462
(1683, 559) 463
(1682, 557) 464
(1677, 556) 465
(1676, 557) 466
(1673, 557) 467
(1672, 557) 468
(1671, 557) 469
(1669, 557) 470
(1668, 557) 471
(1667, 557) 472
(1665, 556) 473
(1664, 556) 474
(1663, 556) 475
(1663, 556) 476
(1662, 556) 477
(1661, 556) 478
(1661, 556) 479
(1660, 556) 480
(1660, 556) 481
(1659, 556) 482
(1659, 556) 483
(1658, 556) 484
(1658, 556) 485
(1658, 556) 486
(1658, 556) 487
(1661, 555) 488
(1661, 554) 489
(1662, 554) 490
(1662, 553) 491
(1662, 553) 492
(1662, 552) 493
(1661, 552) 494
(1661, 551) 495
(1661, 551) 496
(1661, 551) 497
(1661, 551) 498
(1661, 550) 499
(1662, 550) 500
(1664, 551) 501
(1666, 551) 502
(1669, 551) 503
(1672, 550) 504
(1675, 550) 505
(1679, 550) 506
(1687, 550) 507
(1699, 550) 508
(1711, 550) 509
(1723, 550) 510
(1733, 550) 511
(1743, 550) 512
(1755, 548) 513
(1765, 546) 514
(1775, 545) 515
(1783, 543) 516
(1795, 543) 517
(1802, 542) 518
(1809, 540) 519
(1815, 539) 520
(1821, 537) 521
(1826, 536) 522
(1830, 535) 523
(1834, 534) 524
(1838, 532) 525
(1841, 531) 526
(1844, 530) 527
(1847, 529) 528
(1849, 528) 529
(1849, 525) 530
(580, 418) 481
(579, 418) 482
(579, 418) 483
(579, 418) 484
(574, 417) 485
(569, 417) 486
(565, 417) 487
(561, 416) 488
(558, 416) 489
(555, 415) 490
(553, 415) 491
(550, 415) 492
(548, 414) 493
(546, 414) 494
(544, 414) 495
(543, 414) 496
(541, 413) 497
(540, 413) 498
(539, 413) 499
(538, 412) 500
(536, 414) 501
(531, 415) 502
(524, 416) 503
(517, 417) 504
(510, 418) 505
(504, 419) 506
(499, 420) 507
(494, 421) 508
(489, 422) 509
(485, 423) 510
(481, 424) 511
(478, 425) 512
(475, 426) 513
(472, 427) 514
(470, 427) 515
(467, 428) 516
(465, 429) 517
(463, 430) 518
(462, 431) 519
(460, 431) 520
(460, 432) 521
(465, 432) 522
(470, 432) 523
(474, 433) 524
(477, 433) 525
(486, 433) 526
(488, 433) 527
(489, 433) 528
(490, 434) 529
(491, 434) 530
(492, 434) 531
(493, 435) 532
(493, 435) 533
(492, 437) 534
(490, 438) 535
(488, 439) 536
(488, 441) 537
(488, 442) 538
(487, 443) 539
(489, 443) 540
(494, 443) 541
(497, 444) 542
(498, 444) 543
(499, 445) 544
(502, 445) 545
(505, 446) 546
(502, 446) 547
(499, 447) 548
(496, 447) 549
(493, 448) 550
(489, 449) 551
(485, 449) 552
(482, 450) 553
(479, 451) 554
(477, 451) 555
(475, 452) 556
(474, 453) 557
(475, 453) 558
(475, 454) 559
(475, 454) 560
(475, 455) 561
(471, 455) 562
(461, 456) 563
(452, 456) 564
(443, 457) 565
(435, 458) 566
(424, 459) 567
(414, 459) 568
(405, 460) 569
(393, 461) 570
(1918, 625) 569
(1919, 625) 570
(1921, 624) 571
(1921, 624) 572
(4, 623) 573
(6, 622) 574
(7, 622) 575
(9, 621) 576
(11, 620) 577
(12, 619) 578
(14, 619) 579
(16, 618) 580
(17, 617) 581
(19, 616) 582
(26, 614) 583
(30, 613) 584
(33, 612) 585
(35, 610) 586
(37, 609) 587
(37, 608) 588
(38, 607) 589
(39, 605) 590
(40, 604) 591
(40, 603) 592
(41, 602) 593
(42, 601) 594
(42, 599) 595
(42, 598) 596
(42, 598) 597
(41, 598) 598
(39, 597) 599
(38, 597) 600
(37, 597) 601
(36, 597) 602
(34, 597) 603
(34, 597) 604
(34, 597) 605
(34, 597) 606
(32, 596) 607
(25, 595) 608
(19, 594) 609
(17, 593) 610
(14, 592) 611
(10, 592) 612
(10, 591) 613
(1927, 590) 614
(1921, 588) 615
(1915, 587) 616
(1910, 586) 617
(1911, 586) 618
(1912, 586) 619
(1916, 586) 620
(1916, 587) 621
(5, 587) 622
(11, 586) 623
(16, 586) 624
(20, 587) 625
(24, 588) 626
(25, 589) 627
(26, 589) 628
(27, 590) 629
(27, 590) 630
(30, 591) 631
(34, 591) 632
(35, 592) 633
(43, 593) 634
(48, 594) 635
(52, 595) 636
(56, 595) 637
(62, 597) 638
(1125, 467) 618
(1125, 467) 619
(1125, 467) 620
(1125, 467) 621
(1125, 467) 622
(1125, 467) 623
(1125, 467) 624
(1125, 467) 625
(1126, 467) 626
(1126, 467) 627
(1126, 467) 628
(1126, 467) 629
(1126, 467) 630
(1126, 467) 631
(1132, 466) 632
(1137, 465) 633
(1142, 464) 634
(1146, 463) 635
(1150, 463) 636
(1153, 462) 637
(1156, 461) 638
(1159, 460) 639
(1162, 460) 640
(1166, 459) 641
(1169, 458) 642
(1172, 458) 643
(1177, 456) 644
(1181, 454) 645
(1185, 453) 646
(1193, 452) 647
(1200, 451) 648
(1210, 451) 649
(1220, 451) 650
(1229, 451) 651
(1237, 451) 652
(1241, 451) 653
(1243, 451) 654
(1244, 451) 655
(1244, 451) 656
(1245, 451) 657
(1246, 451) 658
(1246, 451) 659
(1247, 451) 660
(1247, 451) 661
(1247, 451) 662
(1247, 451) 663
(1242, 451) 664
(1238, 450) 665
(1233, 449) 666
(1229, 449) 667
(1226, 448) 668
(1223, 447) 669
(1226, 447) 670
(1228, 446) 671
(1230, 445) 672
(1232, 444) 673
(1232, 444) 674
(1232, 443) 675
(1227, 442) 676
(1222, 441) 677
(1218, 441) 678
(1211, 440) 679
(1206, 439) 680
(1201, 439) 681
(200, 522) 633
(201, 522) 634
(200, 522) 635
(199, 522) 636
(196, 523) 637
(194, 524) 638
(186, 526) 639
(175, 528) 640
(163, 530) 641
(159, 532) 642
(152, 533) 643
(146, 534) 644
(141, 535) 645
(136, 535) 646
(132, 536) 647
(124, 538) 648
(118, 540) 649
(111, 541) 650
(106, 543) 651
(101, 544) 652
(97, 546) 653
(93, 547) 654
(89, 548) 655
(87, 549) 656
(82, 549) 657
(81, 548) 658
(81, 548) 659
(79, 548) 660
(71, 549) 661
(66, 549) 662
(62, 549) 663
(58, 549) 664
(53, 549) 665
(49, 549) 666
(45, 549) 667
(41, 549) 668
(38, 549) 669
(34, 549) 670
(30, 549) 671
(29, 550) 672
(28, 550) 673
(27, 550) 674
(25, 549) 675
(23, 548) 676
(21, 547) 677
(18, 546) 678
(16, 546) 679
(14, 545) 680
(12, 545) 681
(12, 545) 682
(11, 544) 683
(11, 543) 684
(10, 543) 685
(11, 542) 686
(12, 542) 687
(13, 541) 688
(14, 541) 689
(15, 541) 690
(17, 541) 691
(19, 543) 692
(21, 545) 693
(22, 546) 694
(23, 548) 695
(25, 549) 696
(26, 550) 697
(28, 551) 698
(29, 552) 699
(30, 553) 700
(34, 554) 701
(37, 554) 702
(39, 555) 703
(42, 555) 704
(44, 555) 705
(46, 556) 706
(46, 556) 707
(50, 557) 708
(56, 558) 709
(59, 559) 710
(63, 560) 711
(66, 560) 712
(69, 561) 713
(71, 561) 714
(73, 562) 715
(75, 563) 716
(77, 563) 717
(78, 564) 718
(77, 564) 719
(74, 564) 720
(72, 564) 721
(69, 563) 722
(67, 563) 723
(64, 563) 724
(62, 563) 725
(60, 562) 726
(58, 562) 727
(56, 562) 728
(52, 561) 729
(49, 560) 730
(45, 560) 731
(45, 561) 732
(43, 560) 733
(43, 561) 734
(40, 561) 735
(38, 560) 736
(36, 560) 737
(33, 560) 738
(31, 559) 739
(29, 558) 740
(26, 557) 741
(24, 556) 742
(19, 555) 743
(16, 553) 744
(13, 551) 745
(10, 549) 746
(8, 547) 747
(8, 546) 748
(6, 546) 749
(6, 546) 750
(5, 545) 751
(5, 545) 752
(4, 544) 753
(4, 544) 754
(4, 543) 755
(4, 543) 756
(3, 542) 757
(3, 542) 758
(3, 542) 759
(3, 541) 760
(6, 541) 761
(9, 542) 762
(12, 544) 763
(14, 546) 764
(16, 547) 765
(15, 548) 766
(14, 549) 767
(12, 550) 768
(11, 551) 769
(10, 551) 770
(8, 551) 771
(7, 551) 772
(6, 552) 773
(6, 552) 774
(1925, 552) 775
(1924, 553) 776
(1923, 553) 777
(1923, 553) 778
(1922, 553) 779
(1922, 554) 780
(1921, 554) 781
(1921, 554) 782
(1921, 555) 783
(1920, 555) 784
(1920, 555) 785
(1920, 556) 786
(1920, 556) 787
(1919, 556) 788
(1919, 556) 789
(1919, 557) 790
(1919, 557) 791
(1919, 557) 792
(1919, 557) 793
(1915, 558) 794
(1911, 559) 795
(1909, 560) 796
(1907, 560) 797
(1905, 561) 798
(1904, 561) 799
(1903, 562) 800
(1902, 562) 801
(1902, 562) 802
(1901, 562) 803
(1901, 562) 804
(1907, 562) 805
(1913, 562) 806
(1919, 562) 807
(1919, 561) 808
(10, 561) 809
(15, 561) 810
(19, 560) 811
(23, 560) 812
(27, 559) 813
(30, 558) 814
(33, 558) 815
(36, 557) 816
(34, 556) 817
(32, 554) 818
(30, 553) 819
(27, 551) 820
(27, 548) 821
(26, 545) 822
(25, 543) 823
(25, 540) 824
(24, 537) 825
(24, 533) 826
(25, 529) 827
(26, 524) 828
(27, 520) 829
(31, 517) 830
(31, 513) 831
(35, 510) 832
(39, 507) 833
(1341, 443) 648
(1341, 443) 649
(1341, 443) 650
(1341, 443) 651
(1341, 443) 652
(1341, 443) 653
(1341, 443) 654
(1341, 443) 655
(1341, 443) 656
(1341, 443) 657
(1341, 443) 658
(1341, 443) 659
(1341, 443) 660
(1341, 443) 661
(1341, 443) 662
(1341, 443) 663
(1347, 443) 664
(1352, 444) 665
(1357, 444) 666
(1361, 445) 667
(1365, 445) 668
(1368, 446) 669
(1371, 446) 670
(1374, 446) 671
(1376, 447) 672
(1379, 447) 673
(1381, 448) 674
(1383, 448) 675
(1384, 449) 676
(1386, 449) 677
(1387, 449) 678
(1388, 450) 679
(1391, 451) 680
(1394, 452) 681
(1396, 453) 682
(1399, 454) 683
(1398, 455) 684
(1400, 456) 685
(1403, 458) 686
(1406, 459) 687
(1410, 460) 688
(1413, 462) 689
(1416, 463) 690
(1419, 463) 691
(1424, 463) 692
(1428, 463) 693
(1432, 463) 694
(1436, 463) 695
(1439, 462) 696
(1441, 462) 697
(1440, 461) 698
(1439, 460) 699
(1437, 459) 700
(1436, 458) 701
(1434, 457) 702
(1433, 456) 703
(1432, 455) 704
(1431, 454) 705
(1430, 453) 706
(1427, 452) 707
(1424, 451) 708
(1421, 450) 709
(1419, 449) 710
(1416, 448) 711
(1414, 447) 712
(1412, 447) 713
(1411, 446) 714
(1409, 445) 715
(1408, 444) 716
(1406, 443) 717
(1405, 442) 718
(1404, 442) 719
(1403, 441) 720
(1400, 442) 721
(1398, 442) 722
(1395, 443) 723
(1393, 443) 724
(1390, 444) 725
(1387, 444) 726
(487, 417) 664
(480, 417) 665
(472, 417) 666
(465, 418) 667
(458, 418) 668
(448, 419) 669
(439, 420) 670
(433, 421) 671
(426, 422) 672
(421, 424) 673
(416, 425) 674
(412, 426) 675
(408, 427) 676
(404, 428) 677
(401, 430) 678
(401, 431) 679
(403, 432) 680
(414, 432) 681
(428, 432) 682
(441, 432) 683
(451, 433) 684
(469, 433) 685
(485, 433) 686
(499, 433) 687
(511, 433) 688
(523, 433) 689
(529, 433) 690
(534, 433) 691
(534, 433) 692
(535, 433) 693
(538, 433) 694
(537, 433) 695
(536, 433) 696
(535, 433) 697
(535, 433) 698
(534, 433) 699
(529, 433) 700
(524, 434) 701
(519, 434) 702
(515, 434) 703
(512, 435) 704
(508, 435) 705
(505, 435) 706
(505, 435) 707
(503, 435) 708
(502, 434) 709
(503, 434) 710
(504, 434) 711
(506, 434) 712
(507, 434) 713
(509, 433) 714
(510, 434) 715
(511, 434) 716
(517, 434) 717
(522, 434) 718
(524, 434) 719
(526, 435) 720
(529, 435) 721
(533, 435) 722
(537, 435) 723
(540, 435) 724
(543, 435) 725
(543, 435) 726
(544, 435) 727
(546, 435) 728
(545, 435) 729
(545, 436) 730
(550, 436) 731
(557, 436) 732
(563, 437) 733
(1459, 327) 774
(1467, 327) 775
(1473, 328) 776
(1479, 328) 777
(1483, 329) 778
(1486, 329) 779
(1490, 329) 780
(1493, 330) 781
(1495, 330) 782
(1498, 330) 783
(1500, 331) 784
(1502, 331) 785
(1503, 332) 786
(1505, 332) 787
(1506, 332) 788
(1508, 333) 789
(1509, 333) 790
(1510, 333) 791
(1511, 333) 792
(1512, 334) 793
(1512, 334) 794
(1513, 334) 795
(1514, 335) 796
(1514, 336) 797
(1515, 338) 798
(1515, 339) 799
(1516, 341) 800
(1516, 342) 801
(1516, 344) 802
(1517, 346) 803
(1521, 348) 804
(1524, 350) 805
(1527, 353) 806
(1529, 355) 807
(1529, 358) 808
(1528, 360) 809
(1526, 362) 810
(1523, 364) 811
(1521, 366) 812
(1519, 368) 813
(1517, 370) 814
(1515, 372) 815
(1514, 374) 816
(1512, 376) 817
(1505, 378) 818
(1500, 380) 819
(1496, 383) 820
(1493, 385) 821
(1485, 387) 822
(1479, 389) 823
(1470, 391) 824
(1464, 393) 825
(1461, 395) 826
(1459, 397) 827
(1461, 399) 828
(1462, 401) 829
(1464, 403) 830
(1467, 405) 831
(1469, 407) 832
(1471, 410) 833
(1474, 412) 834
(1474, 414) 835
(1474, 417) 836
(1475, 419) 837
(697, 446) 778
(697, 446) 779
(697, 446) 780
(697, 446) 781
(697, 446) 782
(697, 446) 783
(697, 446) 784
(697, 446) 785
(697, 446) 786
(695, 447) 787
(693, 448) 788
(691, 449) 789
(688, 450) 790
(687, 451) 791
(686, 453) 792
(685, 454) 793
(684, 455) 794
(685, 458) 795
(685, 461) 796
(685, 463) 797
(685, 466) 798
(685, 469) 799
(685, 471) 800
(685, 474) 801
(685, 476) 802
(685, 478) 803
(685, 481) 804
(685, 483) 805
(685, 485) 806
(685, 487) 807
(685, 489) 808
(684, 491) 809
(683, 493) 810
(681, 496) 811
(672, 498) 812
(662, 500) 813
(652, 503) 814
(642, 505) 815
(636, 507) 816
(631, 510) 817
(626, 512) 818
(620, 514) 819
(613, 514) 820
(606, 515) 821
(595, 514) 822
(580, 513) 823
(567, 511) 824
(555, 509) 825
(544, 508) 826
(534, 506) 827
(525, 504) 828
(517, 503) 829
(509, 501) 830
(503, 500) 831
(497, 498) 832
(493, 497) 833
(489, 495) 834
(486, 494) 835
(483, 493) 836
(481, 491) 837
(481, 490) 838
(481, 489) 839
(483, 489) 840
(485, 488) 841
(491, 488) 842
(497, 487) 843
(495, 485) 844
(491, 485) 845
(486, 485) 846
(1295, 460) 787
(1292, 459) 788
(1293, 460) 789
(1294, 460) 790
(1297, 460) 791
(1300, 459) 792
(1302, 457) 793
(1304, 455) 794
(1305, 453) 795
(1307, 452) 796
(1309, 451) 797
(1308, 449) 798
(1308, 448) 799
(1312, 448) 800
(1315, 447) 801
(1312, 446) 802
(1310, 444) 803
(1306, 443) 804
(1303, 442) 805
(1304, 441) 806
(1305, 439) 807
(1307, 437) 808
(1309, 436) 809
(1311, 434) 810
(1312, 433) 811
(1313, 432) 812
(1313, 431) 813
(1312, 430) 814
(1311, 427) 815
(1310, 426) 816
(1309, 425) 817
(1308, 424) 818
(1307, 423) 819
(1306, 422) 820
(1305, 420) 821
(1304, 419) 822
(1301, 420) 823
(1296, 420) 824
(1291, 420) 825
(1287, 420) 826
(1283, 419) 827
(1281, 419) 828
(1279, 419) 829
(1277, 419) 830
(1275, 419) 831
(1273, 418) 832
(1271, 418) 833
(1269, 418) 834
(1268, 418) 835
(1267, 418) 836
(1265, 418) 837
(1264, 417) 838
(1263, 417) 839
(1262, 417) 840
(1262, 417) 841
(1266, 417) 842
(1271, 417) 843
(1276, 416) 844
(1280, 416) 845
(1283, 416) 846
(1291, 415) 847
(1293, 416) 848
(1295, 417) 849
(1296, 417) 850
(1298, 418) 851
(1301, 418) 852
(1304, 418) 853
(1306, 419) 854
(1309, 419) 855
(1310, 418) 856
(1312, 418) 857
(1314, 418) 858
(1315, 418) 859
(1316, 417) 860
(1317, 417) 861
(1318, 417) 862
(1319, 417) 863
(1320, 417) 864
(1320, 416) 865
(1321, 416) 866
(1327, 415) 867
(1334, 415) 868
(1339, 414) 869
(1341, 414) 870
(1342, 414) 871
(1346, 413) 872
(1347, 414) 873
(1347, 414) 874
(1349, 414) 875
(1351, 414) 876
(1350, 415) 877
(1350, 415) 878
(1349, 416) 879
(1349, 417) 880
(1348, 417) 881
(1347, 418) 882
(1346, 418) 883
(1346, 419) 884
(1345, 420) 885
(1344, 420) 886
(1342, 421) 887
(1340, 422) 888
(1339, 422) 889
(1340, 422) 890
(1335, 423) 891
(1330, 423) 892
(1325, 423) 893
(1322, 423) 894
(1320, 423) 895
(1321, 423) 896
(1323, 423) 897
(1323, 422) 898
(1323, 422) 899
(1317, 423) 900
(1313, 423) 901
(1310, 424) 902
(1307, 425) 903
(1299, 426) 904
(922, 302) 834
(922, 302) 835
(921, 302) 836
(921, 302) 837
(923, 301) 838
(925, 301) 839
(926, 301) 840
(928, 300) 841
(930, 300) 842
(931, 299) 843
(933, 299) 844
(934, 298) 845
(935, 298) 846
(936, 298) 847
(937, 298) 848
(937, 297) 849
(938, 297) 850
(938, 297) 851
(939, 297) 852
(939, 297) 853
(940, 297) 854
(940, 297) 855
(940, 297) 856
(940, 297) 857
(940, 296) 858
(940, 296) 859
(939, 296) 860
(938, 296) 861
(938, 296) 862
(937, 295) 863
(936, 295) 864
(935, 295) 865
(934, 295) 866
(932, 295) 867
(931, 294) 868
(930, 294) 869
(928, 294) 870
(927, 293) 871
(926, 293) 872
(923, 293) 873
(921, 293) 874
(922, 292) 875
(923, 292) 876
(926, 292) 877
(928, 292) 878
(936, 291) 879
(944, 291) 880
(946, 290) 881
(957, 289) 882
(966, 288) 883
(974, 286) 884
(980, 285) 885
(985, 284) 886
(989, 283) 887
(993, 281) 888
(997, 280) 889
(1000, 279) 890
(1003, 278) 891
(1006, 277) 892
(1008, 276) 893
(1010, 275) 894
(1012, 274) 895
(1014, 272) 896
(1022, 272) 897
(1030, 272) 898
(1038, 272) 899
(1043, 271) 900
(1045, 271) 901
(1051, 271) 902
(1056, 271) 903
(1060, 270) 904
(1064, 270) 905
(1067, 270) 906
(1070, 270) 907
(1079, 269) 908
(1086, 269) 909
(1093, 269) 910
(1100, 268) 911
(1102, 268) 912
(1103, 267) 913
(1104, 267) 914
(1104, 266) 915
(1106, 266) 916
(1107, 266) 917
(1109, 265) 918
(1110, 265) 919
(1111, 265) 920
(1112, 265) 921
(1112, 264) 922
(1113, 264) 923
(1114, 264) 924
(1115, 264) 925
(1115, 263) 926
(1116, 263) 927
(1116, 263) 928
(1116, 263) 929
(1124, 263) 930
(1132, 262) 931
(1141, 262) 932
(1156, 262) 933
(1170, 261) 934
(1183, 261) 935
(1194, 260) 936
(1205, 260) 937
(1214, 259) 938
(1228, 259) 939
(1242, 259) 940
(1254, 259) 941
(1266, 259) 942
(276, 479) 864
(282, 479) 865
(288, 479) 866
(293, 479) 867
(291, 478) 868
(289, 478) 869
(287, 477) 870
(285, 477) 871
(284, 477) 872
(282, 478) 873
(281, 477) 874
(280, 477) 875
(279, 476) 876
(278, 476) 877
(277, 476) 878
(272, 476) 879
(268, 477) 880
(264, 477) 881
(261, 478) 882
(258, 479) 883
(255, 479) 884
(257, 480) 885
(258, 480) 886
(259, 481) 887
(260, 481) 888
(261, 482) 889
(262, 482) 890
(263, 482) 891
(264, 482) 892
(265, 482) 893
(266, 482) 894
(267, 482) 895
(268, 482) 896
(270, 482) 897
(272, 481) 898
(274, 481) 899
(276, 481) 900
(277, 480) 901
(277, 480) 902
(278, 479) 903
(279, 479) 904
(280, 478) 905
(281, 478) 906
(282, 477) 907
(283, 477) 908
(285, 477) 909
(286, 476) 910
(288, 476) 911
(290, 476) 912
(291, 476) 913
(293, 475) 914
(295, 475) 915
(297, 475) 916
(299, 475) 917
(301, 475) 918
(303, 475) 919
(304, 475) 920
(306, 475) 921
(308, 475) 922
(310, 475) 923
(312, 475) 924
(314, 475) 925
(315, 475) 926
(317, 475) 927
(319, 475) 928
(321, 475) 929
(324, 475) 930
(332, 438) 866
(335, 438) 867
(341, 438) 868
(348, 437) 869
(353, 437) 870
(354, 438) 871
(358, 438) 872
(364, 438) 873
(370, 438) 874
(380, 438) 875
(390, 438) 876
(398, 439) 877
(405, 439) 878
(411, 439) 879
(416, 439) 880
(416, 439) 881
(416, 440) 882
(416, 440) 883
(417, 440) 884
(421, 440) 885
(425, 440) 886
(430, 440) 887
(434, 440) 888
(438, 440) 889
(441, 440) 890
(444, 440) 891
(447, 440) 892
(450, 440) 893
(453, 439) 894
(456, 439) 895
(460, 439) 896
(464, 439) 897
(467, 439) 898
(469, 439) 899
(472, 439) 900
(475, 438) 901
(479, 438) 902
(483, 437) 903
(491, 437) 904
(493, 437) 905
(500, 436) 906
(501, 436) 907
(502, 436) 908
(502, 436) 909
(504, 435) 910
(513, 435) 911
(522, 435) 912
(527, 435) 913
(531, 435) 914
(536, 434) 915
(540, 434) 916
(545, 434) 917
(553, 434) 918
(564, 434) 919
(574, 434) 920
(584, 434) 921
(593, 434) 922
(602, 434) 923
(609, 433) 924
(616, 433) 925
(622, 433) 926
(629, 433) 927
(640, 433) 928
(649, 433) 929
(659, 433) 930
(670, 433) 931
(680, 433) 932
(685, 434) 933
(694, 434) 934
(701, 434) 935
(708, 434) 936
(715, 435) 937
(721, 435) 938
(726, 435) 939
(731, 435) 940
(735, 435) 941
(739, 435) 942
(742, 436) 943
(745, 436) 944
(748, 436) 945
(751, 436) 946
(751, 436) 947
(747, 436) 948
(742, 436) 949
(738, 435) 950
(734, 435) 951
(730, 435) 952
(724, 435) 953
(718, 434) 954
(714, 434) 955
(709, 433) 956
(705, 433) 957
(702, 433) 958
(698, 432) 959
(701, 432) 960
(702, 433) 961
(704, 433) 962
(705, 433) 963
(705, 433) 964
(704, 433) 965
(704, 433) 966
(703, 434) 967
(702, 434) 968
(703, 435) 969
(704, 435) 970
(711, 436) 971
(717, 437) 972
(717, 438) 973
(719, 438) 974
(723, 438) 975
(726, 438) 976
(729, 438) 977
(732, 438) 978
(734, 438) 979
(735, 439) 980
(736, 439) 981
(736, 439) 982
(739, 439) 983
(742, 440) 984
(744, 441) 985
(747, 441) 986
(749, 442) 987
(751, 442) 988
(752, 443) 989
(754, 443) 990
(755, 444) 991
(756, 445) 992
(757, 445) 993
(758, 446) 994
(759, 446) 995
(762, 448) 996
(762, 449) 997
(760, 451) 998
(757, 452) 999
(754, 453) 1000
(753, 454) 1001
(751, 454) 1002
(749, 455) 1003
(750, 455) 1004
(751, 455) 1005
(752, 456) 1006
(752, 456) 1007
(746, 456) 1008
(740, 455) 1009
(733, 456) 1010
(722, 456) 1011
(709, 457) 1012
(692, 458) 1013
(674, 459) 1014
(658, 460) 1015
(642, 462) 1016
(629, 463) 1017
(616, 464) 1018
(603, 465) 1019
(590, 466) 1020
(580, 466) 1021
(570, 466) 1022
(561, 467) 1023
(550, 467) 1024
(538, 468) 1025
(526, 468) 1026
(513, 469) 1027
(497, 470) 1028
(489, 471) 1029
(480, 471) 1030
(468, 473) 1031
(456, 474) 1032
(445, 476) 1033
(436, 477) 1034
(428, 478) 1035
(420, 480) 1036
(407, 482) 1037
(1140, 476) 893
(1140, 476) 894
(1140, 476) 895
(1140, 476) 896
(1140, 476) 897
(1140, 476) 898
(1139, 477) 899
(1138, 479) 900
(1138, 480) 901
(1138, 481) 902
(1137, 483) 903
(1137, 484) 904
(1144, 485) 905
(1150, 485) 906
(1158, 486) 907
(1166, 486) 908
(1173, 487) 909
(1180, 487) 910
(1186, 488) 911
(1191, 488) 912
(1195, 489) 913
(1200, 489) 914
(1199, 490) 915
(1198, 491) 916
(1198, 491) 917
(1198, 492) 918
(1199, 492) 919
(1199, 492) 920
(1201, 494) 921
(1202, 496) 922
(1203, 497) 923
(1205, 499) 924
(1207, 501) 925
(1208, 502) 926
(1209, 503) 927
(1211, 505) 928
(1212, 506) 929
(1213, 508) 930
(1214, 509) 931
(1214, 510) 932
(1213, 511) 933
(1213, 511) 934
(1213, 511) 935
(1215, 510) 936
(1216, 508) 937
(1216, 507) 938
(1220, 506) 939
(1224, 504) 940
(1226, 503) 941
(1227, 502) 942
(1229, 500) 943
(1230, 499) 944
(1231, 498) 945
(1232, 497) 946
(1233, 496) 947
(1234, 495) 948
(1240, 494) 949
(1247, 493) 950
(1253, 493) 951
(1260, 493) 952
(1264, 493) 953
(1272, 492) 954
(1279, 491) 955
(1285, 491) 956
(1291, 490) 957
(1296, 490) 958
(1301, 489) 959
(1298, 489) 960
(1294, 488) 961
(1291, 487) 962
(1288, 486) 963
(1286, 486) 964
(1286, 485) 965
(1287, 483) 966
(1290, 482) 967
(1293, 481) 968
(1295, 479) 969
(1297, 478) 970
(1299, 477) 971
(1302, 476) 972
(1304, 475) 973
(1303, 474) 974
(1303, 473) 975
(1304, 472) 976
(1306, 472) 977
(1307, 472) 978
(1310, 471) 979
(1312, 471) 980
(1315, 471) 981
(1317, 471) 982
(1318, 471) 983
(1319, 471) 984
(1321, 471) 985
(1322, 471) 986
(1328, 469) 987
(1334, 468) 988
(1339, 467) 989
(1344, 465) 990
(1349, 465) 991
(1353, 464) 992
(1356, 463) 993
(1358, 462) 994
(1359, 462) 995
(1357, 460) 996
(1353, 459) 997
(1348, 458) 998
(1344, 458) 999
(1341, 457) 1000
(1339, 455) 1001
(1335, 455) 1002
(1331, 455) 1003
(1329, 454) 1004
(1324, 453) 1005
(1319, 452) 1006
(1315, 451) 1007
(1310, 451) 1008
(1305, 451) 1009
(1306, 450) 1010
(1307, 449) 1011
(1307, 449) 1012
(1308, 448) 1013
(1308, 447) 1014
(1309, 447) 1015
(1309, 446) 1016
(1310, 445) 1017
(1310, 445) 1018
(1311, 444) 1019
(1311, 444) 1020
(1311, 443) 1021
(1310, 442) 1022
(1308, 441) 1023
(1308, 441) 1024
(1306, 440) 1025
(1304, 440) 1026
(1303, 440) 1027
(1300, 439) 1028
(1297, 439) 1029
(1293, 439) 1030
(1290, 438) 1031
(1286, 438) 1032
(1285, 438) 1033
(1285, 438) 1034
(1284, 438) 1035
(1284, 439) 1036
(1284, 439) 1037
(1284, 439) 1038
(1285, 439) 1039
(1287, 440) 1040
(1290, 440) 1041
(1293, 441) 1042
(1296, 441) 1043
(1299, 441) 1044
(1301, 441) 1045
(1302, 442) 1046
(1303, 442) 1047
(1304, 443) 1048
(1305, 443) 1049
(1305, 443) 1050
(1306, 443) 1051
(1306, 444) 1052
(1307, 444) 1053
(1307, 444) 1054
(1307, 445) 1055
(1311, 444) 1056
(1315, 444) 1057
(1318, 444) 1058
(1321, 444) 1059
(1329, 444) 1060
(1333, 444) 1061
(1336, 444) 1062
(1336, 444) 1063
(1339, 444) 1064
(1343, 445) 1065
(1346, 445) 1066
(1349, 445) 1067
(1352, 445) 1068
(1355, 446) 1069
(1355, 445) 1070
(1360, 445) 1071
(1366, 445) 1072
(1371, 445) 1073
(1375, 444) 1074
(1379, 444) 1075
(1375, 445) 1076
(1371, 445) 1077
(1368, 445) 1078
(1365, 446) 1079
(1362, 446) 1080
(1360, 446) 1081
(1357, 446) 1082
(1355, 447) 1083
(1355, 447) 1084
(1348, 447) 1085
(1342, 448) 1086
(1336, 448) 1087
(1325, 448) 1088
(1212, 188) 922
(1212, 188) 923
(1212, 188) 924
(1212, 188) 925
(1212, 188) 926
(1212, 188) 927
(1212, 188) 928
(1212, 188) 929
(1212, 188) 930
(1212, 188) 931
(1212, 188) 932
(1212, 188) 933
(1212, 188) 934
(1212, 188) 935
(1212, 188) 936
(1212, 188) 937
(1206, 189) 938
(1201, 190) 939
(1196, 192) 940
(1191, 193) 941
(1187, 194) 942
(1183, 195) 943
(1180, 196) 944
(1177, 197) 945
(1174, 198) 946
(1172, 199) 947
(1169, 200) 948
(1167, 201) 949
(1166, 202) 950
(1164, 203) 951
(1163, 204) 952
(1161, 205) 953
(1160, 207) 954
(1155, 209) 955
(1152, 212) 956
(1148, 214) 957
(1145, 216) 958
(1142, 218) 959
(1140, 220) 960
(1138, 222) 961
(1132, 223) 962
(1127, 225) 963
(1122, 226) 964
(1118, 227) 965
(1112, 228) 966
(1107, 228) 967
(1103, 229) 968
(1099, 229) 969
(1097, 230) 970
(1095, 230) 971
(1093, 231) 972
(1092, 232) 973
(1092, 233) 974
(1091, 233) 975
(1090, 234) 976
(1090, 235) 977
(1089, 236) 978
(1089, 236) 979
(1090, 237) 980
(1091, 238) 981
(1092, 238) 982
(404, 491) 931
(405, 491) 932
(406, 490) 933
(408, 490) 934
(411, 490) 935
(412, 490) 936
(414, 490) 937
(417, 490) 938
(419, 490) 939
(422, 489) 940
(423, 489) 941
(425, 489) 942
(427, 489) 943
(428, 489) 944
(429, 488) 945
(429, 488) 946
(434, 488) 947
(441, 488) 948
(442, 488) 949
(448, 489) 950
(446, 489) 951
(445, 490) 952
(444, 491) 953
(443, 491) 954
(442, 492) 955
(441, 493) 956
(441, 493) 957
(440, 494) 958
(440, 494) 959
(441, 495) 960
(441, 495) 961
(440, 495) 962
(439, 495) 963
(437, 496) 964
(435, 496) 965
(432, 496) 966
(428, 496) 967
(425, 497) 968
(422, 497) 969
(419, 497) 970
(416, 497) 971
(414, 498) 972
(412, 498) 973
(410, 498) 974
(409, 499) 975
(407, 499) 976
(406, 499) 977
(405, 499) 978
(404, 500) 979
(403, 500) 980
(402, 500) 981
(402, 500) 982
(402, 499) 983
(404, 498) 984
(409, 498) 985
(413, 498) 986
(416, 497) 987
(418, 497) 988
(421, 497) 989
(424, 496) 990
(428, 496) 991
(432, 496) 992
(435, 495) 993
(437, 495) 994
(436, 495) 995
(436, 495) 996
(432, 496) 997
(422, 496) 998
(414, 496) 999
(405, 497) 1000
(397, 497) 1001
(390, 497) 1002
(383, 498) 1003
(377, 498) 1004
(371, 498) 1005
(365, 499) 1006
(358, 500) 1007
(350, 501) 1008
(343, 502) 1009
(336, 503) 1010
(330, 504) 1011
(320, 506) 1012
(311, 508) 1013
(302, 509) 1014
(293, 511) 1015
(285, 513) 1016
(278, 515) 1017
(271, 516) 1018
(264, 518) 1019
(257, 520) 1020
(251, 521) 1021
(248, 522) 1022
(248, 523) 1023
(247, 523) 1024
(247, 522) 1025
(245, 522) 1026
(243, 521) 1027
(242, 521) 1028
(242, 521) 1029
(241, 521) 1030
(241, 521) 1031
(241, 522) 1032
(242, 522) 1033
(242, 522) 1034
(242, 522) 1035
(248, 521) 1036
(254, 520) 1037
(259, 520) 1038
(264, 519) 1039
(269, 519) 1040
(273, 518) 1041
(276, 517) 1042
(279, 517) 1043
(282, 516) 1044
(285, 516) 1045
(287, 515) 1046
(297, 514) 1047
(307, 513) 1048
(316, 512) 1049
(320, 511) 1050
(329, 510) 1051
(337, 509) 1052
(344, 508) 1053
(351, 508) 1054
(349, 507) 1055
(583, 640) 947
(583, 640) 948
(583, 640) 949
(583, 640) 950
(581, 639) 951
(580, 637) 952
(578, 636) 953
(577, 634) 954
(576, 632) 955
(574, 631) 956
(573, 629) 957
(572, 627) 958
(572, 626) 959
(571, 624) 960
(570, 623) 961
(570, 621) 962
(569, 620) 963
(568, 618) 964
(568, 617) 965
(568, 615) 966
(567, 614) 967
(567, 613) 968
(572, 612) 969
(575, 611) 970
(579, 609) 971
(585, 608) 972
(590, 607) 973
(593, 606) 974
(593, 605) 975
(591, 604) 976
(587, 603) 977
(584, 601) 978
(581, 600) 979
(578, 599) 980
(575, 598) 981
(573, 597) 982
(571, 596) 983
(571, 595) 984
(571, 594) 985
(573, 594) 986
(575, 594) 987
(577, 594) 988
(578, 593) 989
(580, 593) 990
(581, 593) 991
(585, 592) 992
(589, 591) 993
(592, 590) 994
(598, 588) 995
(603, 587) 996
(607, 586) 997
(611, 585) 998
(615, 583) 999
(618, 582) 1000
(621, 581) 1001
(623, 580) 1002
(626, 579) 1003
(626, 578) 1004
(625, 578) 1005
(624, 577) 1006
(622, 577) 1007
(788, 665) 994
(788, 665) 995
(788, 665) 996
(788, 665) 997
(788, 665) 998
(788, 665) 999
(788, 665) 1000
(787, 665) 1001
(786, 666) 1002
(785, 667) 1003
(784, 668) 1004
(784, 669) 1005
(783, 670) 1006
(783, 671) 1007
(783, 672) 1008
(783, 673) 1009
(784, 674) 1010
(785, 675) 1011
(786, 676) 1012
(788, 678) 1013
(790, 679) 1014
(791, 680) 1015
(799, 681) 1016
(807, 682) 1017
(815, 683) 1018
(823, 684) 1019
(831, 685) 1020
(840, 686) 1021
(847, 686) 1022
(854, 687) 1023
(860, 688) 1024
(866, 689) 1025
(870, 689) 1026
(875, 690) 1027
(879, 691) 1028
(889, 691) 1029
(898, 692) 1030
(906, 693) 1031
(916, 693) 1032
(925, 694) 1033
(932, 694) 1034
(939, 694) 1035
(945, 695) 1036
(950, 695) 1037
(955, 696) 1038
(959, 696) 1039
(962, 697) 1040
(966, 697) 1041
(969, 698) 1042
(971, 698) 1043
(973, 699) 1044
(976, 699) 1045
(977, 700) 1046
(979, 700) 1047
(979, 701) 1048
(975, 701) 1049
(970, 701) 1050
(966, 701) 1051
(968, 702) 1052
(971, 702) 1053
(972, 702) 1054
(975, 702) 1055
(978, 702) 1056
(980, 701) 1057
(982, 701) 1058
(984, 701) 1059
(985, 701) 1060
(986, 701) 1061
(987, 701) 1062
(988, 701) 1063
(990, 701) 1064
(991, 701) 1065
(992, 701) 1066
(993, 701) 1067
(994, 701) 1068
(995, 700) 1069
(995, 700) 1070
(996, 700) 1071
(996, 700) 1072
(996, 700) 1073
(996, 700) 1074
(996, 700) 1075
(1185, 451) 997
(1185, 451) 998
(1185, 451) 999
(1185, 451) 1000
(1185, 451) 1001
(1185, 451) 1002
(1182, 451) 1003
(1177, 452) 1004
(1171, 453) 1005
(1167, 454) 1006
(1162, 455) 1007
(1159, 456) 1008
(1149, 455) 1009
(1141, 455) 1010
(1133, 455) 1011
(1127, 455) 1012
(1121, 455) 1013
(1115, 455) 1014
(1110, 455) 1015
(1106, 455) 1016
(1110, 455) 1017
(1110, 455) 1018
(1113, 455) 1019
(1117, 455) 1020
(1118, 455) 1021
(1120, 454) 1022
(1122, 454) 1023
(1123, 453) 1024
(1124, 453) 1025
(1125, 453) 1026
(1126, 452) 1027
(1126, 452) 1028
(1127, 452) 1029
(1127, 452) 1030
(1128, 452) 1031
(1128, 451) 1032
(1128, 451) 1033
(1129, 451) 1034
(1129, 451) 1035
(1129, 451) 1036
(1131, 450) 1037
(1133, 450) 1038
(1135, 450) 1039
(1137, 449) 1040
(1138, 449) 1041
(1139, 449) 1042
(1140, 449) 1043
(1141, 448) 1044
(1141, 448) 1045
(1142, 448) 1046
(1142, 448) 1047
(1142, 448) 1048
(1145, 447) 1049
(1145, 447) 1050
(1145, 446) 1051
(1150, 445) 1052
(1156, 444) 1053
(1162, 443) 1054
(1168, 442) 1055
(1169, 441) 1056
(1174, 440) 1057
(1178, 440) 1058
(1181, 439) 1059
(1183, 439) 1060
(1185, 438) 1061
(1187, 438) 1062
(1188, 437) 1063
(1190, 437) 1064
(1190, 436) 1065
(1189, 436) 1066
(1187, 435) 1067
(1185, 434) 1068
(1181, 433) 1069
(1178, 432) 1070
(1175, 430) 1071
(1172, 429) 1072
(1172, 428) 1073
(1174, 428) 1074
(1173, 427) 1075
(1172, 426) 1076
(1172, 426) 1077
(1175, 426) 1078
(1178, 426) 1079
(1178, 425) 1080
(1178, 424) 1081
(1172, 423) 1082
(1165, 423) 1083
(1594, 467) 1048
(1593, 467) 1049
(1592, 467) 1050
(1591, 467) 1051
(1583, 467) 1052
(1571, 465) 1053
(1566, 464) 1054
(1558, 463) 1055
(1551, 463) 1056
(1547, 462) 1057
(1543, 460) 1058
(1539, 459) 1059
(1536, 458) 1060
(1533, 457) 1061
(1531, 456) 1062
(1532, 456) 1063
(1533, 456) 1064
(1539, 455) 1065
(1544, 455) 1066
(1549, 455) 1067
(1554, 455) 1068
(1558, 455) 1069
(1562, 455) 1070
(1566, 455) 1071
(1569, 455) 1072
(1571, 455) 1073
(1574, 455) 1074
(1576, 455) 1075
(1578, 455) 1076
(1580, 455) 1077
(1582, 455) 1078
(1583, 455) 1079
(1584, 455) 1080
(1586, 455) 1081
(1587, 455) 1082
(1588, 455) 1083
(1592, 456) 1084
(1596, 456) 1085
(1604, 457) 1086
(1612, 457) 1087
(1620, 458) 1088
(1628, 459) 1089
(1635, 459) 1090
(1642, 460) 1091
(1649, 461) 1092
(1656, 461) 1093
(1663, 462) 1094
(1668, 463) 1095
(1673, 463) 1096
(1678, 464) 1097
(1682, 464) 1098
(1686, 465) 1099
(1684, 466) 1100
(1683, 468) 1101
(1682, 469) 1102
(1682, 470) 1103
(1680, 471) 1104
(1680, 472) 1105
(1679, 474) 1106
(1679, 475) 1107
(1679, 476) 1108
(1679, 478) 1109
(1680, 479) 1110
(1680, 481) 1111
(1680, 482) 1112
(1675, 483) 1113
(1669, 485) 1114
(1664, 486) 1115
(1659, 488) 1116
(1654, 489) 1117
(1645, 490) 1118
(1636, 492) 1119
(1633, 494) 1120
(1630, 496) 1121
(1628, 498) 1122
(1629, 499) 1123
(1630, 501) 1124
(1630, 502) 1125
(1631, 504) 1126
(1632, 505) 1127
(1632, 507) 1128
(1632, 508) 1129
(1632, 510) 1130
(1298, 403) 1112
(1298, 403) 1113
(1294, 401) 1114
(1295, 401) 1115
(1294, 400) 1116
(1293, 399) 1117
(1289, 396) 1118
(1287, 394) 1119
(1286, 391) 1120
(1284, 389) 1121
(1284, 386) 1122
(1283, 384) 1123
(1283, 382) 1124
(1282, 379) 1125
(1282, 377) 1126
(1282, 375) 1127
(1282, 373) 1128
(1282, 371) 1129
(1281, 369) 1130
(1281, 367) 1131
(1281, 365) 1132
(1281, 363) 1133
(1286, 362) 1134
(1292, 363) 1135
(1298, 364) 1136
(1304, 365) 1137
(1304, 365) 1138
(1308, 366) 1139
(1312, 368) 1140
(1323, 370) 1141
(1334, 373) 1142
(1344, 375) 1143
(1355, 377) 1144
(1365, 378) 1145
(1374, 380) 1146
(1383, 381) 1147
(1392, 383) 1148
(1399, 384) 1149
(1408, 385) 1150
(1417, 387) 1151
(1428, 388) 1152
(1438, 390) 1153
(1448, 391) 1154
(1458, 393) 1155
(1465, 394) 1156
(1472, 395) 1157
(1479, 397) 1158
(1486, 398) 1159
(1492, 399) 1160
(1499, 400) 1161
(1505, 402) 1162
(1511, 403) 1163
(1516, 404) 1164
(1521, 405) 1165
(1525, 407) 1166
(1529, 408) 1167
(1532, 409) 1168
(1535, 410) 1169
(1538, 411) 1170
(1535, 413) 1171
(1532, 415) 1172
(1529, 416) 1173
(1526, 418) 1174
(1522, 419) 1175
(1522, 419) 1176
(1523, 420) 1177
(1523, 421) 1178
(1523, 421) 1179
(1523, 422) 1180
(1523, 422) 1181
(1523, 423) 1182
(1523, 423) 1183
(1523, 423) 1184
(1523, 424) 1185
(1523, 424) 1186
(1517, 425) 1187
(1511, 425) 1188
(1508, 426) 1189
(1506, 426) 1190
(1503, 426) 1191
(1501, 427) 1192
(1498, 427) 1193
(1496, 427) 1194
(1495, 427) 1195
(1493, 427) 1196
(1492, 427) 1197
(1491, 427) 1198
(1487, 427) 1199
(1483, 427) 1200
(1480, 427) 1201
(1477, 427) 1202
(1474, 427) 1203
(1471, 427) 1204
(1469, 427) 1205
(1466, 427) 1206
(1464, 427) 1207
(1463, 428) 1208
(1462, 428) 1209
(1462, 429) 1210
(1461, 429) 1211
(1460, 430) 1212
(1459, 431) 1213
(1458, 431) 1214
(1457, 432) 1215
(516, 470) 1150
(516, 470) 1151
(518, 470) 1152
(517, 471) 1153
(515, 473) 1154
(513, 474) 1155
(511, 476) 1156
(511, 478) 1157
(510, 480) 1158
(509, 481) 1159
(508, 483) 1160
(507, 485) 1161
(506, 486) 1162
(506, 488) 1163
(504, 487) 1164
(494, 487) 1165
(486, 487) 1166
(478, 486) 1167
(471, 486) 1168
(470, 485) 1169
(461, 485) 1170
(456, 485) 1171
(452, 484) 1172
(449, 483) 1173
(447, 483) 1174
(445, 482) 1175
(443, 481) 1176
(441, 480) 1177
(443, 480) 1178
(443, 479) 1179
(443, 479) 1180
(444, 478) 1181
(445, 477) 1182
(445, 476) 1183
(445, 475) 1184
(443, 475) 1185
(439, 474) 1186
(439, 474) 1187
(438, 473) 1188
(438, 473) 1189
(438, 472) 1190
(438, 471) 1191
(439, 471) 1192
(435, 470) 1193
(432, 469) 1194
(430, 469) 1195
(428, 468) 1196
(426, 467) 1197
(425, 467) 1198
(424, 466) 1199
(422, 466) 1200
(421, 465) 1201
(420, 465) 1202
(419, 464) 1203
(419, 463) 1204
(418, 463) 1205
(417, 462) 1206
(417, 462) 1207
(416, 461) 1208
(416, 461) 1209
(415, 461) 1210
(415, 460) 1211
(408, 460) 1212
(714, 431) 1177
(714, 431) 1178
(714, 431) 1179
(714, 431) 1180
(714, 431) 1181
(714, 431) 1182
(715, 431) 1183
(715, 431) 1184
(715, 431) 1185
(713, 431) 1186
(713, 430) 1187
(713, 429) 1188
(712, 429) 1189
(712, 428) 1190
(712, 428) 1191
(712, 427) 1192
(712, 427) 1193
(712, 426) 1194
(712, 426) 1195
(720, 426) 1196
(727, 425) 1197
(731, 425) 1198
(730, 425) 1199
(728, 425) 1200
(727, 425) 1201
(727, 425) 1202
(726, 425) 1203
(726, 425) 1204
(729, 424) 1205
(734, 424) 1206
(738, 424) 1207
(742, 424) 1208
(745, 424) 1209
(749, 424) 1210
(752, 424) 1211
(754, 424) 1212
(756, 424) 1213
(759, 424) 1214
(760, 424) 1215
(762, 423) 1216
(764, 423) 1217
(765, 423) 1218
(766, 423) 1219
(767, 423) 1220
(768, 423) 1221
(769, 423) 1222
(769, 423) 1223
(763, 423) 1224
(758, 424) 1225
(752, 424) 1226
(748, 424) 1227
(743, 424) 1228
(739, 425) 1229
(736, 425) 1230
(729, 424) 1231
(723, 424) 1232
(717, 423) 1233
(713, 423) 1234
(710, 423) 1235
(706, 423) 1236
(702, 423) 1237
(704, 423) 1238
(706, 423) 1239
(708, 423) 1240
(709, 423) 1241
(709, 423) 1242
(709, 423) 1243
(708, 423) 1244
(708, 423) 1245
(706, 423) 1246
(706, 424) 1247
(705, 424) 1248
(708, 424) 1249
(711, 424) 1250
(713, 424) 1251
(715, 424) 1252
(719, 424) 1253
(725, 423) 1254
(732, 423) 1255
(738, 422) 1256
(744, 422) 1257
(749, 421) 1258
(1233, 307) 1205
(1233, 307) 1206
(1233, 307) 1207
(1233, 307) 1208
(1233, 307) 1209
(1233, 307) 1210
(1236, 308) 1211
(1239, 309) 1212
(1242, 310) 1213
(1245, 311) 1214
(1247, 312) 1215
(1250, 313) 1216
(1252, 314) 1217
(1253, 315) 1218
(1255, 316) 1219
(1256, 317) 1220
(1258, 318) 1221
(1259, 318) 1222
(1260, 319) 1223
(1261, 320) 1224
(1265, 322) 1225
(1270, 323) 1226
(1274, 325) 1227
(1278, 327) 1228
(1284, 328) 1229
(1289, 329) 1230
(1294, 330) 1231
(1300, 332) 1232
(1305, 333) 1233
(1310, 334) 1234
(1314, 335) 1235
(1318, 336) 1236
(1321, 337) 1237
(1324, 338) 1238
(1327, 339) 1239
(1330, 340) 1240
(1332, 340) 1241
(1334, 341) 1242
(1336, 342) 1243
(1337, 343) 1244
(1339, 344) 1245
(1340, 345) 1246
(1341, 345) 1247
(1342, 346) 1248
(1343, 347) 1249
(1344, 348) 1250
(1346, 347) 1251
(1348, 347) 1252
(1350, 347) 1253
(1352, 346) 1254
(1353, 346) 1255
(1354, 346) 1256
(1356, 345) 1257
(1357, 345) 1258
(1358, 345) 1259
(1358, 345) 1260
(1359, 344) 1261
(1360, 344) 1262
(1360, 344) 1263
(1361, 343) 1264
(1361, 345) 1265
(1360, 346) 1266
(1359, 347) 1267
(1359, 348) 1268
(1358, 349) 1269
(1358, 350) 1270
(1356, 351) 1271
(1355, 351) 1272
(1353, 352) 1273
(1352, 352) 1274
(1351, 352) 1275
(1350, 353) 1276
(1349, 353) 1277
(1349, 355) 1278
(1348, 356) 1279
(1347, 357) 1280
(1346, 359) 1281
(1345, 360) 1282
(1490, 404) 1236
(1490, 404) 1237
(1490, 404) 1238
(1490, 404) 1239
(1490, 403) 1240
(1490, 402) 1241
(1490, 401) 1242
(1490, 401) 1243
(1490, 400) 1244
(1490, 399) 1245
(1490, 399) 1246
(1490, 398) 1247
(1493, 398) 1248
(1496, 398) 1249
(1500, 397) 1250
(1504, 398) 1251
(1508, 398) 1252
(1511, 399) 1253
(1515, 399) 1254
(1518, 399) 1255
(1521, 400) 1256
(1523, 400) 1257
(1525, 400) 1258
(1527, 401) 1259
(1529, 401) 1260
(1531, 401) 1261
(1531, 402) 1262
(1531, 402) 1263
(1530, 401) 1264
(1529, 401) 1265
(1528, 401) 1266
(1527, 401) 1267
(1526, 401) 1268
(1526, 400) 1269
(1525, 400) 1270
(1525, 400) 1271
(1517, 400) 1272
(1509, 399) 1273
(1502, 399) 1274
(1497, 398) 1275
(1493, 398) 1276
(1489, 398) 1277
(1485, 397) 1278
(1482, 397) 1279
(1479, 396) 1280
(1476, 396) 1281
(1474, 395) 1282
(1471, 395) 1283
(1470, 395) 1284
(1461, 395) 1285
(1453, 396) 1286
(1445, 396) 1287
(1438, 396) 1288
(1431, 396) 1289
(1425, 396) 1290
(1420, 396) 1291
(1415, 397) 1292
(1411, 397) 1293
(1407, 397) 1294
(1403, 397) 1295
(1398, 397) 1296
(1396, 396) 1297
(1393, 396) 1298
(1391, 395) 1299
(1389, 395) 1300
(1387, 395) 1301
(1385, 394) 1302
(1383, 393) 1303
(1378, 392) 1304
(1373, 391) 1305
(1368, 390) 1306
(1363, 389) 1307
(1359, 388) 1308
(1355, 386) 1309
(1352, 385) 1310
(1349, 384) 1311
(1346, 383) 1312
(1344, 382) 1313
(1342, 381) 1314
(1334, 380) 1315
(1328, 380) 1316
(1322, 380) 1317
(1317, 380) 1318
(1312, 380) 1319
(1308, 380) 1320
(1305, 380) 1321
(1301, 379) 1322
(1298, 379) 1323
(1295, 379) 1324
(1293, 379) 1325
(1291, 379) 1326
(1289, 379) 1327
(1287, 379) 1328
(1285, 379) 1329
(1284, 378) 1330
(1283, 378) 1331
(1282, 378) 1332
(1280, 378) 1333
(1280, 378) 1334
(1279, 378) 1335
(1273, 377) 1336
(1265, 376) 1337
(1259, 375) 1338
(1252, 374) 1339
(1248, 373) 1340
(1245, 372) 1341
(1241, 371) 1342
(1239, 370) 1343
(1236, 369) 1344
(1232, 367) 1345
(1228, 366) 1346
(1226, 365) 1347
(914, 453) 1260
(914, 453) 1261
(914, 453) 1262
(908, 453) 1263
(903, 453) 1264
(898, 453) 1265
(894, 452) 1266
(890, 452) 1267
(887, 452) 1268
(884, 452) 1269
(884, 452) 1270
(887, 451) 1271
(891, 450) 1272
(896, 450) 1273
(900, 449) 1274
(903, 448) 1275
(907, 448) 1276
(910, 447) 1277
(912, 447) 1278
(914, 446) 1279
(919, 447) 1280
(922, 448) 1281
(926, 449) 1282
(930, 450) 1283
(933, 451) 1284
(933, 451) 1285
(931, 452) 1286
(927, 453) 1287
(923, 453) 1288
(920, 453) 1289
(917, 453) 1290
(914, 454) 1291
(912, 454) 1292
(909, 454) 1293
(907, 455) 1294
(906, 455) 1295
(904, 455) 1296
(904, 455) 1297
(907, 457) 1298
(912, 458) 1299
(918, 460) 1300
(920, 460) 1301
(922, 460) 1302
(924, 460) 1303
(925, 460) 1304
(927, 461) 1305
(928, 461) 1306
(929, 461) 1307
(930, 461) 1308
(931, 461) 1309
(932, 461) 1310
(933, 462) 1311
(933, 462) 1312
(934, 462) 1313
(935, 462) 1314
(935, 462) 1315
(936, 462) 1316
(936, 463) 1317
(936, 463) 1318
(937, 463) 1319
(942, 462) 1320
(417, 451) 1261
(417, 451) 1262
(418, 451) 1263
(419, 451) 1264
(420, 451) 1265
(420, 451) 1266
(420, 451) 1267
(418, 452) 1268
(416, 452) 1269
(413, 452) 1270
(409, 452) 1271
(405, 452) 1272
(397, 453) 1273
(388, 454) 1274
(379, 456) 1275
(369, 457) 1276
(360, 459) 1277
(351, 460) 1278
(342, 462) 1279
(335, 463) 1280
(328, 464) 1281
(322, 465) 1282
(316, 466) 1283
(310, 467) 1284
(306, 468) 1285
(302, 468) 1286
(297, 469) 1287
(288, 471) 1288
(280, 474) 1289
(272, 476) 1290
(265, 478) 1291
(258, 480) 1292
(252, 481) 1293
(245, 483) 1294
(240, 485) 1295
(235, 486) 1296
(231, 488) 1297
(227, 489) 1298
(223, 491) 1299
(220, 492) 1300
(217, 493) 1301
(215, 495) 1302
(217, 495) 1303
(219, 495) 1304
(221, 495) 1305
(223, 495) 1306
(225, 495) 1307
(226, 495) 1308
(228, 495) 1309
(229, 495) 1310
(230, 495) 1311
(231, 495) 1312
(232, 495) 1313
(232, 494) 1314
(233, 494) 1315
(234, 494) 1316
(235, 493) 1317
(235, 493) 1318
(236, 492) 1319
(237, 492) 1320
(237, 491) 1321
(238, 490) 1322
(239, 490) 1323
(239, 489) 1324
(241, 489) 1325
(243, 490) 1326
(245, 490) 1327
(247, 491) 1328
(248, 491) 1329
(249, 492) 1330
(249, 492) 1331
(250, 493) 1332
(1718, 421) 1270
(1717, 421) 1271
(1717, 421) 1272
(1716, 421) 1273
(1716, 421) 1274
(1715, 421) 1275
(1714, 421) 1276
(1713, 421) 1277
(1713, 421) 1278
(1716, 421) 1279
(1720, 420) 1280
(1723, 420) 1281
(1727, 420) 1282
(1732, 420) 1283
(1737, 420) 1284
(1747, 419) 1285
(1757, 418) 1286
(1768, 417) 1287
(1775, 416) 1288
(1783, 416) 1289
(1791, 415) 1290
(1799, 414) 1291
(1807, 413) 1292
(1814, 412) 1293
(1824, 412) 1294
(1834, 411) 1295
(1843, 411) 1296
(1851, 411) 1297
(1859, 411) 1298
(1866, 410) 1299
(1873, 410) 1300
(1877, 410) 1301
(1882, 410) 1302
(1885, 410) 1303
(1888, 409) 1304
(1890, 409) 1305
(1893, 409) 1306
(1895, 409) 1307
(1897, 408) 1308
(1898, 408) 1309
(1900, 408) 1310
(1901, 408) 1311
(1902, 408) 1312
(1903, 407) 1313
(1904, 407) 1314
(1905, 407) 1315
(1906, 407) 1316
(1907, 407) 1317
(1908, 407) 1318
(1908, 406) 1319
(1909, 406) 1320
(1909, 406) 1321
(1909, 406) 1322
(1902, 405) 1323
(1896, 406) 1324
(1891, 406) 1325
(1887, 407) 1326
(1883, 408) 1327
(1879, 407) 1328
(1876, 407) 1329
(1874, 407) 1330
(1867, 407) 1331
(1862, 407) 1332
(1856, 406) 1333
(1856, 406) 1334
(1863, 406) 1335
(1867, 405) 1336
(1872, 404) 1337
(1876, 403) 1338
(1879, 402) 1339
(1879, 401) 1340
(1878, 400) 1341
(1876, 399) 1342
(1875, 398) 1343
(1872, 397) 1344
(1873, 394) 1345
(1874, 391) 1346
(1875, 389) 1347
