(957, 516) 20
(955, 516) 21
(954, 516) 22
(954, 516) 23
(954, 516) 24
(953, 515) 25
(953, 515) 26
(952, 515) 27
(952, 515) 28
(952, 515) 29
(953, 516) 30
(961, 516) 31
(968, 516) 32
(974, 516) 33
(980, 516) 34
(977, 516) 35
(973, 515) 36
(969, 515) 37
(963, 515) 38
(957, 515) 39
(952, 515) 40
(947, 515) 41
(944, 516) 42
(944, 515) 43
(942, 515) 44
(940, 516) 45
(938, 517) 46
(937, 517) 47
(934, 518) 48
(932, 519) 49
(933, 518) 50
(930, 518) 51
(928, 518) 52
(926, 518) 53
(927, 517) 54
(928, 516) 55
(928, 515) 56
(928, 514) 57
(928, 514) 58
(928, 514) 59
(920, 514) 60
(915, 514) 61
(910, 514) 62
(905, 514) 63
(901, 514) 64
(900, 514) 65
(900, 514) 66
(902, 513) 67
(905, 513) 68
(909, 513) 69
(913, 513) 70
(917, 512) 71
(922, 512) 72
(927, 511) 73
(930, 511) 74
(934, 510) 75
(935, 510) 76
(937, 509) 77
(942, 509) 78
(945, 508) 79
(947, 509) 80
(953, 509) 81
(953, 509) 82
(953, 509) 83
(951, 509) 84
(948, 510) 85
(943, 510) 86
(940, 510) 87
(937, 510) 88
(934, 511) 89
(934, 511) 90
(932, 510) 91
(930, 510) 92
(930, 510) 93
(933, 509) 94
(938, 509) 95
(941, 508) 96
(944, 508) 97
(941, 508) 98
(943, 507) 99
(945, 507) 100
(945, 506) 101
(948, 506) 102
(949, 505) 103
(951, 505) 104
(953, 504) 105
(954, 503) 106
(957, 503) 107
(956, 502) 108
(955, 501) 109
(955, 501) 110
(954, 501) 111
(954, 500) 112
(955, 500) 113
(954, 499) 114
(954, 498) 115
(954, 497) 116
(953, 496) 117
(952, 495) 118
(950, 494) 119
(949, 493) 120
(948, 492) 121
(947, 491) 122
(945, 490) 123
(944, 488) 124
(942, 487) 125
(941, 486) 126
(946, 486) 127
(946, 484) 128
(949, 484) 129
(949, 483) 130
(952, 483) 131
(954, 483) 132
(957, 482) 133
(959, 481) 134
(961, 481) 135
(962, 480) 136
(962, 478) 137
(956, 477) 138
(948, 476) 139
(945, 475) 140
(940, 474) 141
(934, 473) 142
(929, 472) 143
(925, 470) 144
(921, 469) 145
(917, 470) 146
(914, 469) 147
(910, 468) 148
(904, 467) 149
(899, 467) 150
(893, 466) 151
(886, 465) 152
(883, 464) 153
(880, 463) 154
(880, 463) 155
(882, 462) 156
(885, 462) 157
(885, 461) 158
(885, 460) 159
(885, 460) 160
(885, 459) 161
(887, 459) 162
(891, 458) 163
(902, 458) 164
(912, 458) 165
(919, 457) 166
(932, 457) 167
(944, 456) 168
(954, 456) 169
(966, 456) 170
(977, 455) 171
(987, 455) 172
(996, 454) 173
(996, 454) 174
(997, 454) 175
(1007, 454) 176
(1009, 454) 177
(1010, 454) 178
(1013, 454) 179
(1015, 454) 180
(1026, 454) 181
(1035, 454) 182
(1042, 454) 183
(1049, 454) 184
(1055, 453) 185
(1061, 453) 186
(1065, 453) 187
(1070, 453) 188
(1074, 453) 189
(1078, 453) 190
(1081, 453) 191
(1083, 454) 192
(1085, 455) 193
(1090, 455) 194
(1094, 455) 195
(1098, 455) 196
(1101, 456) 197
(1105, 456) 198
(1108, 456) 199
(1110, 456) 200
(1113, 457) 201
(1115, 457) 202
(1116, 457) 203
(1118, 457) 204
(1120, 457) 205
(1120, 457) 206
(1121, 458) 207
(1121, 458) 208
(1122, 458) 209
(1122, 458) 210
(1122, 458) 211
(1122, 458) 212
(1123, 458) 213
(1123, 458) 214
(1123, 459) 215
(1123, 459) 216
(1124, 459) 217
(1124, 459) 218
(1124, 459) 219
(1124, 459) 220
(1128, 458) 221
(1132, 457) 222
(1135, 457) 223
(1138, 456) 224
(1143, 455) 225
(1147, 454) 226
(1151, 454) 227
(1155, 453) 228
(1158, 452) 229
(1161, 452) 230
(1164, 451) 231
(1166, 450) 232
(1168, 450) 233
(1170, 449) 234
(1172, 449) 235
(1179, 449) 236
(1186, 449) 237
(1192, 449) 238
(1197, 449) 239
(1202, 449) 240
(1206, 449) 241
(1210, 450) 242
(1213, 450) 243
(1216, 450) 244
(1219, 450) 245
(1221, 450) 246
(1224, 450) 247
(1226, 450) 248
(1228, 450) 249
(1229, 451) 250
(1231, 451) 251
(1231, 452) 252
(1228, 454) 253
(1223, 456) 254
(1220, 458) 255
(1217, 460) 256
(1215, 462) 257
(1212, 463) 258
(1210, 465) 259
(1208, 467) 260
(1207, 469) 261
(1205, 470) 262
(1204, 472) 263
(1209, 474) 264
(1292, 476) 25
(1292, 476) 26
(1292, 476) 27
(1293, 475) 28
(1294, 475) 29
(1290, 476) 30
(1286, 476) 31
(1282, 476) 32
(1280, 475) 33
(1277, 475) 34
(1275, 475) 35
(1274, 475) 36
(1274, 474) 37
(1276, 474) 38
(1279, 474) 39
(1282, 474) 40
(1288, 474) 41
(1294, 473) 42
(1299, 473) 43
(1304, 473) 44
(1310, 473) 45
(1315, 473) 46
(1320, 472) 47
(1325, 472) 48
(1327, 472) 49
(1329, 472) 50
(1329, 472) 51
(1330, 471) 52
(1331, 471) 53
(1333, 470) 54
(1334, 469) 55
(1337, 468) 56
(1340, 466) 57
(1344, 465) 58
(1347, 464) 59
(1350, 462) 60
(1350, 461) 61
(1347, 461) 62
(1342, 461) 63
(1337, 462) 64
(1333, 462) 65
(1330, 463) 66
(1326, 463) 67
(1328, 463) 68
(1329, 463) 69
(1334, 462) 70
(1338, 461) 71
(1342, 461) 72
(1345, 460) 73
(1343, 460) 74
(1342, 459) 75
(1340, 459) 76
(1339, 459) 77
(1338, 458) 78
(1337, 459) 79
(1336, 460) 80
(1334, 461) 81
(1333, 462) 82
(1333, 462) 83
(1332, 463) 84
(1324, 463) 85
(1317, 464) 86
(1312, 464) 87
(1313, 464) 88
(1310, 464) 89
(1308, 464) 90
(1306, 464) 91
(1304, 464) 92
(1302, 463) 93
(1300, 463) 94
(1298, 462) 95
(1297, 462) 96
(1296, 461) 97
(1290, 462) 98
(1285, 462) 99
(1283, 462) 100
(1282, 462) 101
(1279, 462) 102
(1276, 461) 103
(1276, 461) 104
(1278, 460) 105
(1278, 460) 106
(1277, 459) 107
(1274, 459) 108
(1272, 458) 109
(1270, 457) 110
(1267, 457) 111
(1265, 456) 112
(1261, 455) 113
(1259, 454) 114
(1257, 454) 115
(1249, 453) 116
(1239, 452) 117
(1228, 451) 118
(1216, 451) 119
(1204, 450) 120
(1194, 449) 121
(1185, 449) 122
(1177, 448) 123
(1170, 447) 124
(1164, 447) 125
(1165, 445) 126
(1166, 444) 127
(1166, 442) 128
(1167, 441) 129
(1168, 439) 130
(1168, 438) 131
(1169, 437) 132
(1169, 435) 133
(1170, 434) 134
(1170, 433) 135
(1171, 431) 136
(1171, 430) 137
(1166, 429) 138
(1162, 428) 139
(1159, 428) 140
(1156, 427) 141
(1155, 426) 142
(1153, 425) 143
(1152, 424) 144
(1151, 424) 145
(1150, 423) 146
(1149, 422) 147
(1148, 421) 148
(1144, 420) 149
(1142, 419) 150
(1140, 418) 151
(1139, 417) 152
(1138, 416) 153
(1138, 415) 154
(1138, 415) 155
(1140, 414) 156
(1143, 413) 157
(1146, 413) 158
(1148, 412) 159
(1150, 412) 160
(1153, 411) 161
(427, 529) 42
(431, 529) 43
(432, 529) 44
(436, 528) 45
(440, 528) 46
(443, 528) 47
(447, 528) 48
(450, 527) 49
(452, 527) 50
(454, 527) 51
(451, 527) 52
(452, 527) 53
(453, 527) 54
(453, 527) 55
(454, 526) 56
(454, 526) 57
(455, 526) 58
(455, 526) 59
(455, 526) 60
(456, 526) 61
(456, 525) 62
(456, 525) 63
(457, 525) 64
(457, 525) 65
(457, 525) 66
(457, 525) 67
(457, 525) 68
(457, 524) 69
(461, 523) 70
(465, 522) 71
(473, 520) 72
(481, 518) 73
(489, 516) 74
(499, 515) 75
(508, 514) 76
(516, 513) 77
(523, 512) 78
(529, 511) 79
(535, 510) 80
(540, 509) 81
(545, 508) 82
(549, 507) 83
(553, 506) 84
(556, 505) 85
(559, 504) 86
(562, 505) 87
(562, 505) 88
(562, 505) 89
(556, 505) 90
(549, 505) 91
(540, 506) 92
(528, 507) 93
(517, 507) 94
(507, 508) 95
(498, 508) 96
(490, 509) 97
(483, 510) 98
(476, 510) 99
(466, 511) 100
(456, 511) 101
(451, 512) 102
(447, 513) 103
(447, 513) 104
(1627, 425) 51
(1628, 425) 52
(1630, 425) 53
(1632, 425) 54
(1633, 425) 55
(1634, 425) 56
(1634, 425) 57
(1633, 425) 58
(1634, 426) 59
(1641, 425) 60
(1648, 425) 61
(1655, 425) 62
(1661, 424) 63
(1668, 424) 64
(1676, 423) 65
(1683, 423) 66
(1689, 423) 67
(1695, 422) 68
(1700, 422) 69
(1705, 421) 70
(1709, 421) 71
(1713, 421) 72
(1716, 420) 73
(1719, 420) 74
(1722, 419) 75
(1724, 419) 76
(1726, 419) 77
(1728, 418) 78
(1731, 418) 79
(1736, 418) 80
(1746, 420) 81
(1755, 420) 82
(1763, 420) 83
(1771, 420) 84
(1775, 421) 85
(1781, 422) 86
(1787, 424) 87
(1793, 425) 88
(1802, 427) 89
(1809, 428) 90
(1815, 429) 91
(1822, 430) 92
(1829, 431) 93
(1837, 431) 94
(1845, 432) 95
(1852, 433) 96
(1857, 434) 97
(1859, 435) 98
(1864, 436) 99
(1866, 438) 100
(1869, 439) 101
(1875, 440) 102
(1875, 441) 103
(1874, 442) 104
(1870, 442) 105
(1869, 443) 106
(1869, 443) 107
(1871, 444) 108
(1874, 445) 109
(1874, 446) 110
(1873, 447) 111
(1871, 448) 112
(1871, 449) 113
(1871, 450) 114
(1869, 450) 115
(1868, 451) 116
(1866, 452) 117
(1864, 452) 118
(1858, 452) 119
(1852, 452) 120
(1841, 451) 121
(1832, 450) 122
(1831, 450) 123
(1828, 450) 124
(1826, 450) 125
(1828, 450) 126
(1827, 450) 127
(1825, 450) 128
(1823, 451) 129
(1822, 451) 130
(1821, 451) 131
(1821, 451) 132
(1819, 452) 133
(1818, 453) 134
(1817, 454) 135
(1815, 455) 136
(1814, 456) 137
(1814, 457) 138
(1813, 458) 139
(1812, 459) 140
(1811, 460) 141
(1811, 461) 142
(1810, 462) 143
(1810, 462) 144
(1815, 464) 145
(1819, 466) 146
(1826, 469) 147
(1831, 471) 148
(1833, 475) 149
(1837, 479) 150
(1838, 483) 151
(1842, 487) 152
(1848, 490) 153
(1852, 493) 154
(1854, 496) 155
(1853, 500) 156
(1852, 503) 157
(1851, 506) 158
(1850, 508) 159
(1848, 512) 160
(1849, 515) 161
(1851, 518) 162
(1852, 520) 163
(1855, 523) 164
(1861, 525) 165
(1866, 526) 166
(1873, 528) 167
(1879, 530) 168
(1884, 532) 169
(1889, 533) 170
(1894, 535) 171
(1903, 537) 172
(1909, 538) 173
(1915, 539) 174
(1921, 540) 175
(1918, 542) 176
(1917, 543) 177
(1915, 544) 178
(1914, 545) 179
(1908, 548) 180
(1902, 550) 181
(1897, 552) 182
(1893, 554) 183
(1888, 557) 184
(1885, 559) 185
(1881, 561) 186
(1877, 564) 187
(1873, 566) 188
(1870, 569) 189
(1866, 571) 190
(1863, 574) 191
(1855, 577) 192
(1847, 580) 193
(1839, 583) 194
(1832, 586) 195
(1825, 589) 196
(1819, 591) 197
(1814, 594) 198
(1809, 597) 199
(205, 518) 72
(205, 517) 73
(207, 517) 74
(210, 517) 75
(213, 517) 76
(215, 516) 77
(218, 516) 78
(220, 516) 79
(229, 515) 80
(236, 515) 81
(248, 515) 82
(258, 514) 83
(271, 514) 84
(282, 515) 85
(291, 515) 86
(299, 516) 87
(307, 516) 88
(307, 517) 89
(305, 517) 90
(301, 517) 91
(296, 518) 92
(293, 517) 93
(291, 516) 94
(289, 516) 95
(287, 515) 96
(287, 515) 97
(289, 515) 98
(293, 515) 99
(296, 515) 100
(299, 515) 101
(302, 515) 102
(304, 516) 103
(306, 516) 104
(307, 516) 105
(300, 516) 106
(289, 517) 107
(279, 517) 108
(270, 518) 109
(262, 519) 110
(251, 519) 111
(241, 519) 112
(232, 519) 113
(224, 519) 114
(214, 519) 115
(205, 519) 116
(197, 519) 117
(191, 519) 118
(188, 519) 119
(185, 519) 120
(183, 519) 121
(183, 519) 122
(186, 519) 123
(191, 520) 124
(195, 521) 125
(199, 521) 126
(202, 522) 127
(202, 523) 128
(203, 524) 129
(203, 525) 130
(209, 527) 131
(214, 528) 132
(219, 529) 133
(223, 531) 134
(222, 532) 135
(222, 534) 136
(223, 535) 137
(223, 536) 138
(225, 537) 139
(226, 537) 140
(228, 537) 141
(229, 537) 142
(229, 537) 143
(230, 536) 144
(230, 536) 145
(231, 536) 146
(232, 536) 147
(233, 535) 148
(235, 535) 149
(238, 535) 150
(240, 535) 151
(243, 535) 152
(247, 534) 153
(255, 534) 154
(264, 533) 155
(275, 533) 156
(284, 532) 157
(291, 532) 158
(299, 531) 159
(306, 531) 160
(314, 531) 161
(321, 531) 162
(330, 531) 163
(339, 532) 164
(347, 533) 165
(354, 534) 166
(360, 534) 167
(363, 535) 168
(366, 536) 169
(366, 535) 170
(367, 535) 171
(373, 534) 172
(383, 534) 173
(389, 534) 174
(391, 535) 175
(399, 535) 176
(402, 535) 177
(403, 534) 178
(409, 534) 179
(413, 534) 180
(416, 534) 181
(427, 535) 182
(437, 535) 183
(446, 536) 184
(454, 537) 185
(460, 537) 186
(466, 538) 187
(472, 539) 188
(474, 539) 189
(479, 539) 190
(484, 538) 191
(489, 538) 192
(493, 538) 193
(497, 538) 194
(500, 537) 195
(504, 537) 196
(511, 536) 197
(520, 536) 198
(528, 535) 199
(536, 534) 200
(543, 534) 201
(549, 533) 202
(556, 532) 203
(570, 530) 204
(581, 529) 205
(591, 528) 206
(600, 527) 207
(608, 526) 208
(615, 525) 209
(621, 524) 210
(626, 524) 211
(631, 523) 212
(636, 522) 213
(640, 521) 214
(644, 521) 215
(647, 520) 216
(650, 519) 217
(653, 518) 218
(655, 518) 219
(657, 517) 220
(659, 517) 221
(661, 516) 222
(663, 515) 223
(664, 515) 224
(665, 514) 225
(670, 514) 226
(1506, 308) 88
(1511, 307) 89
(1512, 307) 90
(1516, 307) 91
(1518, 307) 92
(1521, 307) 93
(1523, 307) 94
(1525, 307) 95
(1527, 308) 96
(1529, 308) 97
(1530, 308) 98
(1532, 308) 99
(1533, 308) 100
(1534, 308) 101
(1535, 308) 102
(1535, 308) 103
(1532, 309) 104
(1526, 309) 105
(1522, 310) 106
(1526, 310) 107
(1535, 311) 108
(1548, 313) 109
(1560, 314) 110
(1571, 316) 111
(1581, 318) 112
(1590, 319) 113
(1597, 321) 114
(1604, 323) 115
(1613, 325) 116
(1621, 326) 117
(1628, 328) 118
(1635, 329) 119
(1641, 331) 120
(1646, 332) 121
(1651, 334) 122
(1655, 335) 123
(1659, 337) 124
(1662, 338) 125
(1665, 339) 126
(1668, 341) 127
(1671, 342) 128
(1673, 343) 129
(1675, 344) 130
(1677, 345) 131
(1684, 346) 132
(1691, 347) 133
(1694, 347) 134
(1691, 347) 135
(1686, 347) 136
(1682, 347) 137
(1676, 348) 138
(1670, 349) 139
(1657, 350) 140
(1650, 352) 141
(1642, 354) 142
(1635, 356) 143
(1629, 358) 144
(1623, 360) 145
(1618, 362) 146
(1618, 363) 147
(1617, 363) 148
(1617, 362) 149
(1863, 408) 162
(1865, 408) 163
(1867, 408) 164
(1868, 408) 165
(1869, 408) 166
(1871, 408) 167
(1872, 408) 168
(1872, 408) 169
(1866, 407) 170
(1858, 407) 171
(1854, 407) 172
(1851, 407) 173
(1848, 407) 174
(1846, 407) 175
(1845, 408) 176
(1844, 408) 177
(1843, 408) 178
(1843, 409) 179
(1847, 410) 180
(1852, 411) 181
(1857, 413) 182
(1864, 414) 183
(1869, 416) 184
(1875, 418) 185
(1880, 419) 186
(1885, 420) 187
(1889, 422) 188
(1893, 424) 189
(1897, 425) 190
(1901, 427) 191
(1903, 429) 192
(1903, 431) 193
(1903, 433) 194
(1902, 435) 195
(1901, 437) 196
(1899, 439) 197
(1898, 441) 198
(1896, 442) 199
(1893, 445) 200
(1889, 448) 201
(1886, 450) 202
(1885, 452) 203
(1883, 454) 204
(1879, 455) 205
(1873, 455) 206
(1868, 455) 207
(1864, 455) 208
(1859, 455) 209
(1856, 454) 210
(1852, 454) 211
(1849, 454) 212
(1846, 454) 213
(1844, 454) 214
(1842, 454) 215
(1840, 454) 216
(1838, 454) 217
(1836, 454) 218
(1835, 454) 219
(1835, 454) 220
(1836, 454) 221
(1839, 454) 222
(1841, 453) 223
(1844, 453) 224
(1846, 453) 225
(1848, 452) 226
(1850, 452) 227
(1851, 452) 228
(1853, 451) 229
(1854, 451) 230
(1855, 451) 231
(1856, 450) 232
(1857, 450) 233
(1858, 450) 234
(1859, 449) 235
(1859, 449) 236
(1863, 450) 237
(1866, 450) 238
(1868, 451) 239
(1871, 452) 240
(1873, 452) 241
(1875, 452) 242
(1876, 452) 243
(1878, 452) 244
(1879, 453) 245
(1880, 455) 246
(1880, 457) 247
(1881, 460) 248
(1881, 462) 249
(1882, 464) 250
(1882, 466) 251
(1882, 468) 252
(1883, 470) 253
(1884, 471) 254
(1885, 471) 255
(1887, 472) 256
(1888, 473) 257
(1888, 474) 258
(1883, 474) 259
(1877, 475) 260
(1872, 475) 261
(1876, 476) 262
(1878, 476) 263
(1879, 477) 264
(1879, 477) 265
(1878, 476) 266
(1877, 476) 267
(1877, 475) 268
(1876, 475) 269
(1876, 475) 270
(1876, 475) 271
(1875, 474) 272
(1875, 474) 273
(1875, 474) 274
(1874, 473) 275
(1874, 473) 276
(1874, 473) 277
(1874, 472) 278
(1874, 472) 279
(1873, 473) 280
(1872, 475) 281
(1868, 477) 282
(1871, 478) 283
(1874, 480) 284
(1874, 482) 285
(1875, 484) 286
(1875, 486) 287
(1878, 488) 288
(1878, 490) 289
(1878, 492) 290
(1878, 494) 291
(1877, 496) 292
(1876, 497) 293
(1874, 499) 294
(1872, 501) 295
(1870, 502) 296
(1863, 503) 297
(1862, 502) 298
(1861, 502) 299
(1861, 501) 300
(1862, 501) 301
(1861, 500) 302
(1857, 499) 303
(1855, 499) 304
(1854, 498) 305
(1854, 498) 306
(1856, 497) 307
(1856, 497) 308
(1855, 496) 309
(1851, 495) 310
(1851, 495) 311
(1850, 495) 312
(1850, 495) 313
(1851, 495) 314
(1852, 495) 315
(1854, 496) 316
(1855, 496) 317
(1857, 497) 318
(1859, 498) 319
(1861, 498) 320
(1864, 498) 321
(1867, 498) 322
(1870, 498) 323
(1872, 498) 324
(1872, 498) 325
(1869, 497) 326
(1865, 496) 327
(1861, 495) 328
(1859, 494) 329
(1858, 493) 330
(1858, 493) 331
(1860, 493) 332
(1863, 492) 333
(1865, 492) 334
(1865, 492) 335
(1863, 491) 336
(1860, 490) 337
(1858, 490) 338
(1857, 490) 339
(1854, 490) 340
(1852, 490) 341
(1850, 491) 342
(1848, 491) 343
(1847, 491) 344
(1845, 492) 345
(1845, 492) 346
(1846, 493) 347
(1850, 494) 348
(1856, 494) 349
(1861, 494) 350
(1862, 495) 351
(1864, 496) 352
(1866, 497) 353
(1867, 499) 354
(1864, 499) 355
(1860, 499) 356
(1856, 499) 357
(1853, 500) 358
(1851, 500) 359
(1848, 500) 360
(1846, 500) 361
(1844, 501) 362
(1837, 501) 363
(1831, 502) 364
(1825, 503) 365
(1820, 504) 366
(1816, 504) 367
(1812, 505) 368
(1808, 506) 369
(1805, 506) 370
(1808, 507) 371
(1810, 509) 372
(1813, 510) 373
(1814, 509) 374
(1817, 509) 375
(1820, 509) 376
(1822, 510) 377
(1823, 510) 378
(1823, 511) 379
(1825, 511) 380
(1827, 512) 381
(1830, 512) 382
(1832, 512) 383
(1833, 513) 384
(1835, 513) 385
(1836, 513) 386
(1837, 513) 387
(1838, 515) 388
(1838, 516) 389
(1839, 517) 390
(1840, 518) 391
(1840, 519) 392
(1841, 520) 393
(1841, 521) 394
(1841, 522) 395
(1842, 523) 396
(1844, 525) 397
(1846, 526) 398
(1849, 528) 399
(1851, 529) 400
(1853, 530) 401
(1860, 531) 402
(1866, 531) 403
(1876, 531) 404
(1885, 530) 405
(1893, 530) 406
(1906, 529) 407
(1917, 527) 408
(1917, 526) 409
(16, 524) 410
(26, 523) 411
(41, 522) 412
(52, 520) 413
(1278, 499) 285
(1280, 498) 286
(1283, 498) 287
(1286, 497) 288
(1287, 497) 289
(1288, 497) 290
(1288, 497) 291
(1287, 497) 292
(1286, 498) 293
(1284, 498) 294
(1283, 498) 295
(1282, 499) 296
(1281, 499) 297
(1280, 499) 298
(1279, 499) 299
(1278, 500) 300
(1278, 500) 301
(1277, 500) 302
(1277, 501) 303
(1268, 501) 304
(1262, 500) 305
(1258, 500) 306
(1252, 500) 307
(1246, 500) 308
(1241, 500) 309
(1236, 500) 310
(1232, 499) 311
(1226, 499) 312
(1221, 498) 313
(1217, 497) 314
(1215, 497) 315
(1213, 497) 316
(1213, 497) 317
(1213, 497) 318
(1213, 498) 319
(1215, 498) 320
(1217, 498) 321
(1217, 498) 322
(1219, 498) 323
(1222, 498) 324
(1227, 497) 325
(1231, 497) 326
(1238, 495) 327
(1244, 493) 328
(1250, 491) 329
(1257, 490) 330
(1263, 488) 331
(1268, 487) 332
(1272, 485) 333
(1276, 484) 334
(1280, 482) 335
(1284, 481) 336
(1287, 479) 337
(1290, 478) 338
(1294, 476) 339
(1297, 474) 340
(1301, 472) 341
(1303, 471) 342
(1306, 469) 343
(1308, 467) 344
(1310, 465) 345
(1310, 464) 346
(1312, 462) 347
(1314, 461) 348
(1319, 461) 349
(1324, 461) 350
(1332, 462) 351
(1335, 464) 352
(1339, 466) 353
(1344, 468) 354
(1345, 470) 355
(1347, 472) 356
(1348, 474) 357
(1348, 475) 358
(1345, 476) 359
(1337, 476) 360
(1327, 476) 361
(1311, 476) 362
(1296, 476) 363
(1281, 476) 364
(1268, 476) 365
(1257, 476) 366
(1247, 476) 367
(1230, 477) 368
(372, 451) 341
(375, 451) 342
(382, 452) 343
(389, 453) 344
(396, 454) 345
(404, 455) 346
(411, 456) 347
(415, 458) 348
(418, 460) 349
(420, 462) 350
(422, 464) 351
(422, 466) 352
(422, 467) 353
(420, 468) 354
(418, 469) 355
(416, 470) 356
(413, 471) 357
(411, 472) 358
(408, 473) 359
(406, 474) 360
(398, 475) 361
(392, 475) 362
(386, 476) 363
(376, 477) 364
(367, 478) 365
(358, 478) 366
(343, 479) 367
(322, 479) 368
(303, 480) 369
(287, 481) 370
(272, 482) 371
(258, 482) 372
(249, 483) 373
(240, 483) 374
(230, 484) 375
(225, 484) 376
(221, 485) 377
(216, 486) 378
(214, 486) 379
(212, 487) 380
(210, 487) 381
(209, 488) 382
(207, 488) 383
(202, 488) 384
(198, 489) 385
(197, 490) 386
(192, 492) 387
(188, 492) 388
(184, 492) 389
(181, 492) 390
(177, 493) 391
(175, 493) 392
(172, 494) 393
(170, 495) 394
(168, 496) 395
(166, 496) 396
(166, 498) 397
(166, 499) 398
(168, 499) 399
(168, 500) 400
(167, 500) 401
(164, 500) 402
(157, 498) 403
(682, 532) 347
(682, 532) 348
(676, 532) 349
(670, 532) 350
(662, 531) 351
(655, 531) 352
(647, 530) 353
(641, 529) 354
(635, 529) 355
(626, 529) 356
(617, 529) 357
(609, 529) 358
(601, 529) 359
(594, 529) 360
(583, 530) 361
(572, 531) 362
(560, 532) 363
(556, 534) 364
(552, 536) 365
(549, 538) 366
(549, 540) 367
(550, 542) 368
(554, 544) 369
(553, 545) 370
(547, 546) 371
(542, 546) 372
(543, 546) 373
(544, 545) 374
(543, 545) 375
(542, 544) 376
(541, 544) 377
(538, 543) 378
(536, 542) 379
(534, 541) 380
(532, 541) 381
(531, 541) 382
(530, 540) 383
(529, 540) 384
(528, 540) 385
(528, 540) 386
(529, 539) 387
(529, 539) 388
(530, 539) 389
(530, 539) 390
(530, 538) 391
(531, 538) 392
(531, 538) 393
(531, 538) 394
(532, 538) 395
(532, 538) 396
(532, 537) 397
(532, 537) 398
(532, 537) 399
(532, 537) 400
(540, 537) 401
(547, 538) 402
(554, 538) 403
(559, 538) 404
(565, 539) 405
(569, 539) 406
(573, 539) 407
(577, 540) 408
(581, 540) 409
(588, 540) 410
(594, 541) 411
(599, 541) 412
(603, 542) 413
(607, 542) 414
(610, 543) 415
(613, 543) 416
(617, 544) 417
(623, 544) 418
(629, 545) 419
(633, 545) 420
(631, 544) 421
(629, 544) 422
(626, 544) 423
(626, 544) 424
(625, 544) 425
(624, 543) 426
(623, 543) 427
(622, 543) 428
(615, 542) 429
(608, 542) 430
(602, 541) 431
(596, 540) 432
(591, 540) 433
(586, 539) 434
(581, 539) 435
(576, 538) 436
(567, 538) 437
(558, 538) 438
(549, 538) 439
(541, 538) 440
(532, 537) 441
(525, 537) 442
(513, 537) 443
(499, 537) 444
(483, 537) 445
(468, 537) 446
(452, 537) 447
(438, 537) 448
(424, 537) 449
(408, 537) 450
(390, 537) 451
(372, 537) 452
(354, 537) 453
(337, 536) 454
(321, 536) 455
(307, 535) 456
(295, 535) 457
(283, 535) 458
(273, 534) 459
(269, 533) 460
(269, 532) 461
(272, 530) 462
(277, 529) 463
(281, 528) 464
(285, 527) 465
(289, 526) 466
(292, 524) 467
(295, 523) 468
(298, 522) 469
(300, 521) 470
(302, 520) 471
(304, 519) 472
(306, 518) 473
(304, 517) 474
(302, 516) 475
(294, 515) 476
(288, 513) 477
(281, 511) 478
(275, 509) 479
(269, 508) 480
(264, 506) 481
(260, 505) 482
(256, 503) 483
(252, 502) 484
(249, 500) 485
(238, 499) 486
(227, 498) 486
(214, 499) 487
(202, 499) 488
(192, 500) 489
(182, 501) 490
(173, 501) 491
(161, 501) 492
(1381, 318) 351
(1381, 318) 352
(1386, 318) 353
(1393, 318) 354
(1399, 318) 355
(1405, 318) 356
(1412, 318) 357
(1420, 319) 358
(1425, 319) 359
(1429, 320) 360
(1433, 321) 361
(1436, 321) 362
(1439, 322) 363
(1442, 322) 364
(1450, 322) 365
(1458, 321) 366
(1464, 321) 367
(1476, 321) 368
(1485, 322) 369
(1493, 323) 370
(1502, 324) 371
(1509, 325) 372
(1516, 325) 373
(1522, 328) 374
(1527, 330) 375
(1532, 332) 376
(1536, 335) 377
(1540, 338) 378
(1544, 341) 379
(1546, 342) 380
(1552, 343) 381
(1558, 345) 382
(1567, 346) 383
(1575, 347) 384
(1583, 349) 385
(1591, 350) 386
(1599, 351) 387
(1607, 353) 388
(1614, 354) 389
(1620, 355) 390
(1626, 356) 391
(1633, 356) 392
(1639, 355) 393
(1648, 356) 394
(1657, 357) 395
(1665, 358) 396
(1674, 359) 397
(1681, 360) 398
(1687, 361) 399
(1692, 362) 400
(1696, 363) 401
(1700, 364) 402
(1703, 365) 403
(1705, 366) 404
(1709, 367) 405
(1711, 368) 406
(1714, 369) 407
(1716, 369) 408
(1718, 370) 409
(1720, 371) 410
(1722, 372) 411
(1723, 372) 412
(1723, 373) 413
(1718, 374) 414
(1713, 375) 415
(1709, 376) 416
(1705, 376) 417
(1697, 377) 418
(1683, 378) 419
(1669, 379) 420
(1655, 380) 421
(1303, 649) 481
(1304, 649) 482
(1304, 648) 483
(1306, 648) 484
(1310, 648) 485
(1316, 647) 486
(1323, 647) 487
(1331, 647) 488
(1338, 647) 489
(1345, 647) 490
(1352, 647) 491
(1358, 647) 492
(1363, 646) 493
(1367, 646) 494
(1371, 646) 495
(1375, 646) 496
(1379, 646) 497
(1382, 646) 498
(1384, 646) 499
(1387, 646) 500
(1389, 645) 501
(1391, 645) 502
(1393, 645) 503
(1394, 645) 504
(1394, 645) 505
(1389, 645) 506
(1385, 644) 507
(1379, 645) 508
(1375, 645) 509
(1371, 645) 510
(1370, 645) 511
(1370, 646) 512
(1371, 646) 513
(1378, 646) 514
(1384, 647) 515
(1390, 647) 516
(1395, 647) 517
(1399, 649) 518
(1403, 651) 519
(1407, 653) 520
(1410, 654) 521
(1413, 656) 522
(1416, 658) 523
(1418, 659) 524
(1421, 661) 525
(1424, 663) 526
(1426, 664) 527
(1426, 666) 528
(1421, 668) 529
(1423, 670) 530
(1424, 671) 531
(1424, 673) 532
(1423, 675) 533
(1422, 677) 534
(1423, 678) 535
(1422, 680) 536
(1419, 681) 537
(1416, 682) 538
(1413, 684) 539
(1403, 684) 540
(1399, 685) 541
(1395, 685) 542
(1391, 686) 543
(1387, 686) 544
(1382, 686) 545
(1378, 687) 546
(1374, 687) 547
(1370, 687) 548
(1367, 687) 549
(1363, 687) 550
(1361, 687) 551
(1358, 687) 552
(1356, 687) 553
(1354, 687) 554
(1352, 687) 555
(1350, 687) 556
(1349, 687) 557
(1348, 687) 558
(1346, 687) 559
(1345, 688) 560
(1344, 688) 561
(1342, 688) 562
(1339, 688) 563
(1337, 688) 564
(1334, 688) 565
(1332, 688) 566
(1330, 688) 567
(1328, 688) 568
(1327, 688) 569
(1325, 688) 570
(1324, 688) 571
(1322, 688) 572
(1322, 689) 573
(1325, 690) 574
(1331, 691) 575
(1336, 692) 576
(1346, 694) 577
(1355, 695) 578
(1365, 695) 579
(1374, 696) 580
(1383, 696) 581
(1391, 696) 582
(1398, 697) 583
(1409, 697) 584
(1420, 698) 585
(1424, 698) 586
(1428, 699) 587
(1432, 699) 588
(1435, 700) 589
(1438, 700) 590
(1440, 700) 591
(1441, 701) 592
(862, 449) 503
(863, 449) 504
(865, 449) 505
(868, 449) 506
(872, 448) 507
(879, 448) 508
(887, 447) 509
(896, 446) 510
(906, 445) 511
(917, 445) 512
(933, 444) 513
(948, 443) 514
(962, 442) 515
(973, 441) 516
(983, 441) 517
(993, 440) 518
(1002, 440) 519
(1011, 440) 520
(1019, 439) 521
(1018, 440) 522
(1017, 440) 523
(1013, 440) 524
(1009, 439) 525
(1012, 439) 526
(1013, 440) 527
(1015, 440) 528
(1018, 441) 529
(1020, 442) 530
(1020, 442) 531
(1020, 443) 532
(1020, 443) 533
(1021, 444) 534
(1021, 445) 535
(1018, 446) 536
(1020, 447) 537
(1024, 448) 538
(1027, 449) 539
(1025, 449) 540
(1022, 449) 541
(1023, 450) 542
(1024, 451) 543
(1025, 452) 544
(1026, 453) 545
(1026, 454) 546
(1027, 455) 547
(1028, 456) 548
(1028, 457) 549
(1029, 457) 550
(1029, 458) 551
(1030, 459) 552
(1030, 460) 553
(1030, 461) 554
(1030, 461) 555
(1031, 462) 556
(1031, 463) 557
(1031, 464) 558
(1031, 464) 559
(1032, 464) 560
(1032, 462) 561
(1034, 461) 562
(1036, 459) 563
(1038, 457) 564
(1281, 416) 504
(1286, 415) 505
(1291, 414) 506
(1289, 414) 507
(1289, 414) 508
(1289, 413) 509
(1288, 413) 510
(1286, 413) 511
(1284, 413) 512
(1278, 414) 513
(1273, 414) 514
(1267, 415) 515
(1268, 415) 516
(1271, 416) 517
(1270, 417) 518
(1267, 418) 519
(1263, 419) 520
(1262, 420) 521
(1258, 421) 522
(1257, 422) 523
(1257, 424) 524
(1253, 425) 525
(1253, 427) 526
(1252, 428) 527
(1254, 430) 528
(1255, 432) 529
(1254, 433) 530
(1253, 435) 531
(1252, 437) 532
(1251, 438) 533
(1250, 440) 534
(1249, 441) 535
(1249, 443) 536
(1248, 444) 537
(1247, 445) 538
(1247, 447) 539
(1246, 448) 540
(1246, 450) 541
(1245, 451) 542
(1236, 452) 543
(1229, 453) 544
(1224, 454) 545
(1218, 455) 546
(1213, 455) 547
(1208, 456) 548
(1204, 457) 549
(1201, 458) 550
(1197, 458) 551
(1194, 459) 552
(1192, 460) 553
(1189, 461) 554
(1187, 461) 555
(1185, 462) 556
(1184, 462) 557
(1184, 463) 558
(1185, 464) 559
(1193, 466) 560
(1201, 467) 561
(1205, 467) 562
(1211, 466) 563
(1222, 466) 564
(1233, 465) 565
(1243, 466) 566
(1249, 466) 567
(1254, 467) 568
(1259, 468) 569
(1262, 469) 570
(1266, 470) 571
(1270, 470) 572
(1274, 470) 573
(1278, 470) 574
(1282, 470) 575
(1285, 470) 576
(1289, 469) 577
(1292, 469) 578
(1294, 469) 579
(1296, 469) 580
(1298, 469) 581
(1299, 469) 582
(1301, 469) 583
(1302, 468) 584
(1302, 469) 585
(1302, 469) 586
(1302, 471) 587
(1299, 472) 588
(1296, 474) 589
(1292, 474) 590
(1291, 473) 591
(1288, 473) 592
(1285, 473) 593
(1283, 473) 594
(1281, 474) 595
(1277, 477) 596
(1277, 481) 597
(1276, 483) 598
(1274, 486) 599
(1273, 489) 600
(1272, 490) 601
(1270, 490) 602
(1272, 491) 603
(1275, 492) 604
(1279, 493) 605
(1282, 493) 606
(1285, 494) 607
(1287, 495) 608
(1292, 497) 609
(1298, 497) 610
(1303, 498) 611
(1308, 497) 612
(1308, 495) 613
(1307, 494) 614
(1306, 493) 615
(1306, 491) 616
(1305, 490) 617
(1303, 488) 618
(1301, 487) 619
(1299, 486) 620
(1292, 485) 621
(1285, 484) 622
(1278, 484) 623
(1273, 483) 624
(1268, 482) 625
(1263, 482) 626
(1259, 481) 627
(1256, 480) 628
(1252, 480) 629
(1249, 479) 630
(1247, 479) 631
(1244, 478) 632
(1242, 478) 633
(1240, 477) 634
(1240, 477) 635
(1240, 477) 636
(1242, 477) 637
(1244, 478) 638
(1246, 478) 639
(1247, 478) 640
(1249, 479) 641
(1253, 478) 642
(1257, 478) 643
(1263, 478) 644
(1270, 477) 645
(1275, 477) 646
(1280, 476) 647
(1283, 475) 648
(1287, 474) 649
(1291, 473) 650
(1294, 472) 651
(1297, 471) 652
(1300, 470) 653
(1302, 469) 654
(1305, 468) 655
(1307, 467) 656
(1308, 466) 657
(1310, 466) 658
(1311, 465) 659
(1313, 464) 660
(1314, 463) 661
(1315, 462) 662
(1314, 462) 663
(1314, 463) 664
(1315, 463) 665
(1315, 463) 666
(1315, 463) 667
(1316, 463) 668
(1316, 462) 669
(1316, 462) 670
(1319, 462) 671
(1322, 461) 672
(1324, 461) 673
(1326, 460) 674
(1328, 459) 675
(1330, 459) 676
(1331, 458) 677
(1333, 458) 678
(1334, 457) 679
(1335, 457) 680
(1336, 456) 681
(1337, 455) 682
(1338, 455) 683
(1338, 454) 684
(1339, 454) 685
(1340, 454) 686
(1340, 453) 687
(1341, 453) 688
(1341, 452) 689
(1341, 450) 690
(1338, 448) 691
(1332, 447) 692
(1327, 445) 693
(1320, 442) 694
(1310, 441) 695
(1294, 438) 696
(1274, 436) 697
(1256, 433) 698
(1239, 431) 699
(1225, 428) 700
(1211, 426) 701
(1199, 424) 702
(1189, 422) 703
(1179, 419) 704
(1170, 417) 705
(1163, 415) 706
(1155, 413) 707
(1149, 411) 708
(1143, 409) 709
(1141, 408) 710
(1139, 408) 711
(1137, 407) 712
(1134, 407) 713
(1132, 406) 714
(1129, 406) 715
(1127, 406) 716
(1124, 405) 717
(1121, 405) 718
(1118, 405) 719
(1115, 404) 720
(1112, 404) 721
(1109, 404) 722
(969, 750) 515
(969, 750) 516
(969, 750) 517
(966, 750) 518
(962, 750) 519
(960, 750) 520
(958, 750) 521
(955, 750) 522
(952, 750) 523
(950, 750) 524
(948, 748) 525
(946, 747) 526
(944, 746) 527
(941, 744) 528
(942, 743) 529
(941, 741) 530
(939, 740) 531
(938, 740) 532
(938, 739) 533
(938, 739) 534
(939, 737) 535
(939, 736) 536
(939, 735) 537
(936, 733) 538
(934, 731) 539
(930, 729) 540
(928, 728) 541
(925, 725) 542
(923, 723) 543
(920, 720) 544
(917, 718) 545
(916, 716) 546
(913, 714) 547
(914, 713) 548
(914, 712) 549
(915, 711) 550
(919, 711) 551
(922, 711) 552
(925, 711) 553
(929, 711) 554
(932, 711) 555
(937, 709) 556
(942, 708) 557
(945, 706) 558
(949, 705) 559
(952, 703) 560
(953, 703) 561
(954, 703) 562
(956, 703) 563
(955, 701) 564
(951, 699) 565
(947, 698) 566
(947, 697) 567
(946, 695) 568
(944, 694) 569
(944, 693) 570
(944, 690) 571
(944, 689) 572
(945, 686) 573
(950, 684) 574
(953, 681) 575
(957, 679) 576
(956, 676) 577
(953, 674) 578
(948, 671) 579
(942, 670) 580
(936, 668) 581
(930, 666) 582
(934, 664) 583
(937, 663) 584
(935, 661) 585
(934, 660) 586
(931, 658) 587
(927, 657) 588
(924, 655) 589
(926, 654) 590
(928, 652) 591
(927, 651) 592
(924, 650) 593
(920, 648) 594
(917, 648) 595
(914, 648) 596
(910, 647) 597
(905, 647) 598
(902, 646) 599
(898, 647) 600
(895, 646) 601
(892, 645) 602
(889, 644) 603
(886, 644) 604
(886, 643) 605
(888, 642) 606
(894, 641) 607
(898, 640) 608
(902, 641) 609
(899, 641) 610
(900, 641) 611
(901, 641) 612
(901, 641) 613
(899, 641) 614
(899, 641) 615
(896, 643) 616
(897, 643) 617
(897, 643) 618
(896, 643) 619
(897, 643) 620
(903, 642) 621
(909, 641) 622
(915, 640) 623
(920, 639) 624
(924, 638) 625
(928, 638) 626
(926, 637) 627
(927, 636) 628
(929, 636) 629
(930, 636) 630
(930, 636) 631
(931, 635) 632
(932, 635) 633
(931, 635) 634
(930, 634) 635
(931, 634) 636
(931, 634) 637
(935, 634) 638
(939, 634) 639
(942, 635) 640
(945, 635) 641
(947, 635) 642
(949, 635) 643
(951, 635) 644
(951, 635) 645
(951, 635) 646
(952, 635) 647
(954, 634) 648
(953, 634) 649
(953, 633) 650
(954, 633) 651
(959, 632) 652
(960, 633) 653
(960, 633) 654
(961, 633) 655
(965, 632) 656
(969, 631) 657
(972, 630) 658
(975, 629) 659
(978, 629) 660
(980, 628) 661
(987, 627) 662
(993, 627) 663
(1001, 626) 664
(1005, 626) 665
(1016, 626) 666
(1024, 625) 667
(1028, 625) 668
(1033, 624) 669
(1037, 624) 670
(1036, 624) 671
(1034, 624) 672
(1031, 624) 673
(1028, 623) 674
(1026, 623) 675
(1020, 623) 676
(1014, 622) 677
(1011, 621) 678
(1014, 621) 679
(1017, 620) 680
(1019, 620) 681
(1017, 619) 682
(1015, 618) 683
(1009, 617) 684
(1004, 617) 685
(1000, 616) 686
(995, 616) 687
(992, 616) 688
(988, 615) 689
(985, 615) 690
(983, 615) 691
(980, 614) 692
(977, 615) 693
(974, 616) 694
(970, 617) 695
(967, 618) 696
(962, 620) 697
(952, 620) 698
(941, 620) 699
(930, 620) 700
(921, 620) 701
(918, 620) 702
(910, 620) 703
(901, 620) 704
(896, 621) 705
(889, 622) 706
(882, 622) 707
(874, 622) 708
(868, 622) 709
(863, 622) 710
(859, 623) 711
(856, 623) 712
(857, 623) 713
(858, 623) 714
(862, 624) 715
(866, 624) 716
(869, 624) 717
(870, 624) 718
(868, 625) 719
(868, 624) 720
(867, 624) 721
(868, 625) 722
(868, 626) 723
(873, 626) 724
(876, 626) 725
(878, 625) 726
(880, 625) 727
(880, 625) 728
(880, 624) 729
(880, 624) 730
(887, 625) 731
(893, 625) 732
(899, 626) 733
(904, 625) 734
(910, 626) 735
(917, 626) 736
(924, 626) 737
(932, 626) 738
(938, 626) 739
(945, 626) 740
(948, 626) 741
(951, 626) 742
(954, 626) 743
(958, 626) 744
(961, 625) 745
(963, 625) 746
(963, 626) 747
(963, 627) 748
(963, 627) 749
(961, 627) 750
(958, 627) 751
(954, 628) 752
(952, 628) 753
(949, 629) 754
(949, 629) 755
(949, 629) 756
(949, 628) 757
(951, 628) 758
(949, 629) 759
(950, 629) 760
(952, 628) 761
(953, 627) 762
(955, 627) 763
(956, 626) 764
(956, 626) 765
(957, 626) 766
(959, 625) 767
(961, 625) 768
(965, 625) 769
(968, 625) 770
(971, 625) 771
(973, 624) 772
(973, 624) 773
(972, 624) 774
(971, 623) 775
(971, 623) 776
(972, 623) 777
(971, 623) 778
(971, 622) 779
(972, 622) 780
(973, 621) 781
(973, 620) 782
(978, 621) 783
(983, 621) 784
(987, 621) 785
(983, 621) 786
(980, 621) 787
(979, 621) 788
(978, 621) 789
(978, 621) 790
(982, 622) 791
(987, 622) 792
(992, 623) 793
(996, 623) 794
(999, 624) 795
(1010, 625) 796
(1018, 626) 797
(1029, 626) 798
(1038, 625) 799
(1046, 625) 800
(1053, 625) 801
(1059, 624) 802
(1065, 624) 803
(1070, 624) 804
(1075, 624) 805
(1079, 623) 806
(1083, 623) 807
(1086, 623) 808
(1089, 623) 809
(1092, 622) 810
(1092, 623) 811
(1091, 623) 812
(1091, 624) 813
(1091, 624) 814
(1091, 624) 815
(1091, 625) 816
(1090, 625) 817
(1090, 625) 818
(1094, 625) 819
(1098, 624) 820
(1103, 625) 821
(1103, 625) 822
(1102, 626) 823
(1098, 626) 824
(1086, 627) 825
(1075, 628) 826
(1065, 628) 827
(1057, 629) 828
(1042, 629) 829
(1027, 629) 830
(1013, 628) 831
(1000, 628) 832
(989, 628) 833
(979, 628) 834
(970, 628) 835
(962, 628) 836
(954, 628) 837
(948, 628) 838
(942, 628) 839
(936, 628) 840
(931, 628) 841
(927, 628) 842
(923, 628) 843
(924, 628) 844
(929, 627) 845
(934, 627) 846
(938, 627) 847
(942, 627) 848
(946, 627) 849
(949, 627) 850
(952, 626) 851
(955, 626) 852
(957, 626) 853
(959, 626) 854
(967, 626) 855
(973, 625) 856
(979, 625) 857
(985, 625) 858
(989, 624) 859
(994, 624) 860
(998, 624) 861
(1001, 623) 862
(1004, 623) 863
(1007, 623) 864
(1010, 622) 865
(1012, 622) 866
(1014, 622) 867
(1016, 621) 868
(1018, 621) 869
(1019, 621) 870
(1021, 621) 871
(1022, 620) 872
(1583, 386) 526
(1582, 386) 527
(1581, 386) 528
(1580, 386) 529
(1580, 386) 530
(1579, 386) 531
(1579, 386) 532
(1583, 386) 533
(1588, 386) 534
(1595, 386) 535
(1601, 385) 536
(1602, 386) 537
(1603, 386) 538
(1605, 386) 539
(1609, 386) 540
(1611, 385) 541
(1612, 384) 542
(1615, 385) 543
(1617, 385) 544
(1618, 385) 545
(1618, 385) 546
(1621, 386) 547
(1623, 387) 548
(1623, 389) 549
(1621, 391) 550
(1618, 393) 551
(1616, 395) 552
(1613, 398) 553
(1611, 400) 554
(1609, 403) 555
(1607, 405) 556
(1607, 407) 557
(1607, 408) 558
(1606, 408) 559
(1606, 409) 560
(1605, 410) 561
(1603, 411) 562
(1598, 412) 563
(1598, 414) 564
(1599, 417) 565
(1598, 419) 566
(1596, 420) 567
(1596, 420) 568
(1595, 422) 569
(1593, 424) 570
(1591, 426) 571
(1592, 427) 572
(1594, 428) 573
(1596, 430) 574
(1597, 433) 575
(1598, 435) 576
(1599, 438) 577
(1600, 440) 578
(1601, 443) 579
(1601, 445) 580
(1602, 447) 581
(1602, 450) 582
(1602, 452) 583
(1601, 454) 584
(1601, 456) 585
(1601, 458) 586
(1600, 460) 587
(1600, 462) 588
(1599, 464) 589
(1597, 465) 590
(1595, 466) 591
(1594, 467) 592
(1593, 468) 593
(1592, 469) 594
(1591, 469) 595
(153, 462) 578
(156, 462) 579
(162, 462) 580
(172, 462) 581
(185, 462) 582
(200, 463) 583
(216, 463) 584
(231, 464) 585
(251, 464) 586
(272, 464) 587
(294, 464) 588
(314, 463) 589
(332, 463) 590
(348, 463) 591
(369, 463) 592
(388, 463) 593
(406, 463) 594
(421, 464) 595
(435, 464) 596
(446, 464) 597
(455, 464) 598
(458, 465) 599
(459, 466) 600
(459, 466) 601
(457, 467) 602
(455, 468) 603
(451, 469) 604
(449, 469) 605
(446, 470) 606
(439, 470) 607
(429, 470) 608
(420, 471) 609
(412, 471) 610
(403, 472) 611
(396, 472) 612
(384, 472) 613
(372, 472) 614
(360, 473) 615
(350, 473) 616
(340, 473) 617
(331, 474) 618
(323, 474) 619
(315, 474) 620
(309, 475) 621
(304, 475) 622
(299, 475) 623
(296, 476) 624
(295, 476) 625
(295, 476) 626
(296, 476) 627
(300, 475) 628
(304, 474) 629
(306, 473) 630
(308, 471) 631
(308, 469) 632
(308, 467) 633
(310, 465) 634
(309, 463) 635
(308, 461) 636
(304, 459) 637
(292, 456) 638
(280, 453) 639
(268, 450) 640
(257, 447) 641
(250, 445) 642
(243, 442) 643
(237, 440) 644
(231, 438) 645
(503, 615) 583
(501, 615) 584
(495, 615) 585
(484, 616) 586
(474, 616) 587
(465, 616) 588
(456, 617) 589
(449, 617) 590
(442, 617) 591
(437, 618) 592
(432, 619) 593
(428, 619) 594
(423, 620) 595
(419, 621) 596
(413, 622) 597
(409, 623) 598
(405, 624) 599
(402, 625) 600
(399, 625) 601
(392, 627) 602
(386, 628) 603
(381, 629) 604
(376, 631) 605
(375, 632) 606
(375, 633) 607
(378, 634) 608
(378, 635) 609
(379, 637) 610
(381, 637) 611
(384, 638) 612
(386, 639) 613
(388, 640) 614
(389, 640) 615
(389, 642) 616
(390, 643) 617
(393, 645) 618
(395, 646) 619
(398, 648) 620
(401, 649) 621
(403, 650) 622
(406, 652) 623
(410, 652) 624
(416, 653) 625
(422, 653) 626
(429, 653) 627
(440, 653) 628
(451, 652) 629
(461, 652) 630
(468, 651) 631
(476, 650) 632
(482, 650) 633
(490, 648) 634
(501, 646) 635
(511, 644) 636
(520, 641) 637
(528, 640) 638
(536, 638) 639
(542, 636) 640
(550, 634) 641
(559, 633) 642
(558, 631) 643
(1754, 500) 611
(1753, 500) 612
(1751, 500) 613
(1752, 499) 614
(1753, 499) 615
(1762, 499) 616
(1771, 499) 617
(1778, 499) 618
(1785, 499) 619
(1791, 499) 620
(1797, 499) 621
(1806, 498) 622
(1815, 497) 623
(1823, 497) 624
(1831, 497) 625
(1838, 497) 626
(1844, 497) 627
(1850, 497) 628
(1854, 496) 629
(1858, 495) 630
(1862, 494) 631
(1866, 493) 632
(1869, 493) 633
(1872, 492) 634
(1875, 492) 635
(1881, 492) 636
(1886, 492) 637
(1888, 492) 638
(1890, 493) 639
(1893, 493) 640
(1894, 493) 641
(1896, 493) 642
(1896, 493) 643
(1896, 493) 644
(1896, 494) 645
(1897, 494) 646
(1897, 495) 647
(1898, 495) 648
(1899, 496) 649
(1900, 496) 650
(1904, 497) 651
(1907, 497) 652
(1909, 497) 653
(1911, 497) 654
(1913, 497) 655
(1914, 497) 656
(1916, 497) 657
(1917, 498) 658
(1916, 499) 659
(1916, 499) 660
(1915, 499) 661
(1912, 500) 662
(1910, 500) 663
(1911, 501) 664
(1911, 502) 665
(1909, 503) 666
(1908, 503) 667
(1907, 504) 668
(1906, 505) 669
(1904, 506) 670
(1902, 508) 671
(1900, 509) 672
(1898, 510) 673
(1898, 512) 674
(1898, 514) 675
(1898, 515) 676
(1896, 517) 677
(1894, 518) 678
(1893, 519) 679
(1892, 520) 680
(1893, 521) 681
(1899, 523) 682
(1901, 524) 683
(1903, 524) 684
(1904, 524) 685
(1906, 525) 686
(1905, 525) 687
(1904, 524) 688
(1903, 525) 689
(1903, 525) 690
(1903, 525) 691
(1903, 525) 692
(1903, 526) 693
(1902, 526) 694
(1902, 526) 695
(1902, 527) 696
(1903, 527) 697
(1903, 527) 698
(1904, 527) 699
(1904, 526) 700
(1902, 525) 701
(1901, 523) 702
(1899, 522) 703
(1896, 521) 704
(1894, 520) 705
(1892, 519) 706
(1892, 518) 707
(1891, 516) 708
(1891, 515) 709
(1892, 513) 710
(1894, 512) 711
(1895, 511) 712
(1896, 510) 713
(1896, 508) 714
(1896, 507) 715
(1895, 506) 716
(1895, 504) 717
(1895, 503) 718
(1895, 502) 719
(1895, 501) 720
(1895, 499) 721
(1896, 498) 722
(1895, 497) 723
(1895, 496) 724
(1895, 495) 725
(1895, 494) 726
(1896, 494) 727
(1895, 493) 728
(1894, 491) 729
(1894, 490) 730
(1893, 488) 731
(1892, 487) 732
(1892, 485) 733
(1892, 484) 734
(1892, 482) 735
(1893, 482) 736
(1893, 481) 737
(1893, 480) 738
(1896, 481) 739
(1895, 481) 740
(1895, 480) 741
(1895, 480) 742
(1895, 479) 743
(1895, 479) 744
(1896, 477) 745
(1897, 476) 746
(1895, 474) 747
(1896, 473) 748
(1897, 472) 749
(1898, 472) 750
(1898, 471) 751
(1898, 470) 752
(1898, 469) 753
(1897, 469) 754
(1899, 468) 755
(1900, 468) 756
(1900, 468) 757
(1903, 468) 758
(1906, 469) 759
(1909, 469) 760
(1912, 470) 761
(1913, 471) 762
(1915, 471) 763
(1918, 471) 764
(1920, 471) 765
(1919, 472) 766
(1919, 472) 767
(1918, 474) 768
(1918, 475) 769
(1917, 477) 770
(1916, 479) 771
(1916, 480) 772
(1915, 482) 773
(1915, 483) 774
(1915, 484) 775
(1916, 486) 776
(1917, 487) 777
(1917, 488) 778
(1918, 488) 779
(1918, 489) 780
(1918, 490) 781
(1918, 491) 782
(1918, 492) 783
(1918, 493) 784
(1919, 495) 785
(1919, 496) 786
(1921, 497) 787
(1923, 499) 788
(1926, 500) 789
(1926, 502) 790
(1926, 503) 791
(1925, 505) 792
(1923, 507) 793
(1922, 509) 794
(1921, 512) 795
(1921, 514) 796
(1921, 517) 797
(1922, 520) 798
(1921, 524) 799
(1921, 529) 800
(1922, 534) 801
(1922, 538) 802
(1922, 543) 803
(1922, 547) 804
(1921, 552) 805
(1920, 556) 806
(1919, 560) 807
(1919, 565) 808
(1919, 569) 809
(1919, 573) 810
(1919, 577) 811
(1919, 581) 812
(1413, 752) 613
(1407, 752) 614
(1400, 752) 615
(1396, 752) 616
(1392, 752) 617
(1390, 752) 618
(1386, 752) 619
(1383, 751) 620
(1380, 751) 621
(1378, 750) 622
(1376, 749) 623
(1374, 749) 624
(1373, 748) 625
(1372, 748) 626
(1368, 747) 627
(1363, 746) 628
(1355, 744) 629
(1341, 741) 630
(1332, 739) 631
(1324, 737) 632
(1317, 734) 633
(1310, 732) 634
(1302, 728) 635
(1293, 726) 636
(1284, 724) 637
(1276, 722) 638
(1268, 720) 639
(1262, 718) 640
(1256, 716) 641
(1250, 714) 642
(1246, 712) 643
(1241, 710) 644
(1237, 708) 645
(1234, 707) 646
(1231, 705) 647
(1228, 703) 648
(1229, 701) 649
(1231, 699) 650
(1238, 698) 651
(1246, 697) 652
(1248, 696) 653
(1250, 694) 654
(1253, 693) 655
(1254, 690) 656
(1255, 688) 657
(1255, 686) 658
(1256, 684) 659
(1257, 681) 660
(1256, 679) 661
(1256, 678) 662
(1256, 676) 663
(1256, 674) 664
(1256, 673) 665
(1255, 671) 666
(1255, 669) 667
(1255, 668) 668
(1257, 666) 669
(1259, 664) 670
(1260, 663) 671
(1262, 661) 672
(1264, 659) 673
(1265, 658) 674
(1266, 656) 675
(1267, 655) 676
(1268, 654) 677
(1268, 653) 678
(1268, 652) 679
(1268, 650) 680
(1268, 649) 681
(1268, 649) 682
(1270, 650) 683
(1271, 650) 684
(1273, 650) 685
(1276, 651) 686
(1279, 651) 687
(1282, 652) 688
(1285, 652) 689
(1287, 653) 690
(1288, 653) 691
(1286, 654) 692
(1278, 655) 693
(1271, 656) 694
(1601, 347) 627
(1601, 347) 628
(1601, 347) 629
(1599, 347) 630
(1598, 347) 631
(1597, 347) 632
(1596, 347) 633
(1595, 347) 634
(1594, 346) 635
(1593, 346) 636
(1593, 346) 637
(1592, 346) 638
(1592, 346) 639
(1591, 346) 640
(1591, 346) 641
(1590, 346) 642
(1590, 346) 643
(1582, 345) 644
(1575, 345) 645
(1571, 344) 646
(1570, 342) 647
(1570, 340) 648
(1573, 338) 649
(1581, 337) 650
(1595, 335) 651
(1609, 333) 652
(1621, 331) 653
(1632, 329) 654
(1642, 328) 655
(1650, 326) 656
(1657, 325) 657
(1663, 324) 658
(1669, 323) 659
(1675, 321) 660
(1679, 320) 661
(1685, 319) 662
(1691, 318) 663
(1697, 317) 664
(1707, 315) 665
(1716, 314) 666
(1724, 312) 667
(1733, 311) 668
(1740, 310) 669
(1748, 309) 670
(1754, 309) 671
(1760, 308) 672
(1768, 309) 673
(1775, 310) 674
(1783, 311) 675
(1789, 313) 676
(1789, 314) 677
(1788, 315) 678
(1785, 315) 679
(1783, 316) 680
(1776, 316) 681
(1770, 316) 682
(1763, 315) 683
(1757, 314) 684
(1751, 312) 685
(1747, 311) 686
(1743, 310) 687
(1739, 308) 688
(1736, 307) 689
(1733, 306) 690
(614, 581) 671
(613, 581) 672
(613, 581) 673
(613, 581) 674
(612, 581) 675
(612, 581) 676
(615, 581) 677
(618, 581) 678
(621, 581) 679
(624, 582) 680
(631, 583) 681
(638, 583) 682
(643, 584) 683
(649, 585) 684
(653, 586) 685
(658, 586) 686
(662, 587) 687
(665, 588) 688
(669, 589) 689
(671, 590) 690
(674, 590) 691
(676, 591) 692
(679, 592) 693
(678, 593) 694
(679, 592) 695
(677, 592) 696
(675, 592) 697
(673, 592) 698
(671, 592) 699
(668, 592) 700
(666, 593) 701
(665, 594) 702
(664, 595) 703
(663, 596) 704
(662, 597) 705
(661, 598) 706
(661, 598) 707
(660, 599) 708
(659, 600) 709
(659, 601) 710
(658, 601) 711
(658, 602) 712
(657, 603) 713
(657, 604) 714
(658, 605) 715
(659, 606) 716
(660, 607) 717
(661, 608) 718
(661, 609) 719
(659, 609) 720
(657, 609) 721
(655, 609) 722
(655, 610) 723
(656, 611) 724
(656, 612) 725
(654, 612) 726
(652, 612) 727
(652, 611) 728
(653, 610) 729
(655, 609) 730
(655, 609) 731
(654, 608) 732
(651, 608) 733
(648, 608) 734
(645, 608) 735
(643, 607) 736
(643, 606) 737
(645, 605) 738
(647, 605) 739
(648, 604) 740
(648, 603) 741
(649, 602) 742
(649, 602) 743
(649, 601) 744
(649, 601) 745
(652, 600) 746
(652, 599) 747
(652, 599) 748
(649, 599) 749
(647, 599) 750
(645, 599) 751
(643, 599) 752
(642, 599) 753
(641, 599) 754
(640, 599) 755
(638, 598) 756
(638, 598) 757
(638, 598) 758
(638, 597) 759
(637, 597) 760
(636, 596) 761
(636, 596) 762
(636, 595) 763
(636, 595) 764
(635, 594) 765
(635, 594) 766
(635, 594) 767
(639, 593) 768
(641, 593) 769
(642, 592) 770
(639, 591) 771
(632, 590) 772
(628, 590) 773
(628, 589) 774
(628, 589) 775
(634, 589) 776
(638, 588) 777
(641, 588) 778
(645, 588) 779
(645, 588) 780
(642, 589) 781
(638, 589) 782
(635, 589) 783
(632, 590) 784
(630, 590) 785
(627, 590) 786
(624, 590) 787
(621, 590) 788
(619, 590) 789
(617, 591) 790
(614, 591) 791
(612, 592) 792
(609, 592) 793
(604, 593) 794
(596, 593) 795
(590, 594) 796
(586, 594) 797
(583, 594) 798
(583, 594) 799
(583, 594) 800
(583, 594) 801
(582, 594) 802
(581, 594) 803
(582, 594) 804
(582, 593) 805
(583, 593) 806
(583, 594) 807
(583, 594) 808
(582, 594) 809
(583, 595) 810
(583, 595) 811
(584, 595) 812
(583, 595) 813
(583, 596) 814
(581, 596) 815
(578, 597) 816
(576, 598) 817
(574, 599) 818
(573, 599) 819
(571, 600) 820
(570, 601) 821
(570, 601) 822
(571, 602) 823
(571, 602) 824
(571, 603) 825
(571, 603) 826
(571, 604) 827
(571, 605) 828
(571, 605) 829
(571, 606) 830
(571, 606) 831
(571, 607) 832
(570, 607) 833
(569, 607) 834
(566, 607) 835
(565, 608) 836
(563, 608) 837
(561, 608) 838
(560, 608) 839
(559, 609) 840
(558, 609) 841
(557, 609) 842
(556, 609) 843
(556, 610) 844
(557, 610) 845
(559, 610) 846
(559, 611) 847
(559, 611) 848
(560, 611) 849
(559, 613) 850
(560, 613) 851
(561, 613) 852
(561, 614) 853
(563, 615) 854
(563, 616) 855
(562, 616) 856
(563, 616) 857
(564, 618) 858
(565, 619) 859
(570, 619) 860
(576, 621) 861
(581, 623) 862
(580, 625) 863
(578, 626) 864
(577, 627) 865
(576, 629) 866
(575, 630) 867
(574, 632) 868
(574, 632) 869
(574, 632) 870
(575, 632) 871
(576, 632) 872
(574, 633) 873
(1436, 760) 687
(1436, 760) 688
(1436, 760) 689
(1436, 760) 690
(1436, 760) 691
(1436, 760) 692
(1429, 759) 693
(1419, 757) 694
(1404, 756) 695
(1390, 754) 696
(1378, 753) 697
(1374, 751) 698
(1370, 750) 699
(1367, 749) 700
(1364, 747) 701
(1361, 746) 702
(1359, 745) 703
(1357, 744) 704
(1355, 742) 705
(1353, 741) 706
(1351, 740) 707
(1350, 739) 708
(1348, 738) 709
(1347, 736) 710
(1346, 735) 711
(1345, 733) 712
(1339, 730) 713
(1334, 727) 714
(1330, 724) 715
(1326, 721) 716
(1323, 718) 717
(1320, 716) 718
(1320, 713) 719
(1321, 711) 720
(1325, 710) 721
(1329, 709) 722
(1328, 708) 723
(1326, 707) 724
(1325, 706) 725
(1322, 705) 726
(1319, 703) 727
(1316, 702) 728
(1313, 700) 729
(1310, 699) 730
(1313, 699) 731
(1315, 698) 732
(1314, 697) 733
(1315, 695) 734
(1316, 695) 735
(1315, 694) 736
(1315, 693) 737
(1315, 691) 738
(1316, 690) 739
(1316, 689) 740
(1317, 687) 741
(1319, 686) 742
(1320, 685) 743
(1325, 685) 744
(1329, 684) 745
(1333, 684) 746
(1339, 684) 747
(1346, 684) 748
(1352, 684) 749
(1357, 684) 750
(1361, 684) 751
(1364, 684) 752
(1368, 685) 753
(1371, 685) 754
(1374, 685) 755
(1377, 685) 756
(1379, 685) 757
(1381, 684) 758
(1382, 684) 759
(1384, 684) 760
(1385, 683) 761
(1386, 683) 762
(1387, 683) 763
(1394, 683) 764
(1399, 683) 765
(1404, 683) 766
(1407, 682) 767
(1411, 682) 768
(1414, 682) 769
(1416, 683) 770
(1417, 683) 771
(1418, 683) 772
(1418, 683) 773
(1417, 683) 774
(1415, 683) 775
(1413, 683) 776
(1411, 683) 777
(1409, 682) 778
(1407, 683) 779
(1405, 684) 780
(1403, 685) 781
(1401, 686) 782
(1400, 687) 783
(1398, 687) 784
(1396, 688) 785
(1394, 688) 786
(1392, 689) 787
(1391, 689) 788
(1386, 689) 789
(1380, 689) 790
(1371, 689) 791
(1363, 689) 792
(1356, 690) 793
(1350, 690) 794
(1344, 691) 795
(1338, 691) 796
(1334, 692) 797
(1330, 692) 798
(1331, 692) 799
(1332, 693) 800
(1333, 695) 801
(1334, 696) 802
(1336, 697) 803
(1337, 698) 804
(1338, 699) 805
(1341, 699) 806
(1344, 699) 807
(1343, 699) 808
(1341, 700) 809
(1340, 699) 810
(1339, 699) 811
(1338, 698) 812
(1337, 698) 813
(1337, 698) 814
(1336, 697) 815
(1336, 697) 816
(1335, 697) 817
(1335, 696) 818
(1334, 696) 819
(1334, 695) 820
(1334, 695) 821
(1326, 694) 822
(1322, 692) 823
(1319, 691) 824
(1317, 689) 825
(1316, 688) 826
(1316, 686) 827
(1316, 685) 828
(1741, 723) 695
(1742, 722) 696
(1745, 722) 697
(1748, 721) 698
(1751, 721) 699
(1754, 720) 700
(1757, 719) 701
(1759, 719) 702
(1762, 718) 703
(1765, 717) 704
(1767, 717) 705
(1769, 716) 706
(1775, 714) 707
(1781, 713) 708
(1786, 711) 709
(1791, 709) 710
(1795, 707) 711
(1800, 705) 712
(1803, 704) 713
(1807, 702) 714
(1810, 700) 715
(1812, 698) 716
(1815, 696) 717
(1817, 695) 718
(1819, 693) 719
(1821, 691) 720
(1822, 689) 721
(1824, 688) 722
(1825, 686) 723
(1826, 685) 724
(1827, 683) 725
(1828, 682) 726
(1829, 680) 727
(1830, 679) 728
(1830, 677) 729
(1830, 677) 730
(1829, 677) 731
(1829, 678) 732
(1828, 678) 733
(1828, 678) 734
(1825, 678) 735
(1821, 679) 736
(1817, 680) 737
(1808, 681) 738
(1798, 683) 739
(1790, 685) 740
(1783, 687) 741
(1775, 688) 742
(1768, 690) 743
(1762, 692) 744
(1757, 693) 745
(1752, 695) 746
(1747, 696) 747
(1743, 698) 748
(1740, 699) 749
(1736, 701) 750
(1733, 702) 751
(1731, 704) 752
(1728, 705) 753
(1726, 706) 754
(1724, 708) 755
(1723, 709) 756
(1721, 710) 757
(1720, 711) 758
(1712, 712) 759
(1703, 713) 760
(1695, 714) 761
(97, 508) 714
(100, 507) 715
(104, 507) 716
(107, 507) 717
(111, 507) 718
(114, 507) 719
(118, 507) 720
(122, 507) 721
(125, 507) 722
(129, 507) 723
(132, 507) 724
(134, 507) 725
(136, 507) 726
(138, 507) 727
(140, 507) 728
(142, 507) 729
(143, 507) 730
(145, 507) 731
(146, 507) 732
(147, 507) 733
(148, 507) 734
(149, 507) 735
(150, 507) 736
(150, 507) 737
(151, 507) 738
(151, 507) 739
(150, 507) 740
(149, 508) 741
(149, 509) 742
(150, 509) 743
(150, 510) 744
(151, 511) 745
(153, 511) 746
(155, 512) 747
(155, 513) 748
(155, 513) 749
(152, 514) 750
(148, 515) 751
(144, 517) 752
(141, 518) 753
(141, 519) 754
(143, 519) 755
(147, 519) 756
(152, 520) 757
(163, 520) 758
(173, 521) 759
(183, 521) 760
(192, 521) 761
(201, 521) 762
(206, 522) 763
(212, 522) 764
(217, 522) 765
(222, 523) 766
(226, 523) 767
(230, 524) 768
(233, 524) 769
(236, 524) 770
(239, 524) 771
(249, 525) 772
(258, 525) 773
(265, 526) 774
(271, 526) 775
(279, 527) 776
(286, 527) 777
(292, 527) 778
(297, 528) 779
(301, 528) 780
(301, 529) 781
(299, 528) 782
(295, 528) 783
(290, 528) 784
(286, 528) 785
(282, 528) 786
(278, 528) 787
(274, 528) 788
(271, 528) 789
(268, 527) 790
(268, 527) 791
(269, 527) 792
(269, 526) 793
(270, 526) 794
(270, 525) 795
(270, 524) 796
(269, 523) 797
(1427, 382) 756
(1426, 382) 757
(1428, 382) 758
(1431, 381) 759
(1429, 381) 760
(1427, 380) 761
(1425, 380) 762
(1420, 380) 763
(1421, 379) 764
(1416, 378) 765
(1411, 378) 766
(1401, 376) 767
(1401, 375) 768
(1400, 374) 769
(1393, 373) 770
(1387, 372) 771
(1376, 371) 772
(1365, 371) 773
(1356, 371) 774
(1347, 371) 775
(1338, 371) 776
(1330, 371) 777
(1323, 371) 778
(1318, 371) 779
(1314, 372) 780
(1309, 373) 781
(1305, 375) 782
(1301, 376) 783
(1298, 378) 784
(1297, 380) 785
(1298, 381) 786
(1299, 383) 787
(1300, 384) 788
(1300, 386) 789
(1300, 387) 790
(1300, 389) 791
(1299, 391) 792
(1298, 393) 793
(1297, 395) 794
(1296, 396) 795
(1296, 398) 796
(1293, 401) 797
(1290, 404) 798
(1288, 407) 799
(1281, 410) 800
(1275, 413) 801
(1270, 416) 802
(1266, 419) 803
(1262, 422) 804
(1258, 425) 805
(1258, 428) 806
(1258, 432) 807
(1262, 436) 808
(1265, 439) 809
(1267, 443) 810
(1270, 446) 811
(1270, 450) 812
(1269, 453) 813
(1265, 456) 814
(1269, 459) 815
(1274, 461) 816
(1652, 360) 786
(1655, 359) 787
(1659, 359) 788
(1662, 358) 789
(1664, 356) 790
(1666, 355) 791
(1668, 354) 792
(1671, 353) 793
(1674, 352) 794
(1678, 351) 795
(1686, 350) 796
(1688, 350) 797
(1695, 350) 798
(1702, 349) 799
(1706, 349) 800
(1711, 348) 801
(1715, 348) 802
(1723, 347) 803
(1735, 347) 804
(1746, 348) 805
(1755, 348) 806
(1764, 348) 807
(1767, 349) 808
(1769, 350) 809
(1771, 351) 810
(1772, 352) 811
(1774, 353) 812
(1775, 354) 813
(1777, 355) 814
(1778, 356) 815
(1779, 357) 816
(1780, 357) 817
(1780, 358) 818
(1781, 359) 819
(1782, 360) 820
(1782, 361) 821
(1783, 361) 822
(1783, 362) 823
(1784, 363) 824
(1784, 364) 825
(1784, 364) 826
(1790, 366) 827
(1795, 368) 828
(1799, 370) 829
(1802, 372) 830
(1805, 373) 831
(1815, 375) 832
(1824, 376) 833
(1833, 378) 834
(1842, 379) 835
(1849, 380) 836
(1857, 382) 837
(1863, 383) 838
(1869, 384) 839
(1875, 386) 840
(1876, 387) 841
(1880, 389) 842
(1883, 389) 843
(1886, 390) 844
(1888, 391) 845
(1890, 391) 846
(1891, 392) 847
(1895, 393) 848
(1905, 395) 849
(1915, 398) 850
(1915, 400) 851
(12, 401) 852
(18, 403) 853
(25, 404) 854
(31, 406) 855
(37, 408) 856
(44, 409) 857
(51, 411) 858
(57, 413) 859
(62, 415) 860
(67, 417) 861
(71, 419) 862
(70, 420) 863
(70, 420) 864
(62, 421) 865
(54, 422) 866
(47, 423) 867
(39, 423) 868
(34, 424) 869
(29, 425) 870
(23, 426) 871
(19, 427) 872
(14, 428) 873
(10, 429) 874
(827, 489) 804
(827, 489) 805
(827, 489) 806
(827, 489) 807
(827, 489) 808
(828, 489) 809
(829, 489) 810
(831, 489) 811
(832, 489) 812
(834, 489) 813
(835, 489) 814
(836, 489) 815
(837, 489) 816
(838, 489) 817
(838, 489) 818
(836, 491) 819
(834, 492) 820
(832, 494) 821
(830, 496) 822
(829, 497) 823
(827, 498) 824
(826, 500) 825
(825, 501) 826
(824, 503) 827
(823, 504) 828
(822, 505) 829
(822, 507) 830
(827, 509) 831
(840, 512) 832
(852, 514) 833
(864, 517) 834
(882, 519) 835
(891, 521) 836
(897, 524) 837
(904, 526) 838
(909, 529) 839
(914, 531) 840
(918, 534) 841
(924, 536) 842
(938, 538) 843
(950, 541) 844
(960, 543) 845
(970, 545) 846
(979, 547) 847
(980, 548) 848
(986, 549) 849
(988, 550) 850
(988, 552) 851
(988, 553) 852
(987, 554) 853
(983, 555) 854
(979, 557) 855
(979, 558) 856
(983, 559) 857
(986, 561) 858
(985, 562) 859
(985, 563) 860
(985, 564) 861
(979, 566) 862
(979, 568) 863
(979, 568) 864
(978, 570) 865
(978, 570) 866
(977, 571) 867
(977, 571) 868
(976, 571) 869
(971, 571) 870
(972, 572) 871
(965, 573) 872
(959, 573) 873
(960, 574) 874
