(898, 484) 20
(897, 484) 21
(896, 484) 22
(895, 484) 23
(892, 484) 24
(891, 484) 25
(891, 484) 26
(891, 484) 27
(889, 483) 28
(882, 483) 29
(877, 483) 30
(872, 483) 31
(868, 483) 32
(863, 482) 33
(853, 482) 34
(846, 482) 35
(836, 482) 36
(828, 481) 37
(820, 481) 38
(811, 481) 39
(798, 480) 40
(786, 480) 41
(776, 480) 42
(766, 480) 43
(758, 480) 44
(750, 480) 45
(743, 479) 46
(732, 479) 47
(728, 478) 48
(718, 478) 49
(713, 478) 50
(708, 478) 51
(703, 478) 52
(698, 477) 53
(693, 477) 54
(684, 476) 55
(675, 476) 56
(664, 476) 57
(654, 475) 58
(645, 475) 59
(644, 475) 60
(637, 475) 61
(631, 475) 62
(623, 475) 63
(614, 475) 64
(606, 475) 65
(603, 475) 66
(600, 475) 67
(597, 475) 68
(595, 475) 69
(585, 475) 70
(577, 475) 71
(573, 475) 72
(566, 476) 73
(562, 476) 74
(558, 476) 75
(556, 476) 76
(553, 476) 77
(551, 475) 78
(551, 474) 79
(548, 474) 80
(546, 473) 81
(543, 473) 82
(533, 472) 83
(525, 472) 84
(516, 472) 85
(508, 471) 86
(503, 471) 87
(496, 471) 88
(487, 470) 89
(479, 469) 90
(473, 469) 91
(466, 468) 92
(460, 468) 93
(456, 467) 94
(454, 466) 95
(451, 465) 96
(455, 464) 97
(457, 464) 98
(460, 463) 99
(461, 463) 100
(460, 463) 101
(453, 463) 102
(453, 463) 103
(452, 463) 104
(451, 464) 105
(459, 464) 106
(466, 465) 107
(472, 465) 108
(478, 466) 109
(483, 466) 110
(487, 467) 111
(492, 467) 112
(495, 468) 113
(499, 468) 114
(502, 469) 115
(504, 469) 116
(507, 469) 117
(509, 470) 118
(512, 470) 119
(513, 470) 120
(514, 470) 121
(514, 470) 122
(516, 470) 123
(517, 470) 124
(518, 470) 125
(518, 470) 126
(521, 470) 127
(522, 470) 128
(522, 470) 129
(522, 470) 130
(525, 470) 131
(529, 470) 132
(533, 470) 133
(533, 470) 134
(534, 470) 135
(540, 470) 136
(546, 469) 137
(543, 469) 138
(541, 469) 139
(539, 469) 140
(537, 469) 141
(537, 469) 142
(542, 468) 143
(543, 469) 144
(543, 469) 145
(540, 469) 146
(534, 469) 147
(529, 470) 148
(525, 470) 149
(520, 470) 150
(517, 470) 151
(515, 470) 152
(513, 470) 153
(511, 470) 154
(509, 470) 155
(508, 470) 156
(507, 470) 157
(506, 471) 158
(505, 471) 159
(504, 471) 160
(503, 471) 161
(503, 471) 162
(507, 470) 163
(518, 470) 164
(524, 470) 165
(524, 469) 166
(525, 469) 167
(526, 469) 168
(527, 468) 169
(528, 468) 170
(528, 468) 171
(526, 468) 172
(526, 467) 173
(526, 466) 174
(528, 465) 175
(528, 464) 176
(529, 464) 177
(529, 463) 178
(532, 463) 179
(537, 462) 180
(544, 462) 181
(548, 462) 182
(552, 462) 183
(556, 462) 184
(559, 462) 185
(562, 462) 186
(565, 462) 187
(568, 462) 188
(570, 462) 189
(572, 462) 190
(573, 462) 191
(575, 462) 192
(577, 462) 193
(578, 462) 194
(579, 462) 195
(580, 462) 196
(581, 462) 197
(586, 461) 198
(589, 460) 199
(591, 459) 200
(591, 458) 201
(587, 458) 202
(581, 457) 203
(576, 457) 204
(575, 456) 205
(575, 455) 206
(575, 455) 207
(578, 454) 208
(584, 454) 209
(596, 454) 210
(607, 454) 211
(617, 454) 212
(625, 454) 213
(625, 454) 214
(620, 454) 215
(615, 453) 216
(613, 453) 217
(611, 452) 218
(608, 451) 219
(606, 451) 220
(603, 450) 221
(600, 449) 222
(597, 448) 223
(277, 548) 31
(276, 548) 32
(276, 548) 33
(275, 548) 34
(274, 548) 35
(268, 548) 36
(261, 547) 37
(254, 547) 38
(248, 546) 39
(243, 545) 40
(238, 545) 41
(234, 544) 42
(222, 543) 43
(210, 542) 44
(199, 542) 45
(194, 540) 46
(190, 539) 47
(186, 538) 48
(184, 537) 49
(182, 536) 50
(181, 535) 51
(179, 534) 52
(178, 533) 53
(176, 532) 54
(175, 531) 55
(174, 530) 56
(171, 529) 57
(167, 528) 58
(164, 526) 59
(160, 525) 60
(157, 524) 61
(154, 523) 62
(152, 522) 63
(147, 521) 64
(143, 521) 65
(139, 520) 66
(136, 519) 67
(133, 518) 68
(130, 518) 69
(127, 517) 70
(129, 515) 71
(130, 513) 72
(131, 512) 73
(132, 510) 74
(133, 508) 75
(138, 508) 76
(143, 507) 77
(155, 506) 78
(161, 506) 79
(164, 505) 80
(167, 504) 81
(165, 505) 82
(156, 505) 83
(147, 506) 84
(138, 506) 85
(129, 506) 86
(121, 506) 87
(114, 507) 88
(102, 507) 89
(92, 507) 90
(83, 507) 91
(77, 507) 92
(72, 507) 93
(67, 507) 94
(63, 507) 95
(60, 507) 96
(58, 506) 97
(57, 506) 98
(55, 506) 99
(50, 505) 100
(46, 504) 101
(42, 504) 102
(37, 503) 103
(34, 502) 104
(30, 501) 105
(27, 501) 106
(24, 500) 107
(21, 499) 108
(19, 499) 109
(17, 498) 110
(19, 496) 111
(26, 492) 112
(36, 490) 113
(45, 488) 114
(52, 484) 115
(58, 481) 116
(66, 477) 117
(73, 473) 118
(79, 469) 119
(91, 465) 120
(101, 460) 121
(113, 456) 122
(121, 452) 123
(129, 448) 124
(1786, 499) 43
(1790, 498) 44
(1789, 499) 45
(1791, 500) 46
(1794, 501) 47
(1795, 502) 48
(1797, 503) 49
(1799, 504) 50
(1800, 504) 51
(1801, 505) 52
(1802, 506) 53
(1803, 507) 54
(1804, 507) 55
(1805, 508) 56
(1806, 509) 57
(1806, 510) 58
(1807, 510) 59
(1807, 511) 60
(1808, 511) 61
(1808, 512) 62
(1808, 513) 63
(1803, 512) 64
(1799, 511) 65
(1795, 511) 66
(1799, 510) 67
(1803, 510) 68
(1811, 509) 69
(1816, 508) 70
(1821, 507) 71
(1826, 507) 72
(1836, 506) 73
(1844, 506) 74
(1853, 505) 75
(1861, 505) 76
(1868, 504) 77
(1873, 505) 78
(1876, 505) 79
(1876, 505) 80
(1873, 504) 81
(1870, 503) 82
(1859, 502) 83
(1848, 501) 84
(1833, 500) 85
(1818, 500) 86
(1811, 499) 87
(1801, 498) 88
(1791, 496) 89
(1776, 496) 90
(1761, 496) 91
(1745, 495) 92
(1728, 494) 93
(1712, 492) 94
(1698, 491) 95
(1685, 490) 96
(1673, 489) 97
(1665, 488) 98
(1657, 487) 99
(1649, 486) 100
(1646, 486) 101
(1647, 485) 102
(1648, 483) 103
(1650, 482) 104
(1651, 481) 105
(1652, 480) 106
(1657, 479) 107
(1661, 478) 108
(1665, 477) 109
(1669, 476) 110
(1679, 476) 111
(1688, 475) 112
(1696, 474) 113
(1704, 474) 114
(1710, 473) 115
(1716, 472) 116
(1721, 472) 117
(1726, 471) 118
(1730, 470) 119
(1734, 469) 120
(1737, 469) 121
(1737, 467) 122
(1736, 464) 123
(1735, 462) 124
(1733, 461) 125
(1733, 459) 126
(1733, 458) 127
(1736, 457) 128
(1743, 456) 129
(1749, 455) 130
(1755, 454) 131
(1760, 452) 132
(1764, 452) 133
(1769, 451) 134
(1776, 451) 135
(1782, 451) 136
(1791, 451) 137
(1797, 451) 138
(1802, 451) 139
(1809, 451) 140
(1815, 451) 141
(1821, 451) 142
(1827, 451) 143
(1833, 451) 144
(1839, 451) 145
(1837, 451) 146
(1837, 450) 147
(1845, 451) 148
(1853, 451) 149
(1857, 451) 150
(1862, 451) 151
(1860, 451) 152
(1858, 450) 153
(1857, 449) 154
(1856, 448) 155
(1855, 447) 156
(1852, 446) 157
(1849, 446) 158
(1848, 445) 159
(1849, 445) 160
(1852, 444) 161
(1854, 444) 162
(1857, 443) 163
(1860, 443) 164
(1864, 442) 165
(1867, 442) 166
(1870, 442) 167
(1871, 442) 168
(1873, 442) 169
(1879, 442) 170
(1884, 443) 171
(1891, 443) 172
(1899, 444) 173
(1906, 445) 174
(1912, 445) 175
(1917, 446) 176
(1921, 446) 177
(1921, 447) 178
(14, 447) 179
(24, 447) 180
(32, 448) 181
(40, 448) 182
(49, 448) 183
(56, 448) 184
(63, 449) 185
(69, 449) 186
(1490, 461) 59
(1487, 461) 60
(1479, 462) 61
(1472, 462) 62
(1473, 462) 63
(1477, 463) 64
(1482, 463) 65
(1487, 464) 66
(1491, 464) 67
(1495, 464) 68
(1499, 465) 69
(1502, 465) 70
(1505, 466) 71
(1505, 466) 72
(1501, 466) 73
(1496, 467) 74
(1492, 467) 75
(1489, 467) 76
(1486, 468) 77
(1484, 468) 78
(1480, 468) 79
(1476, 468) 80
(1476, 468) 81
(1475, 468) 82
(1470, 468) 83
(1469, 468) 84
(1468, 468) 85
(1467, 469) 86
(1466, 469) 87
(1466, 469) 88
(1466, 469) 89
(1467, 469) 90
(1468, 469) 91
(1469, 470) 92
(1471, 470) 93
(1472, 470) 94
(1473, 470) 95
(1474, 470) 96
(1475, 470) 97
(1476, 470) 98
(1476, 470) 99
(1477, 471) 100
(1477, 469) 101
(1480, 469) 102
(1479, 469) 103
(1479, 469) 104
(1479, 469) 105
(1478, 469) 106
(1477, 469) 107
(1476, 470) 108
(1475, 471) 109
(1476, 470) 110
(1478, 469) 111
(1480, 468) 112
(1483, 467) 113
(1487, 467) 114
(1493, 466) 115
(1498, 465) 116
(1505, 465) 117
(1514, 465) 118
(1518, 465) 119
(1515, 464) 120
(1513, 464) 121
(1512, 463) 122
(1511, 464) 123
(1511, 464) 124
(1509, 466) 125
(1508, 467) 126
(1504, 467) 127
(1502, 468) 128
(1501, 468) 129
(1500, 468) 130
(1499, 468) 131
(1498, 469) 132
(1497, 469) 133
(1488, 468) 134
(1487, 468) 135
(1486, 468) 136
(1485, 468) 137
(1478, 468) 138
(1480, 467) 139
(1483, 467) 140
(1484, 467) 141
(1486, 468) 142
(1489, 468) 143
(1491, 468) 144
(1491, 469) 145
(1489, 469) 146
(1486, 470) 147
(1486, 471) 148
(1486, 470) 149
(1485, 470) 150
(1484, 470) 151
(1485, 470) 152
(1487, 470) 153
(1487, 469) 154
(1486, 469) 155
(1484, 469) 156
(1485, 468) 157
(1485, 468) 158
(1488, 467) 159
(1488, 467) 160
(1487, 467) 161
(1487, 466) 162
(1489, 467) 163
(1491, 467) 164
(1495, 467) 165
(1500, 467) 166
(1504, 466) 167
(1513, 466) 168
(1522, 466) 169
(1528, 465) 170
(1533, 465) 171
(1536, 465) 172
(1545, 465) 173
(1556, 464) 174
(1571, 464) 175
(1587, 462) 176
(1604, 461) 177
(1620, 460) 178
(1634, 459) 179
(1647, 458) 180
(1658, 457) 181
(1668, 456) 182
(1677, 455) 183
(1686, 455) 184
(1694, 454) 185
(1701, 454) 186
(1707, 454) 187
(1712, 454) 188
(1722, 454) 189
(1731, 454) 190
(1740, 453) 191
(1747, 453) 192
(1753, 453) 193
(1759, 451) 194
(1765, 450) 195
(1770, 449) 196
(1770, 449) 197
(1771, 448) 198
(1775, 448) 199
(1775, 448) 200
(1775, 448) 201
(1772, 448) 202
(1775, 448) 203
(1778, 448) 204
(1788, 448) 205
(1797, 449) 206
(1807, 449) 207
(1817, 449) 208
(1825, 450) 209
(1829, 450) 210
(1833, 450) 211
(1838, 449) 212
(1840, 449) 213
(1840, 449) 214
(1837, 448) 215
(1833, 448) 216
(1828, 447) 217
(1826, 446) 218
(1827, 446) 219
(1827, 446) 220
(1826, 446) 221
(1826, 445) 222
(1826, 445) 223
(1828, 445) 224
(1831, 445) 225
(1837, 445) 226
(1841, 445) 227
(1843, 445) 228
(1844, 445) 229
(1845, 445) 230
(1852, 446) 231
(1856, 446) 232
(1860, 447) 233
(1864, 447) 234
(1867, 448) 235
(1870, 448) 236
(1872, 449) 237
(1874, 449) 238
(1875, 450) 239
(1877, 450) 240
(1877, 451) 241
(1880, 452) 242
(1883, 453) 243
(1885, 454) 244
(1888, 455) 245
(1888, 456) 246
(1888, 456) 247
(1882, 457) 248
(1877, 457) 249
(1872, 457) 250
(1868, 457) 251
(1864, 456) 252
(1861, 456) 253
(1858, 456) 254
(1851, 456) 255
(1847, 457) 256
(1843, 457) 257
(1846, 458) 258
(1847, 458) 259
(1849, 459) 260
(1851, 459) 261
(1852, 459) 262
(1853, 459) 263
(1853, 460) 264
(1853, 460) 265
(1854, 460) 266
(1854, 460) 267
(1846, 461) 268
(1840, 461) 269
(1834, 461) 270
(1829, 462) 271
(1824, 462) 272
(1820, 462) 273
(1816, 462) 274
(1805, 462) 275
(1794, 462) 276
(1782, 462) 277
(1771, 462) 278
(1762, 462) 279
(1754, 462) 280
(1749, 462) 281
(1736, 463) 282
(1725, 463) 283
(1714, 463) 284
(1703, 463) 285
(1693, 463) 286
(1684, 464) 287
(1675, 464) 288
(1661, 465) 289
(1646, 466) 290
(1635, 466) 291
(1625, 467) 292
(1614, 467) 293
(1606, 468) 294
(1599, 468) 295
(1592, 469) 296
(1585, 470) 297
(1582, 470) 298
(1574, 470) 299
(1567, 470) 300
(1560, 471) 301
(1554, 471) 302
(1549, 471) 303
(1544, 471) 304
(1541, 471) 305
(1543, 471) 306
(771, 456) 85
(771, 456) 86
(771, 456) 87
(772, 456) 88
(772, 456) 89
(772, 456) 90
(773, 456) 91
(773, 456) 92
(781, 456) 93
(788, 456) 94
(794, 456) 95
(799, 456) 96
(806, 456) 97
(806, 456) 98
(806, 456) 99
(804, 456) 100
(801, 456) 101
(795, 456) 102
(789, 457) 103
(782, 457) 104
(776, 457) 105
(771, 457) 106
(766, 457) 107
(761, 457) 108
(757, 457) 109
(754, 457) 110
(750, 457) 111
(747, 458) 112
(745, 458) 113
(742, 458) 114
(740, 458) 115
(738, 458) 116
(731, 457) 117
(723, 456) 118
(715, 456) 119
(709, 455) 120
(703, 455) 121
(700, 456) 122
(696, 456) 123
(693, 456) 124
(690, 456) 125
(687, 457) 126
(684, 457) 127
(686, 457) 128
(689, 457) 129
(691, 457) 130
(693, 457) 131
(695, 457) 132
(697, 457) 133
(699, 457) 134
(701, 457) 135
(703, 457) 136
(703, 457) 137
(702, 457) 138
(701, 458) 139
(702, 458) 140
(702, 458) 141
(703, 458) 142
(704, 459) 143
(705, 458) 144
(707, 458) 145
(708, 458) 146
(709, 457) 147
(711, 457) 148
(712, 456) 149
(712, 456) 150
(713, 456) 151
(714, 455) 152
(715, 455) 153
(715, 455) 154
(715, 454) 155
(716, 454) 156
(716, 454) 157
(716, 453) 158
(717, 453) 159
(717, 452) 160
(712, 453) 161
(710, 454) 162
(707, 454) 163
(504, 479) 102
(504, 479) 103
(504, 479) 104
(504, 479) 105
(504, 479) 106
(504, 479) 107
(496, 479) 108
(488, 479) 109
(477, 478) 110
(467, 478) 111
(461, 478) 112
(455, 478) 113
(449, 478) 114
(444, 478) 115
(439, 478) 116
(434, 478) 117
(428, 478) 118
(421, 478) 119
(415, 478) 120
(408, 478) 121
(405, 478) 122
(396, 477) 123
(388, 477) 124
(382, 477) 125
(371, 476) 126
(362, 476) 127
(353, 475) 128
(345, 475) 129
(337, 474) 130
(331, 474) 131
(325, 473) 132
(320, 473) 133
(315, 472) 134
(311, 472) 135
(302, 472) 136
(295, 472) 137
(287, 471) 138
(279, 471) 139
(271, 470) 140
(263, 469) 141
(256, 468) 142
(251, 467) 143
(247, 466) 144
(244, 465) 145
(240, 465) 146
(237, 464) 147
(235, 463) 148
(232, 463) 149
(230, 462) 150
(228, 461) 151
(227, 461) 152
(225, 460) 153
(224, 459) 154
(222, 459) 155
(221, 458) 156
(220, 457) 157
(221, 455) 158
(221, 453) 159
(222, 451) 160
(223, 449) 161
(225, 447) 162
(226, 447) 163
(227, 447) 164
(229, 447) 165
(232, 447) 166
(236, 447) 167
(237, 446) 168
(240, 446) 169
(241, 446) 170
(245, 446) 171
(251, 445) 172
(260, 445) 173
(267, 445) 174
(274, 445) 175
(280, 445) 176
(285, 445) 177
(290, 445) 178
(295, 444) 179
(304, 445) 180
(311, 446) 181
(317, 447) 182
(324, 447) 183
(329, 448) 184
(333, 448) 185
(337, 449) 186
(340, 449) 187
(343, 450) 188
(346, 450) 189
(348, 450) 190
(350, 451) 191
(352, 451) 192
(353, 452) 193
(355, 452) 194
(356, 452) 195
(358, 453) 196
(359, 453) 197
(363, 454) 198
(368, 454) 199
(374, 455) 200
(380, 455) 201
(386, 456) 202
(391, 456) 203
(396, 457) 204
(400, 457) 205
(404, 458) 206
(407, 458) 207
(410, 459) 208
(408, 459) 209
(408, 458) 209
(407, 458) 210
(404, 457) 211
(403, 457) 212
(401, 456) 213
(397, 455) 214
(394, 455) 215
(390, 454) 216
(387, 454) 217
(385, 453) 218
(382, 452) 219
(380, 452) 220
(378, 451) 221
(376, 451) 222
(375, 450) 223
(375, 450) 224
(379, 450) 225
(384, 450) 226
(387, 450) 227
(390, 450) 228
(391, 451) 229
(391, 451) 230
(385, 451) 231
(377, 452) 232
(371, 452) 233
(367, 451) 234
(365, 450) 235
(361, 451) 236
(359, 450) 237
(354, 451) 238
(350, 451) 239
(346, 452) 240
(343, 452) 241
(339, 453) 242
(337, 453) 243
(334, 454) 244
(332, 454) 245
(329, 454) 246
(331, 455) 247
(333, 455) 248
(333, 455) 249
(334, 455) 250
(336, 455) 251
(342, 456) 252
(348, 456) 253
(353, 457) 254
(358, 457) 255
(358, 458) 256
(360, 458) 257
(367, 457) 258
(1402, 460) 131
(1402, 460) 132
(1402, 459) 133
(1402, 459) 134
(1403, 459) 135
(1398, 459) 136
(1393, 459) 137
(1388, 459) 138
(1384, 459) 139
(1380, 459) 140
(1380, 458) 141
(1377, 458) 142
(1375, 458) 143
(1372, 458) 144
(1370, 458) 145
(1368, 457) 146
(1366, 457) 147
(1364, 457) 148
(1363, 457) 149
(1361, 456) 150
(1360, 456) 151
(1359, 456) 152
(1358, 456) 153
(1357, 455) 154
(1356, 455) 155
(1355, 455) 156
(1355, 455) 157
(1354, 455) 158
(1353, 456) 159
(1353, 456) 160
(1352, 456) 161
(1352, 457) 162
(1351, 457) 163
(1351, 457) 164
(1351, 458) 165
(1351, 458) 166
(1357, 457) 167
(1362, 457) 168
(1367, 457) 169
(1372, 456) 170
(1376, 456) 171
(1379, 455) 172
(1383, 455) 173
(1386, 455) 174
(1388, 454) 175
(1390, 454) 176
(1393, 454) 177
(1392, 453) 178
(1391, 453) 179
(1390, 453) 180
(1391, 453) 181
(1394, 453) 182
(1398, 453) 183
(1402, 453) 184
(1406, 453) 185
(1410, 453) 186
(1415, 453) 187
(1420, 453) 188
(1417, 453) 189
(1414, 452) 190
(1410, 452) 191
(1408, 452) 192
(1408, 451) 193
(1408, 451) 194
(1408, 452) 195
(1408, 452) 196
(1416, 453) 197
(1423, 453) 198
(1435, 454) 199
(1447, 454) 200
(1458, 455) 201
(1464, 455) 202
(1470, 455) 203
(1475, 456) 204
(1479, 456) 205
(1482, 457) 206
(1493, 457) 207
(1505, 457) 208
(1515, 457) 209
(1527, 456) 210
(1538, 454) 211
(1549, 454) 212
(1560, 453) 213
(1566, 453) 214
(1571, 453) 215
(1575, 453) 216
(1580, 453) 217
(1583, 453) 218
(1587, 453) 219
(1590, 453) 220
(1592, 453) 221
(1595, 452) 222
(1597, 452) 223
(1599, 452) 224
(1601, 452) 225
(1603, 452) 226
(1604, 452) 227
(1605, 452) 228
(1606, 452) 229
(1608, 452) 230
(1615, 452) 231
(1622, 452) 232
(1629, 452) 233
(1634, 452) 234
(1634, 453) 235
(1636, 453) 236
(1639, 453) 237
(1641, 453) 238
(1645, 453) 239
(1644, 453) 240
(1644, 453) 241
(1633, 454) 242
(1623, 455) 243
(1613, 456) 244
(1604, 457) 245
(1595, 457) 246
(1588, 458) 247
(1585, 458) 248
(1579, 459) 249
(1573, 459) 250
(1567, 459) 251
(1563, 459) 252
(1559, 460) 253
(1552, 460) 254
(1548, 460) 255
(1545, 461) 256
(1541, 462) 257
(1537, 463) 258
(1534, 463) 259
(1531, 464) 260
(1526, 465) 261
(1521, 466) 262
(1519, 467) 263
(1516, 468) 264
(1514, 469) 265
(1511, 469) 266
(1509, 470) 267
(1507, 471) 268
(1505, 472) 269
(1503, 473) 270
(1502, 473) 271
(1501, 474) 272
(1499, 475) 273
(1498, 476) 274
(1498, 477) 275
(1499, 477) 276
(1500, 477) 277
(1501, 478) 278
(1506, 478) 279
(1506, 478) 280
(1507, 478) 281
(1507, 478) 282
(1506, 478) 283
(1506, 478) 284
(1506, 478) 285
(1505, 478) 286
(1504, 479) 287
(1503, 480) 288
(1137, 476) 145
(1145, 476) 146
(1153, 476) 147
(1160, 476) 148
(1158, 476) 149
(1157, 476) 150
(1156, 476) 151
(1154, 476) 152
(1153, 476) 153
(1153, 476) 154
(1152, 475) 155
(1151, 475) 156
(1150, 475) 157
(1150, 475) 158
(1149, 475) 159
(1146, 474) 160
(1142, 473) 161
(1139, 472) 162
(1137, 471) 163
(1134, 470) 164
(1132, 469) 165
(1126, 469) 166
(1122, 468) 167
(1112, 468) 168
(1105, 468) 169
(1095, 468) 170
(1092, 469) 171
(1089, 469) 172
(1079, 469) 173
(1070, 470) 174
(1060, 470) 175
(1048, 471) 176
(1037, 472) 177
(1029, 472) 178
(1022, 473) 179
(1016, 473) 180
(1016, 474) 181
(1017, 474) 182
(1017, 474) 183
(1012, 474) 184
(999, 474) 185
(988, 474) 186
(978, 474) 187
(969, 474) 188
(968, 475) 189
(968, 475) 190
(967, 476) 191
(967, 476) 192
(966, 477) 193
(966, 478) 194
(962, 478) 195
(960, 478) 196
(959, 478) 197
(957, 478) 198
(957, 478) 199
(958, 478) 200
(958, 478) 201
(957, 478) 202
(956, 479) 203
(953, 479) 204
(949, 480) 205
(949, 480) 206
(951, 481) 207
(961, 481) 208
(970, 481) 209
(978, 481) 210
(986, 482) 211
(992, 482) 212
(998, 482) 213
(1004, 483) 214
(1008, 483) 215
(1013, 483) 216
(1017, 484) 217
(1021, 484) 218
(1025, 485) 219
(1028, 485) 220
(1031, 486) 221
(1033, 486) 222
(1035, 486) 223
(1038, 487) 224
(1039, 487) 225
(1041, 487) 226
(1043, 488) 227
(1044, 488) 228
(1045, 488) 229
(1046, 489) 230
(1047, 489) 231
(1048, 489) 232
(1049, 490) 233
(1049, 490) 234
(1043, 490) 235
(1036, 489) 236
(1029, 489) 237
(1016, 489) 238
(1010, 490) 239
(1003, 489) 240
(996, 489) 241
(995, 489) 242
(993, 488) 243
(990, 488) 244
(980, 489) 245
(971, 489) 246
(962, 489) 247
(959, 489) 248
(956, 489) 249
(953, 489) 250
(949, 490) 251
(943, 490) 252
(939, 490) 253
(936, 490) 254
(934, 491) 255
(932, 491) 256
(930, 491) 257
(928, 492) 258
(927, 492) 259
(925, 492) 260
(919, 493) 261
(917, 493) 262
(916, 493) 263
(914, 494) 264
(913, 494) 265
(909, 494) 266
(907, 494) 267
(905, 494) 268
(898, 494) 269
(890, 494) 270
(886, 494) 271
(883, 495) 272
(883, 495) 273
(884, 495) 274
(884, 495) 275
(884, 495) 276
(886, 495) 277
(887, 495) 278
(887, 495) 279
(887, 495) 280
(885, 495) 281
(885, 496) 282
(885, 496) 283
(885, 496) 284
(886, 496) 285
(891, 496) 286
(896, 496) 287
(904, 496) 288
(911, 496) 289
(911, 495) 290
(913, 495) 291
(915, 495) 292
(922, 494) 293
(928, 494) 294
(933, 494) 295
(938, 493) 296
(938, 493) 297
(939, 493) 298
(946, 493) 299
(952, 493) 300
(952, 493) 301
(951, 493) 302
(950, 493) 303
(949, 493) 304
(947, 493) 305
(947, 494) 306
(942, 494) 307
(938, 494) 308
(934, 494) 309
(931, 495) 310
(929, 495) 311
(926, 495) 312
(924, 496) 313
(922, 496) 314
(920, 496) 315
(919, 497) 316
(917, 497) 317
(916, 497) 318
(915, 497) 319
(914, 498) 320
(913, 498) 321
(912, 498) 322
(911, 498) 323
(911, 499) 324
(910, 499) 325
(909, 499) 326
(909, 499) 327
(912, 499) 328
(915, 500) 329
(916, 500) 330
(917, 500) 331
(916, 500) 332
(915, 500) 333
(914, 500) 334
(910, 499) 335
(908, 497) 336
(906, 496) 337
(906, 496) 338
(906, 496) 339
(906, 495) 340
(905, 495) 341
(904, 494) 342
(903, 493) 343
(903, 493) 344
(903, 492) 345
(902, 492) 346
(902, 492) 347
(901, 492) 348
(900, 491) 349
(900, 491) 350
(904, 491) 351
(910, 491) 352
(911, 492) 353
(913, 492) 354
(921, 492) 355
(925, 492) 356
(927, 492) 357
(929, 492) 358
(930, 493) 359
(935, 493) 360
(939, 493) 361
(943, 493) 362
(944, 493) 363
(945, 493) 364
(951, 493) 365
(956, 494) 366
(953, 494) 367
(947, 494) 368
(943, 494) 369
(938, 495) 370
(933, 495) 371
(927, 495) 372
(926, 495) 373
(925, 495) 374
(925, 496) 375
(930, 496) 376
(937, 495) 377
(942, 495) 378
(948, 495) 379
(954, 495) 380
(960, 495) 381
(964, 495) 382
(964, 495) 383
(965, 495) 384
(962, 495) 385
(957, 495) 386
(953, 495) 387
(951, 495) 388
(948, 495) 389
(946, 495) 390
(940, 495) 391
(935, 494) 392
(931, 495) 393
(927, 495) 394
(924, 495) 395
(921, 495) 396
(921, 495) 397
(922, 495) 398
(923, 495) 399
(921, 494) 400
(919, 494) 401
(918, 494) 402
(917, 493) 403
(916, 493) 404
(915, 493) 405
(914, 493) 406
(913, 492) 407
(912, 492) 408
(912, 492) 409
(911, 491) 410
(911, 491) 411
(910, 491) 412
(910, 491) 413
(909, 490) 414
(909, 490) 415
(909, 490) 416
(909, 490) 417
(915, 490) 418
(920, 489) 419
(923, 490) 420
(926, 490) 421
(931, 490) 422
(932, 490) 423
(934, 490) 424
(936, 490) 425
(936, 491) 426
(936, 491) 427
(935, 491) 428
(933, 491) 429
(931, 491) 430
(927, 491) 431
(928, 491) 432
(929, 491) 433
(929, 491) 434
(930, 491) 435
(930, 491) 436
(930, 491) 437
(931, 491) 438
(936, 491) 439
(941, 491) 440
(946, 491) 441
(948, 492) 442
(950, 493) 443
(951, 493) 444
(955, 494) 445
(958, 495) 446
(957, 495) 447
(957, 495) 448
(953, 496) 449
(949, 496) 450
(946, 496) 451
(943, 497) 452
(941, 497) 453
(939, 498) 454
(936, 498) 455
(935, 498) 456
(931, 498) 457
(929, 498) 458
(930, 498) 459
(930, 498) 460
(934, 498) 461
(937, 498) 462
(946, 498) 463
(956, 498) 464
(966, 498) 465
(982, 498) 466
(997, 498) 467
(1010, 498) 468
(1022, 498) 469
(1031, 498) 470
(1041, 498) 471
(1051, 498) 472
(1059, 498) 473
(1075, 498) 474
(1089, 498) 475
(1102, 498) 476
(1113, 499) 477
(1123, 499) 478
(1133, 499) 479
(1143, 499) 480
(1151, 499) 481
(1159, 500) 482
(1166, 500) 483
(1172, 500) 484
(1178, 500) 485
(1180, 500) 486
(1182, 501) 487
(1185, 501) 488
(1188, 502) 489
(1190, 502) 490
(1193, 503) 491
(1191, 503) 492
(1186, 503) 493
(1182, 503) 494
(1178, 503) 495
(1174, 504) 496
(1170, 504) 497
(1167, 504) 498
(1164, 504) 499
(1162, 504) 500
(1161, 504) 501
(1160, 504) 502
(1151, 504) 503
(1144, 504) 504
(1137, 503) 505
(1131, 503) 506
(1126, 503) 507
(1121, 502) 508
(1124, 502) 509
(1123, 502) 510
(1123, 502) 511
(1122, 502) 512
(1122, 502) 513
(1121, 502) 514
(1119, 501) 515
(1109, 501) 516
(1092, 501) 517
(1077, 500) 518
(1063, 500) 519
(1051, 500) 520
(1040, 500) 521
(1030, 499) 522
(1021, 499) 523
(1016, 499) 524
(1014, 499) 525
(1014, 499) 526
(1020, 499) 527
(1027, 499) 528
(1039, 499) 529
(1047, 499) 530
(1054, 499) 531
(1054, 499) 532
(1050, 499) 533
(1049, 499) 534
(1049, 499) 535
(1050, 499) 536
(1049, 499) 537
(1050, 499) 538
(1054, 499) 539
(1058, 499) 540
(1062, 499) 541
(1070, 498) 542
(1076, 498) 543
(1086, 498) 544
(1090, 498) 545
(1101, 498) 546
(1105, 498) 547
(1113, 498) 548
(1118, 498) 549
(1122, 498) 550
(1126, 499) 551
(1131, 500) 552
(1136, 500) 553
(1142, 501) 554
(1146, 501) 555
(1153, 501) 556
(1153, 501) 557
(1153, 502) 558
(1147, 502) 559
(1143, 502) 560
(1138, 502) 561
(1140, 502) 562
(1144, 501) 563
(1243, 464) 203
(1243, 464) 204
(1244, 464) 205
(1246, 464) 206
(1248, 464) 207
(1248, 464) 208
(1247, 464) 209
(1238, 465) 210
(1231, 465) 211
(1227, 465) 212
(1223, 466) 213
(1220, 466) 214
(1217, 466) 215
(1215, 466) 216
(1213, 467) 217
(1211, 467) 218
(1209, 467) 219
(1207, 467) 220
(1207, 467) 221
(1209, 468) 222
(1211, 468) 223
(1214, 468) 224
(1216, 469) 225
(1218, 469) 226
(1219, 469) 227
(1221, 469) 228
(1222, 470) 229
(1223, 470) 230
(1230, 470) 231
(1235, 470) 232
(1242, 470) 233
(1250, 469) 234
(1255, 469) 235
(1260, 469) 236
(1265, 469) 237
(1271, 468) 238
(1277, 468) 239
(1280, 468) 240
(1283, 468) 241
(1285, 468) 242
(1287, 468) 243
(1290, 468) 244
(1293, 469) 245
(1294, 469) 246
(1296, 470) 247
(1298, 470) 248
(1299, 471) 249
(1301, 471) 250
(1302, 472) 251
(1303, 473) 252
(1304, 473) 253
(1305, 474) 254
(1298, 474) 255
(1293, 474) 256
(1288, 474) 257
(1284, 475) 258
(1280, 475) 259
(1276, 475) 260
(1272, 475) 261
(1272, 476) 262
(1272, 476) 263
(1272, 476) 264
(1272, 476) 265
(1270, 476) 266
(1269, 477) 267
(1268, 477) 268
(1268, 477) 269
(1268, 477) 270
(1266, 477) 271
(1264, 478) 272
(1262, 478) 273
(1263, 479) 274
(1263, 480) 275
(1263, 480) 276
(1263, 480) 277
(1263, 480) 278
(1264, 480) 279
(1263, 481) 280
(1263, 481) 281
(1267, 481) 282
(1269, 481) 283
(1270, 482) 284
(1271, 482) 285
(1271, 482) 286
(1272, 482) 287
(1272, 483) 288
(1273, 483) 289
(1273, 483) 290
(1272, 484) 291
(1272, 484) 292
(1274, 484) 293
(1278, 485) 293
(1280, 486) 294
(1282, 486) 295
(1290, 486) 296
(1298, 486) 297
(1298, 486) 298
(1297, 487) 299
(1296, 487) 300
(1290, 487) 301
(1285, 486) 302
(1283, 487) 303
(1282, 487) 304
(1281, 487) 305
(1277, 486) 306
(1276, 487) 307
(1274, 487) 308
(1271, 487) 309
(1269, 487) 310
(1267, 488) 311
(1267, 488) 312
(1267, 488) 313
(1268, 489) 314
(1268, 489) 315
(1268, 489) 316
(1267, 489) 317
(1267, 489) 318
(1267, 489) 319
(1267, 489) 320
(1263, 490) 321
(1260, 490) 322
(1257, 490) 323
(1254, 490) 324
(1247, 491) 325
(1240, 491) 326
(1234, 491) 327
(1228, 492) 328
(1231, 492) 329
(1235, 492) 330
(1238, 492) 331
(1238, 493) 332
(1239, 493) 333
(1238, 493) 334
(1243, 492) 335
(1244, 492) 336
(1245, 492) 337
(1249, 492) 338
(1251, 492) 339
(1251, 492) 340
(1251, 492) 341
(1250, 492) 342
(1248, 493) 343
(1246, 493) 344
(1244, 493) 345
(1242, 492) 346
(1240, 492) 347
(1234, 492) 348
(1228, 492) 349
(1220, 492) 350
(1214, 492) 351
(1207, 492) 352
(1202, 492) 353
(1197, 492) 354
(1193, 492) 355
(1189, 492) 356
(1185, 493) 357
(1182, 493) 358
(1179, 493) 359
(1176, 493) 360
(1174, 493) 361
(1172, 493) 362
(1172, 493) 363
(1174, 493) 364
(1177, 494) 365
(1177, 494) 366
(1182, 494) 367
(1183, 494) 368
(1185, 495) 369
(1187, 495) 370
(1189, 495) 371
(1191, 495) 372
(1193, 495) 373
(1196, 496) 374
(1197, 496) 375
(1204, 496) 376
(1210, 496) 377
(1217, 496) 378
(1223, 496) 379
(1228, 496) 380
(1231, 497) 381
(1234, 497) 382
(1233, 497) 383
(1231, 497) 384
(1226, 497) 385
(1222, 497) 386
(1218, 497) 387
(1218, 497) 388
(1218, 496) 389
(1218, 496) 390
(1217, 496) 391
(1215, 496) 392
(1211, 496) 393
(1210, 496) 394
(1206, 496) 395
(1194, 496) 396
(1190, 496) 397
(1187, 495) 398
(1184, 495) 399
(1174, 495) 400
(1165, 495) 401
(1157, 494) 402
(1150, 494) 403
(1143, 494) 404
(1137, 494) 405
(1132, 493) 406
(1127, 493) 407
(1123, 493) 408
(1119, 493) 409
(1117, 493) 410
(1117, 493) 411
(1117, 493) 412
(1117, 492) 413
(1117, 492) 414
(1120, 492) 415
(1121, 492) 416
(1124, 492) 417
(1127, 492) 418
(1130, 492) 419
(1133, 492) 420
(1135, 492) 421
(1144, 492) 422
(1160, 491) 423
(1173, 491) 424
(1185, 491) 425
(1200, 491) 426
(1214, 490) 427
(1226, 490) 428
(1237, 490) 429
(1247, 490) 430
(1256, 489) 431
(1261, 489) 432
(1267, 490) 433
(1270, 490) 434
(1272, 490) 435
(1275, 490) 436
(1277, 490) 437
(1279, 491) 438
(1286, 491) 439
(1292, 491) 440
(1297, 491) 441
(1296, 491) 442
(1287, 491) 443
(1281, 491) 444
(1275, 491) 445
(1266, 491) 446
(1261, 491) 447
(1255, 491) 448
(1250, 491) 449
(1246, 491) 450
(1242, 491) 451
(1238, 491) 452
(1235, 491) 453
(1232, 491) 454
(1229, 491) 455
(1222, 491) 456
(1219, 491) 457
(1215, 491) 458
(1212, 491) 459
(1203, 490) 460
(1195, 490) 461
(1194, 490) 462
(1193, 490) 463
(1193, 490) 464
(1192, 490) 465
(1192, 490) 466
(1191, 490) 467
(1191, 490) 468
(1190, 490) 469
(1190, 490) 470
(1190, 490) 471
(1189, 489) 472
(1193, 490) 473
(204, 454) 217
(203, 454) 218
(200, 454) 219
(196, 454) 220
(193, 453) 221
(187, 453) 222
(181, 453) 223
(175, 453) 224
(170, 452) 225
(166, 452) 226
(162, 452) 227
(158, 452) 228
(155, 451) 229
(152, 451) 230
(150, 451) 231
(147, 451) 232
(145, 450) 233
(143, 450) 234
(142, 450) 235
(140, 450) 236
(139, 449) 237
(138, 449) 238
(137, 449) 239
(136, 449) 240
(135, 449) 241
(139, 449) 242
(147, 449) 243
(155, 450) 244
(162, 450) 245
(162, 451) 246
(162, 451) 247
(163, 451) 247
(165, 452) 248
(167, 452) 249
(171, 452) 250
(174, 452) 251
(177, 453) 252
(181, 453) 253
(181, 453) 254
(179, 453) 255
(178, 454) 256
(177, 454) 257
(172, 454) 258
(168, 454) 259
(165, 454) 260
(156, 454) 261
(150, 454) 262
(150, 454) 263
(151, 455) 264
(153, 454) 265
(159, 454) 266
(166, 454) 267
(167, 454) 268
(168, 455) 269
(169, 455) 270
(171, 455) 271
(171, 456) 272
(172, 456) 273
(178, 456) 274
(188, 456) 275
(195, 456) 276
(392, 463) 332
(391, 463) 333
(390, 463) 334
(390, 462) 335
(390, 462) 336
(393, 462) 337
(398, 462) 338
(402, 461) 339
(406, 461) 340
(409, 461) 341
(413, 460) 342
(415, 460) 343
(418, 460) 344
(420, 459) 345
(424, 459) 346
(428, 458) 347
(431, 457) 348
(434, 456) 349
(437, 455) 350
(440, 454) 351
(442, 453) 352
(444, 452) 353
(446, 452) 354
(447, 451) 355
(449, 450) 356
(450, 449) 357
(451, 448) 358
(452, 448) 359
(453, 447) 360
(454, 446) 361
(455, 446) 362
(459, 445) 363
(463, 445) 364
(473, 445) 365
(482, 446) 366
(486, 447) 367
(487, 448) 368
(490, 449) 369
(488, 450) 370
(481, 451) 371
(478, 453) 372
(473, 454) 373
(462, 455) 374
(453, 456) 375
(444, 457) 376
(436, 459) 377
(436, 460) 378
(433, 461) 379
(432, 461) 380
(431, 462) 381
(429, 463) 382
(427, 464) 383
(424, 465) 384
(424, 465) 385
(425, 466) 386
(428, 466) 387
(430, 466) 388
(430, 467) 389
(428, 468) 390
(425, 468) 391
(428, 469) 392
(425, 469) 393
(425, 470) 394
(431, 470) 395
(436, 470) 396
(432, 471) 397
(429, 471) 398
(422, 470) 399
(420, 471) 400
(416, 471) 401
(412, 471) 402
(409, 472) 403
(407, 472) 404
(405, 472) 405
(404, 472) 406
(402, 472) 407
(400, 472) 408
(399, 473) 409
(396, 473) 410
(398, 472) 411
(397, 473) 412
(396, 473) 413
(393, 473) 414
(391, 474) 415
(388, 474) 416
(387, 474) 417
(386, 475) 418
(385, 475) 419
(379, 475) 420
(373, 476) 421
(368, 476) 422
(364, 476) 423
(360, 477) 424
(356, 477) 425
(356, 478) 426
(357, 478) 427
(368, 478) 428
(378, 479) 429
(382, 479) 430
(386, 479) 431
(395, 479) 432
(402, 480) 433
(407, 481) 434
(412, 481) 435
(416, 482) 436
(420, 482) 437
(420, 483) 438
(416, 483) 439
(409, 484) 440
(403, 484) 441
(394, 484) 442
(386, 485) 443
(379, 485) 444
(372, 485) 445
(365, 486) 446
(358, 486) 447
(350, 487) 448
(342, 488) 449
(333, 488) 450
(331, 488) 451
(328, 489) 452
(323, 489) 453
(326, 489) 454
(327, 489) 455
(329, 489) 456
(337, 489) 457
(344, 489) 458
(350, 490) 459
(351, 490) 460
(350, 489) 461
(348, 489) 462
(342, 489) 463
(337, 488) 464
(339, 488) 465
(340, 487) 466
(340, 487) 467
(339, 486) 468
(338, 485) 469
(338, 485) 470
(338, 484) 471
(338, 484) 472
(339, 484) 473
(340, 484) 474
(341, 485) 475
(342, 485) 476
(336, 484) 477
(1438, 494) 344
(1438, 494) 345
(1438, 494) 346
(1438, 494) 347
(1438, 494) 348
(1438, 494) 349
(1438, 494) 350
(1438, 494) 351
(1438, 494) 352
(1438, 494) 353
(1429, 494) 354
(1421, 494) 355
(1414, 494) 356
(1408, 494) 357
(1400, 495) 358
(1393, 495) 359
(1387, 496) 360
(1381, 496) 361
(1376, 497) 362
(1372, 497) 363
(1372, 498) 364
(1374, 498) 365
(1378, 498) 366
(1387, 498) 367
(1396, 499) 368
(1404, 499) 369
(1414, 500) 370
(1422, 500) 371
(1430, 501) 372
(1444, 502) 373
(1460, 502) 374
(1476, 502) 375
(1489, 503) 376
(1504, 503) 377
(1515, 503) 378
(1525, 504) 379
(1535, 504) 380
(1544, 504) 381
(1552, 505) 382
(1556, 505) 383
(1553, 505) 384
(1550, 506) 385
(1545, 506) 386
(1541, 506) 387
(1537, 506) 388
(1540, 506) 389
(1540, 506) 390
(1542, 506) 391
(1543, 506) 392
(1545, 506) 393
(1550, 506) 394
(1556, 506) 395
(1564, 507) 396
(1568, 507) 397
(1576, 508) 398
(1585, 508) 399
(1591, 509) 400
(1597, 509) 401
(1606, 510) 402
(1615, 511) 403
(1623, 511) 404
(1630, 512) 405
(1635, 512) 406
(1639, 513) 407
(1645, 513) 408
(1649, 514) 409
(1652, 514) 410
(1655, 515) 411
(1656, 515) 412
(1660, 516) 413
(1670, 515) 414
(1678, 515) 415
(1686, 515) 416
(1686, 515) 417
(1686, 516) 418
(1686, 516) 419
(1686, 517) 420
(1686, 517) 421
(1687, 517) 422
(1686, 518) 423
(1684, 518) 424
(1684, 518) 425
(1686, 518) 426
(1687, 518) 427
(1686, 519) 428
(1690, 519) 429
(1697, 519) 430
(1704, 519) 431
(1709, 519) 432
(1715, 519) 433
(1719, 519) 434
(1723, 519) 435
(1727, 519) 436
(1730, 518) 437
(1741, 518) 438
(1750, 518) 439
(1764, 518) 440
(1776, 517) 441
(1786, 517) 442
(1796, 517) 443
(1806, 517) 444
(1814, 517) 445
(1823, 517) 446
(1826, 517) 447
(1830, 517) 448
(1834, 517) 449
(1841, 516) 450
(1848, 516) 451
(1853, 516) 452
(1854, 515) 453
(1855, 515) 454
(1856, 515) 455
(1857, 514) 456
(1857, 514) 457
(1856, 513) 458
(1855, 513) 459
(1855, 512) 460
(1855, 511) 461
(1858, 511) 462
(1858, 510) 463
(1858, 510) 464
(1859, 510) 465
(1860, 510) 466
(1859, 509) 467
(1858, 509) 468
(1858, 509) 469
(1859, 509) 470
(1860, 509) 471
(1861, 509) 472
(1861, 509) 473
(1860, 509) 474
(1860, 509) 475
(1860, 509) 476
(1861, 509) 477
(1865, 509) 478
(1868, 509) 479
(1869, 509) 480
(1871, 509) 481
(1871, 509) 482
(1870, 509) 483
(1869, 508) 484
(1868, 508) 485
(1865, 508) 486
(1866, 508) 487
(1871, 507) 488
(1875, 507) 489
(1879, 506) 490
(1883, 506) 491
(1887, 505) 492
(1891, 504) 493
(1896, 504) 494
(1900, 504) 495
(1904, 504) 496
(1908, 503) 497
(1912, 503) 498
(1914, 503) 499
(1917, 503) 500
(1919, 503) 501
(1921, 502) 502
(1921, 502) 503
(5, 502) 504
(6, 502) 505
(8, 503) 506
(9, 503) 507
(11, 503) 508
(13, 503) 509
(15, 504) 510
(17, 504) 511
(15, 504) 512
(15, 505) 513
(16, 505) 514
(18, 505) 515
(22, 505) 516
(27, 505) 517
(35, 505) 518
(41, 505) 519
(47, 506) 520
(52, 506) 521
(57, 506) 522
(62, 506) 523
(57, 505) 524
(53, 506) 525
(50, 506) 526
(47, 507) 527
(45, 507) 528
(41, 507) 529
(38, 508) 530
(35, 508) 531
(630, 523) 363
(624, 522) 364
(620, 521) 365
(615, 520) 366
(612, 519) 367
(608, 519) 368
(605, 518) 369
(602, 517) 370
(600, 516) 371
(598, 515) 372
(596, 514) 373
(594, 514) 374
(592, 513) 375
(591, 512) 376
(589, 512) 377
(588, 511) 378
(587, 510) 379
(587, 509) 380
(591, 508) 381
(599, 506) 382
(606, 504) 383
(613, 503) 384
(618, 501) 385
(624, 499) 386
(628, 498) 387
(633, 496) 388
(637, 495) 389
(640, 493) 390
(643, 492) 391
(643, 491) 392
(641, 489) 393
(639, 488) 394
(637, 488) 395
(635, 487) 396
(634, 486) 397
(627, 485) 398
(621, 484) 399
(616, 483) 400
(612, 482) 401
(608, 482) 402
(604, 481) 403
(601, 480) 404
(598, 479) 405
(595, 478) 406
(593, 477) 407
(587, 477) 408
(586, 477) 409
(586, 476) 410
(586, 476) 411
(587, 476) 412
(587, 475) 413
(587, 475) 414
(587, 475) 415
(587, 474) 416
(587, 474) 417
(588, 474) 418
(588, 474) 419
(588, 473) 420
(588, 473) 421
(588, 473) 422
(588, 472) 423
(588, 472) 424
(588, 472) 425
(595, 471) 426
(601, 470) 427
(607, 470) 428
(615, 469) 429
(621, 469) 430
(626, 468) 431
(629, 468) 432
(633, 468) 433
(636, 468) 434
(645, 467) 435
(656, 467) 436
(665, 466) 437
(674, 466) 438
(681, 465) 439
(688, 465) 440
(694, 464) 441
(700, 464) 442
(705, 464) 443
(710, 463) 444
(714, 463) 445
(710, 463) 446
(700, 463) 447
(690, 463) 448
(681, 463) 449
(672, 463) 450
(667, 463) 451
(660, 463) 452
(658, 461) 453
(654, 460) 454
(651, 459) 455
(649, 458) 456
(646, 457) 457
(644, 456) 458
(642, 455) 459
(641, 455) 460
(639, 454) 461
(639, 453) 462
(641, 453) 463
(644, 452) 464
(644, 452) 465
(644, 451) 466
(647, 451) 467
(649, 451) 468
(648, 450) 469
(645, 450) 470
(642, 450) 471
(639, 450) 472
(635, 449) 473
(630, 448) 474
(627, 448) 475
(623, 447) 476
(619, 447) 477
(615, 446) 478
(611, 446) 479
(606, 445) 480
(603, 445) 481
(600, 444) 482
(597, 443) 483
(598, 442) 484
(599, 442) 485
(599, 441) 486
(600, 440) 487
(601, 439) 488
(601, 439) 489
(602, 438) 490
(603, 437) 491
(602, 437) 492
(601, 438) 493
(601, 438) 494
(604, 438) 495
(604, 439) 496
(604, 441) 497
(604, 442) 498
(604, 443) 499
(605, 444) 500
(605, 445) 501
(605, 447) 502
(605, 448) 503
(610, 448) 504
(607, 448) 505
(605, 449) 506
(604, 449) 507
(601, 450) 508
(594, 450) 509
(594, 451) 510
(594, 452) 511
(595, 453) 512
(598, 453) 513
(598, 453) 514
(599, 453) 515
(598, 454) 516
(597, 455) 517
(596, 455) 518
(595, 455) 519
(594, 456) 520
(534, 469) 371
(534, 469) 372
(539, 469) 373
(549, 468) 374
(553, 468) 375
(555, 468) 376
(554, 468) 377
(553, 468) 378
(552, 469) 379
(551, 469) 380
(551, 469) 381
(552, 469) 382
(559, 469) 383
(565, 468) 384
(567, 467) 385
(569, 467) 386
(571, 466) 387
(578, 466) 388
(584, 466) 389
(598, 467) 390
(607, 467) 391
(618, 468) 392
(628, 468) 393
(636, 468) 394
(643, 468) 395
(650, 469) 396
(656, 469) 397
(661, 469) 398
(666, 470) 399
(670, 470) 400
(674, 470) 401
(683, 471) 402
(690, 473) 403
(697, 474) 404
(703, 475) 405
(708, 476) 406
(713, 477) 407
(709, 478) 408
(706, 478) 409
(703, 479) 410
(697, 479) 411
(690, 479) 412
(680, 479) 413
(671, 479) 414
(662, 479) 415
(655, 479) 416
(646, 479) 417
(638, 480) 418
(625, 480) 419
(615, 479) 420
(600, 479) 421
(585, 479) 422
(575, 479) 423
(563, 479) 424
(553, 479) 425
(542, 479) 426
(533, 479) 427
(524, 479) 428
(516, 480) 429
(509, 480) 430
(503, 480) 431
(497, 480) 432
(492, 480) 433
(488, 481) 434
(484, 481) 435
(480, 481) 436
(477, 481) 437
(474, 481) 438
(471, 481) 439
(468, 482) 440
(466, 482) 441
(466, 482) 442
(467, 483) 443
(467, 484) 444
(467, 485) 445
(467, 485) 446
(468, 486) 447
(468, 487) 448
(468, 488) 449
(468, 488) 450
(471, 488) 451
(473, 488) 452
(474, 488) 453
(474, 488) 454
(474, 488) 455
(474, 488) 456
(475, 488) 457
(475, 488) 458
(475, 488) 459
(475, 488) 460
(475, 488) 461
(475, 488) 462
(469, 488) 463
(464, 488) 464
(459, 488) 465
(454, 488) 466
(450, 489) 467
(446, 489) 468
(443, 489) 469
(440, 489) 470
(437, 489) 471
(435, 489) 472
(433, 490) 473
(431, 490) 474
(429, 490) 475
(427, 490) 476
(424, 490) 477
(422, 490) 478
(420, 490) 479
(418, 490) 480
(416, 490) 481
(414, 489) 482
(413, 489) 483
(413, 489) 484
(413, 489) 485
(414, 489) 486
(414, 488) 487
(414, 488) 488
(414, 487) 489
(413, 487) 490
(412, 486) 491
(412, 486) 492
(411, 486) 493
(411, 486) 494
(411, 486) 495
(411, 486) 496
(411, 486) 497
(411, 486) 498
(411, 486) 499
(411, 486) 500
(411, 486) 501
(411, 486) 502
(411, 486) 503
(413, 486) 504
(411, 485) 505
(410, 484) 506
(409, 484) 507
(409, 484) 508
(408, 484) 509
(408, 483) 510
(408, 483) 511
(409, 484) 512
(410, 484) 513
(411, 484) 514
(411, 484) 515
(410, 484) 516
(410, 484) 517
(408, 484) 518
(404, 484) 519
(402, 484) 520
(399, 483) 521
(400, 483) 522
(400, 483) 523
(406, 483) 524
(406, 482) 525
(407, 482) 526
(416, 481) 527
(424, 481) 528
(432, 481) 529
(440, 481) 530
(446, 480) 531
(452, 480) 532
(457, 480) 533
(462, 479) 534
(466, 479) 535
(468, 479) 536
(470, 479) 537
(471, 479) 538
(472, 479) 539
(474, 479) 540
(475, 479) 541
(475, 479) 542
(474, 479) 543
(469, 479) 544
(467, 478) 545
(464, 478) 546
(462, 477) 547
(459, 477) 548
(458, 476) 549
(456, 476) 550
(454, 475) 551
(452, 475) 552
(450, 474) 553
(448, 474) 554
(446, 474) 555
(445, 475) 556
(444, 475) 557
(444, 475) 558
(443, 476) 559
(443, 476) 560
(443, 477) 561
(115, 475) 374
(119, 475) 375
(124, 475) 376
(127, 475) 377
(130, 475) 378
(134, 475) 379
(134, 475) 380
(132, 475) 381
(127, 475) 382
(122, 475) 383
(120, 475) 384
(116, 475) 385
(109, 475) 386
(103, 475) 387
(98, 475) 388
(93, 475) 389
(88, 474) 390
(84, 473) 391
(81, 472) 392
(80, 471) 393
(77, 471) 394
(75, 470) 395
(73, 470) 396
(72, 469) 397
(70, 468) 398
(69, 468) 399
(68, 467) 400
(67, 467) 401
(66, 466) 402
(65, 466) 403
(64, 465) 404
(63, 465) 405
(63, 464) 406
(62, 464) 407
(62, 463) 408
(61, 463) 409
(59, 463) 410
(56, 463) 411
(51, 463) 412
(46, 463) 413
(41, 464) 414
(32, 464) 415
(24, 464) 416
(19, 464) 417
(14, 464) 418
(15, 464) 419
(1929, 464) 420
(1924, 465) 421
(1920, 465) 422
(1916, 465) 423
(1913, 465) 424
(1910, 465) 425
(1908, 465) 426
(1905, 465) 427
(1903, 466) 428
(1901, 466) 429
(1900, 466) 430
(1898, 466) 431
(1893, 467) 432
(1889, 467) 433
(1885, 468) 434
(1883, 468) 435
(1881, 469) 436
(1879, 469) 437
(1786, 499) 488
(1785, 499) 489
(1784, 499) 490
(1783, 499) 491
(1784, 499) 492
(1784, 499) 493
(1784, 499) 494
(1785, 499) 495
(1784, 499) 496
(1783, 499) 497
(1780, 499) 498
(1780, 499) 499
(1779, 498) 500
(1778, 498) 501
(1778, 498) 502
(1784, 498) 503
(1789, 498) 504
(1789, 498) 505
(1789, 499) 506
(1789, 499) 507
(1785, 499) 508
(1773, 500) 509
(1759, 500) 510
(1739, 501) 511
(1719, 501) 512
(1700, 502) 513
(1681, 503) 514
(1663, 503) 515
(1646, 504) 516
(1632, 504) 517
(1619, 505) 518
(1607, 505) 519
(1596, 506) 520
(1586, 506) 521
(1578, 507) 522
(1570, 507) 523
(1563, 507) 524
(1557, 508) 525
(1551, 508) 526
(1546, 509) 527
(1541, 509) 528
(1533, 509) 529
(1526, 509) 530
(1520, 509) 531
(1522, 508) 532
(1525, 508) 533
(1529, 507) 534
(1538, 505) 535
(1546, 504) 536
(1548, 503) 537
(1548, 503) 538
(1544, 504) 539
(1540, 505) 540
(1535, 506) 541
(1532, 507) 542
(1530, 508) 543
(1528, 509) 544
(1525, 510) 545
(1523, 510) 546
(1522, 511) 547
(1522, 512) 548
(1527, 513) 549
(1535, 513) 550
(1541, 514) 551
(1547, 515) 552
(1550, 516) 553
(1555, 517) 554
(1557, 517) 555
(1563, 518) 556
(1568, 519) 557
(1578, 519) 558
(1588, 520) 559
(1598, 521) 560
(1607, 521) 561
(331, 485) 499
(331, 485) 500
(331, 485) 501
(331, 485) 502
(331, 485) 503
(331, 485) 504
(327, 484) 505
(324, 484) 506
(321, 484) 507
(312, 484) 508
(303, 484) 509
(296, 484) 510
(289, 484) 511
(282, 483) 512
(276, 483) 513
(274, 482) 514
(271, 481) 515
(268, 481) 516
(265, 480) 517
(263, 480) 518
(261, 479) 519
(259, 478) 520
(257, 478) 521
(255, 477) 522
(254, 477) 523
(249, 477) 524
(244, 477) 525
(242, 476) 526
(239, 476) 527
(239, 476) 528
(243, 476) 529
(257, 476) 530
(269, 475) 531
(284, 475) 532
(296, 475) 533
(307, 475) 534
(316, 475) 535
(324, 475) 536
(336, 475) 537
(347, 474) 538
(351, 474) 539
(357, 474) 540
(360, 474) 541
(358, 473) 542
(356, 473) 543
(354, 473) 544
(353, 473) 545
(351, 472) 546
(350, 472) 547
(349, 472) 548
(348, 472) 549
(347, 471) 550
(347, 471) 551
(354, 471) 552
(365, 471) 553
(380, 470) 554
(402, 469) 555
(422, 469) 556
(441, 468) 557
(458, 467) 558
(475, 466) 559
(491, 466) 560
(506, 465) 561
