(457, 467) 28
(454, 467) 29
(451, 467) 30
(448, 467) 31
(449, 467) 32
(448, 468) 33
(448, 468) 34
(447, 469) 35
(447, 470) 36
(446, 471) 37
(446, 472) 38
(446, 473) 39
(445, 475) 40
(443, 477) 41
(445, 480) 42
(445, 483) 43
(444, 485) 44
(443, 487) 45
(441, 489) 46
(441, 491) 47
(446, 493) 48
(446, 495) 49
(448, 496) 50
(453, 498) 51
(458, 500) 52
(462, 502) 53
(466, 504) 54
(463, 505) 55
(461, 507) 56
(459, 508) 57
(458, 510) 58
(449, 511) 59
(445, 512) 60
(448, 514) 61
(451, 515) 62
(453, 517) 63
(455, 519) 64
(455, 520) 65
(453, 521) 66
(446, 522) 67
(440, 523) 68
(435, 523) 69
(430, 524) 70
(425, 525) 71
(418, 525) 72
(408, 526) 73
(399, 527) 74
(390, 528) 75
(379, 530) 76
(363, 531) 77
(348, 532) 78
(327, 534) 79
(307, 535) 80
(292, 537) 81
(278, 538) 82
(265, 540) 83
(252, 541) 84
(241, 542) 85
(231, 542) 86
(222, 542) 87
(213, 542) 88
(205, 543) 89
(197, 543) 90
(197, 542) 91
(201, 540) 92
(205, 539) 93
(209, 537) 94
(213, 535) 95
(216, 533) 96
(219, 531) 97
(222, 530) 98
(224, 528) 99
(226, 526) 100
(228, 524) 101
(230, 523) 102
(231, 521) 103
(232, 519) 104
(233, 517) 105
(233, 516) 106
(234, 514) 107
(234, 512) 108
(234, 511) 109
(234, 509) 110
(234, 507) 111
(234, 505) 112
(234, 504) 113
(233, 502) 114
(233, 500) 115
(232, 498) 116
(231, 496) 117
(230, 494) 118
(229, 493) 119
(228, 491) 120
(227, 489) 121
(227, 487) 122
(226, 486) 123
(226, 484) 124
(225, 482) 125
(225, 481) 126
(221, 480) 127
(217, 478) 128
(214, 477) 129
(214, 476) 130
(215, 476) 131
(221, 475) 132
(227, 476) 133
(234, 477) 134
(239, 478) 135
(239, 480) 136
(236, 482) 137
(231, 484) 138
(226, 485) 139
(221, 487) 140
(215, 488) 141
(213, 490) 142
(210, 492) 143
(210, 493) 144
(208, 495) 145
(200, 496) 146
(193, 497) 147
(186, 498) 148
(181, 500) 149
(176, 501) 150
(168, 502) 151
(160, 503) 152
(153, 504) 153
(146, 504) 154
(140, 505) 155
(134, 505) 156
(128, 505) 157
(123, 503) 158
(120, 501) 159
(117, 499) 160
(115, 497) 161
(114, 495) 162
(113, 493) 163
(113, 491) 164
(112, 489) 165
(109, 488) 166
(106, 487) 167
(104, 487) 168
(102, 486) 169
(100, 486) 170
(98, 485) 171
(95, 485) 172
(92, 485) 173
(90, 484) 174
(87, 484) 175
(85, 484) 176
(83, 484) 177
(82, 484) 178
(82, 484) 179
(81, 485) 180
(80, 485) 181
(80, 486) 182
(81, 487) 183
(84, 488) 184
(86, 488) 185
(86, 489) 186
(84, 489) 187
(84, 489) 188
(86, 490) 189
(94, 490) 190
(101, 490) 191
(114, 490) 192
(127, 490) 193
(140, 490) 194
(157, 491) 195
(174, 491) 196
(189, 492) 197
(204, 492) 198
(220, 493) 199
(235, 493) 200
(249, 494) 201
(261, 495) 202
(274, 495) 203
(293, 496) 204
(1425, 368) 40
(1427, 369) 41
(1429, 370) 42
(1432, 372) 43
(1432, 374) 44
(1432, 377) 45
(1430, 380) 46
(1428, 384) 47
(1425, 388) 48
(1422, 392) 49
(1419, 396) 50
(1415, 400) 51
(1412, 404) 52
(1408, 408) 53
(1404, 410) 54
(1400, 413) 55
(1397, 416) 56
(1393, 419) 57
(1389, 422) 58
(1385, 425) 59
(1381, 428) 60
(1377, 431) 61
(1374, 435) 62
(1371, 438) 63
(1368, 441) 64
(1366, 445) 65
(1364, 449) 66
(1362, 453) 67
(1360, 458) 68
(1358, 462) 69
(1348, 466) 70
(1332, 471) 71
(1324, 475) 72
(1326, 479) 73
(1327, 482) 74
(1328, 486) 75
(1329, 490) 76
(1329, 493) 77
(1330, 497) 78
(1330, 500) 79
(1331, 503) 80
(1331, 506) 81
(1332, 508) 82
(1334, 510) 83
(1336, 511) 84
(1338, 513) 85
(1340, 514) 86
(1342, 516) 87
(1344, 517) 88
(1346, 518) 89
(1348, 519) 90
(1348, 520) 91
(1348, 520) 92
(1349, 521) 93
(1349, 522) 94
(1349, 522) 95
(1350, 523) 96
(1351, 524) 97
(1352, 525) 98
(1352, 525) 99
(1350, 526) 100
(1340, 525) 101
(1332, 524) 102
(1324, 524) 103
(854, 713) 57
(854, 713) 58
(854, 713) 59
(854, 713) 60
(854, 713) 61
(854, 713) 62
(853, 714) 63
(852, 714) 64
(851, 714) 65
(850, 714) 66
(849, 715) 67
(848, 715) 68
(847, 715) 69
(845, 716) 70
(844, 716) 71
(844, 717) 72
(844, 717) 73
(845, 717) 74
(846, 717) 75
(846, 717) 76
(847, 717) 77
(846, 718) 78
(846, 718) 79
(847, 718) 80
(847, 718) 81
(853, 718) 82
(859, 717) 83
(863, 716) 84
(868, 716) 85
(872, 715) 86
(875, 715) 87
(879, 714) 88
(881, 714) 89
(884, 713) 90
(886, 713) 91
(889, 712) 92
(890, 711) 93
(892, 711) 94
(894, 710) 95
(895, 710) 96
(898, 709) 97
(900, 708) 98
(907, 707) 99
(913, 706) 100
(919, 705) 101
(923, 704) 102
(927, 704) 103
(931, 703) 104
(937, 703) 105
(946, 702) 106
(955, 701) 107
(958, 700) 108
(961, 699) 109
(963, 698) 110
(965, 697) 111
(967, 697) 112
(969, 696) 113
(971, 695) 114
(972, 695) 115
(975, 693) 116
(977, 691) 117
(979, 690) 118
(981, 688) 119
(982, 687) 120
(982, 685) 121
(982, 684) 122
(979, 683) 123
(976, 682) 124
(973, 682) 125
(971, 682) 126
(967, 682) 127
(963, 682) 128
(959, 681) 129
(954, 681) 130
(949, 680) 131
(948, 680) 132
(947, 680) 133
(945, 680) 134
(943, 680) 135
(937, 679) 136
(931, 679) 137
(928, 679) 138
(925, 679) 139
(923, 679) 140
(921, 679) 141
(912, 679) 142
(904, 678) 143
(896, 679) 144
(888, 679) 145
(882, 679) 146
(876, 680) 147
(870, 680) 148
(865, 681) 149
(860, 681) 150
(854, 680) 151
(847, 680) 152
(834, 680) 153
(823, 680) 154
(812, 680) 155
(805, 680) 156
(798, 680) 157
(792, 680) 158
(785, 680) 159
(779, 680) 160
(773, 680) 161
(768, 680) 162
(764, 680) 163
(760, 680) 164
(758, 681) 165
(752, 680) 166
(746, 680) 167
(740, 679) 168
(735, 679) 169
(730, 678) 170
(726, 678) 171
(722, 678) 172
(716, 678) 173
(710, 678) 174
(704, 678) 175
(700, 678) 176
(696, 678) 177
(692, 678) 178
(689, 678) 179
(686, 679) 180
(683, 679) 181
(679, 678) 182
(676, 678) 183
(673, 678) 184
(670, 678) 185
(667, 678) 186
(665, 678) 187
(663, 678) 188
(661, 678) 189
(660, 678) 190
(658, 678) 191
(657, 678) 192
(650, 677) 193
(641, 675) 194
(633, 673) 195
(625, 672) 196
(619, 670) 197
(614, 668) 198
(609, 667) 199
(605, 665) 200
(602, 664) 201
(599, 662) 202
(596, 660) 203
(594, 659) 204
(595, 656) 205
(596, 653) 206
(597, 650) 207
(598, 648) 208
(599, 645) 209
(601, 643) 210
(604, 640) 211
(605, 638) 212
(606, 635) 213
(608, 632) 214
(611, 630) 215
(612, 628) 216
(613, 626) 217
(614, 625) 218
(614, 623) 219
(619, 621) 220
(625, 618) 221
(630, 616) 222
(636, 614) 223
(640, 611) 224
(643, 609) 225
(645, 607) 226
(647, 605) 227
(650, 603) 228
(655, 600) 229
(660, 598) 230
(669, 595) 231
(677, 593) 232
(690, 591) 233
(701, 589) 234
(711, 588) 235
(720, 586) 236
(729, 584) 237
(736, 583) 238
(743, 581) 239
(749, 580) 240
(754, 578) 241
(759, 577) 242
(764, 575) 243
(768, 574) 244
(771, 573) 245
(775, 571) 246
(777, 570) 247
(780, 569) 248
(781, 566) 249
(782, 564) 250
(783, 562) 251
(785, 559) 252
(786, 557) 253
(787, 555) 254
(787, 553) 255
(788, 551) 256
(789, 549) 257
(789, 547) 258
(790, 545) 259
(791, 543) 260
(791, 541) 261
(791, 539) 262
(792, 537) 263
(793, 537) 264
(793, 536) 265
(793, 535) 266
(792, 534) 267
(791, 534) 268
(790, 533) 269
(788, 532) 270
(785, 532) 271
(782, 533) 272
(780, 535) 273
(973, 422) 77
(970, 422) 78
(968, 422) 79
(966, 423) 80
(963, 424) 81
(960, 425) 82
(954, 425) 83
(948, 424) 84
(944, 424) 85
(941, 423) 86
(938, 422) 87
(936, 422) 88
(933, 421) 89
(927, 422) 90
(924, 422) 91
(920, 423) 92
(917, 424) 93
(911, 425) 94
(911, 425) 95
(913, 426) 96
(915, 427) 97
(915, 428) 98
(916, 429) 99
(917, 430) 100
(917, 431) 101
(917, 432) 102
(918, 433) 103
(918, 434) 104
(918, 435) 105
(919, 435) 106
(919, 436) 107
(919, 437) 108
(922, 439) 109
(925, 440) 110
(927, 441) 111
(925, 442) 112
(924, 444) 113
(924, 446) 114
(923, 447) 115
(922, 448) 116
(921, 449) 117
(920, 450) 118
(920, 451) 119
(918, 451) 120
(915, 450) 121
(914, 450) 122
(912, 450) 123
(910, 450) 124
(909, 449) 125
(908, 449) 126
(907, 449) 127
(906, 449) 128
(905, 449) 129
(896, 449) 130
(888, 449) 131
(881, 449) 132
(875, 449) 133
(870, 448) 134
(865, 449) 135
(864, 448) 136
(862, 447) 137
(861, 447) 138
(860, 446) 139
(859, 445) 140
(858, 445) 141
(857, 444) 142
(863, 443) 143
(868, 441) 144
(873, 440) 145
(878, 438) 146
(878, 437) 147
(879, 437) 148
(878, 438) 149
(878, 439) 150
(878, 440) 151
(878, 441) 152
(878, 442) 153
(878, 443) 154
(878, 445) 155
(878, 446) 156
(878, 447) 157
(878, 448) 158
(878, 449) 159
(877, 451) 160
(876, 453) 161
(875, 455) 162
(875, 456) 163
(877, 459) 164
(880, 462) 165
(882, 464) 166
(885, 467) 167
(887, 469) 168
(889, 471) 169
(890, 474) 170
(892, 476) 171
(893, 478) 172
(894, 480) 173
(895, 482) 174
(896, 485) 175
(897, 487) 176
(898, 489) 177
(899, 491) 178
(899, 492) 179
(900, 494) 180
(900, 496) 181
(901, 498) 182
(901, 500) 183
(902, 501) 184
(903, 502) 185
(902, 503) 186
(898, 502) 187
(895, 502) 188
(892, 502) 189
(890, 501) 190
(888, 501) 191
(887, 499) 192
(885, 498) 193
(885, 496) 194
(885, 494) 195
(887, 493) 196
(889, 490) 197
(893, 487) 198
(895, 484) 199
(901, 482) 200
(907, 479) 201
(914, 476) 202
(921, 472) 203
(928, 469) 204
(1316, 515) 133
(1316, 515) 134
(1316, 515) 135
(1316, 515) 136
(1316, 515) 137
(1316, 515) 138
(1316, 515) 139
(1316, 515) 140
(1320, 516) 141
(1322, 518) 142
(1326, 518) 143
(1328, 520) 144
(1330, 521) 145
(1333, 521) 146
(1333, 521) 147
(1333, 521) 148
(1336, 523) 149
(1335, 523) 150
(1336, 524) 151
(1337, 524) 152
(1338, 525) 153
(1340, 526) 154
(1342, 527) 155
(1343, 528) 156
(1345, 529) 157
(1346, 530) 158
(1347, 531) 159
(1348, 533) 160
(1349, 533) 161
(1353, 533) 162
(1358, 534) 163
(1362, 534) 164
(1367, 534) 165
(1366, 534) 166
(1366, 534) 167
(1367, 535) 168
(1369, 536) 169
(1371, 537) 170
(1371, 538) 171
(1372, 539) 172
(1373, 540) 173
(1373, 540) 174
(1373, 541) 175
(1373, 542) 176
(1373, 543) 177
(1373, 543) 178
(1373, 545) 179
(1373, 546) 180
(1374, 547) 181
(1375, 548) 182
(1375, 549) 183
(1374, 551) 184
(1374, 552) 185
(1374, 552) 186
(1374, 553) 187
(1372, 554) 188
(1370, 554) 189
(1368, 555) 190
(1366, 555) 191
(1365, 556) 192
(1364, 557) 193
(1364, 558) 194
(1362, 558) 195
(1360, 559) 196
(1360, 559) 197
(1360, 560) 198
(1360, 560) 199
(1360, 560) 200
(1360, 561) 201
(1361, 561) 202
(1361, 562) 203
(1362, 562) 204
(1363, 562) 205
(1363, 563) 206
(1362, 564) 207
(1361, 564) 208
(1361, 565) 209
(1360, 565) 210
(1360, 565) 211
(1361, 565) 212
(1361, 565) 213
(1361, 566) 214
(1362, 566) 215
(1361, 567) 216
(1362, 567) 217
(1362, 567) 218
(1361, 568) 219
(1362, 568) 220
(1362, 568) 221
(1363, 568) 222
(1363, 568) 223
(1367, 567) 224
(1367, 567) 225
(1365, 566) 226
(1364, 566) 227
(1362, 566) 228
(1362, 567) 229
(1361, 566) 230
(1361, 567) 231
(1361, 566) 232
(1362, 567) 233
(1363, 567) 234
(1363, 567) 235
(1365, 568) 236
(1365, 568) 237
(1364, 568) 238
(1363, 568) 239
(1362, 568) 240
(1361, 568) 241
(1360, 568) 242
(1358, 568) 243
(1355, 568) 244
(1352, 568) 245
(1350, 569) 246
(1348, 569) 247
(1347, 569) 248
(1346, 569) 249
(1346, 569) 250
(1346, 569) 251
(1347, 569) 252
(1348, 569) 253
(1350, 568) 254
(1350, 568) 255
(1350, 568) 256
(1351, 567) 257
(1351, 568) 258
(1351, 568) 259
(1349, 568) 260
(1346, 568) 261
(1346, 568) 262
(1346, 568) 263
(1346, 568) 264
(1345, 569) 265
(1345, 568) 266
(1345, 568) 267
(1345, 568) 268
(1343, 567) 269
(1337, 566) 270
(1337, 566) 271
(1337, 567) 272
(1338, 568) 273
(1338, 567) 274
(1338, 568) 275
(1338, 567) 276
(1338, 567) 277
(1338, 567) 278
(1339, 567) 279
(1340, 566) 280
(1342, 566) 281
(1344, 565) 282
(1344, 565) 283
(1345, 565) 284
(1346, 565) 285
(1344, 564) 286
(1342, 563) 287
(1343, 563) 288
(1343, 562) 289
(1343, 562) 290
(1343, 561) 291
(1343, 561) 292
(1335, 560) 293
(1328, 559) 294
(1322, 558) 295
(1316, 557) 296
(1314, 555) 297
(1312, 553) 298
(1311, 551) 299
(1309, 550) 300
(1308, 548) 301
(1302, 546) 302
(1298, 544) 303
(1294, 542) 304
(1291, 540) 305
(1288, 538) 306
(1291, 537) 307
(1291, 535) 308
(1292, 533) 309
(1292, 532) 310
(1293, 530) 311
(1295, 531) 312
(1298, 530) 313
(1301, 529) 314
(1304, 528) 315
(1306, 528) 316
(1308, 527) 317
(1310, 526) 318
(1311, 526) 319
(1313, 525) 320
(1314, 524) 321
(1316, 524) 322
(1317, 523) 323
(1318, 522) 324
(1318, 522) 325
(1319, 521) 326
(1320, 521) 327
(1321, 520) 328
(1321, 520) 329
(1322, 519) 330
(1322, 519) 331
(1323, 519) 332
(1323, 519) 333
(1322, 519) 334
(1322, 518) 335
(1322, 518) 336
(1325, 519) 337
(1328, 520) 338
(1331, 521) 339
(1334, 521) 340
(1337, 522) 341
(1340, 522) 342
(1342, 522) 343
(1341, 522) 344
(1341, 522) 345
(1341, 522) 346
(1341, 522) 347
(1341, 523) 348
(1341, 523) 349
(1342, 524) 350
(1342, 524) 351
(1346, 523) 352
(1347, 522) 353
(1348, 522) 354
(1353, 522) 355
(1357, 522) 356
(1358, 521) 357
(1361, 521) 358
(1365, 521) 359
(1369, 521) 360
(1372, 520) 361
(1375, 520) 362
(1378, 520) 363
(1380, 520) 364
(1383, 519) 365
(1385, 519) 366
(1386, 519) 367
(1388, 518) 368
(1389, 518) 369
(1391, 518) 370
(1392, 518) 371
(1393, 517) 372
(1394, 517) 373
(1394, 517) 374
(1395, 517) 375
(1395, 516) 376
(1395, 517) 377
(1392, 519) 378
(1390, 520) 379
(1388, 521) 380
(1387, 522) 381
(1385, 523) 382
(1383, 524) 383
(1381, 524) 384
(1378, 526) 385
(1372, 526) 386
(1370, 528) 387
(1369, 529) 388
(1367, 530) 389
(1365, 531) 390
(1365, 532) 391
(1365, 533) 392
(1359, 534) 393
(1353, 535) 394
(1348, 536) 395
(1342, 537) 396
(1338, 537) 397
(1338, 538) 398
(1344, 538) 399
(1343, 539) 400
(1342, 539) 401
(1339, 540) 402
(1340, 540) 403
(1342, 541) 404
(1343, 542) 405
(1344, 544) 406
(1345, 545) 407
(1345, 546) 408
(1346, 547) 409
(1347, 548) 410
(1348, 549) 411
(1349, 550) 412
(1352, 551) 413
(1354, 551) 414
(1357, 551) 415
(1359, 551) 416
(1361, 551) 417
(1363, 552) 418
(1365, 552) 419
(1365, 552) 420
(1361, 552) 421
(1356, 551) 422
(1357, 551) 423
(1354, 551) 424
(1356, 552) 425
(1358, 552) 426
(1359, 553) 427
(1361, 554) 428
(1362, 555) 429
(1362, 555) 430
(1362, 555) 431
(1362, 555) 432
(1363, 555) 433
(1363, 555) 434
(1363, 555) 435
(1365, 553) 436
(1367, 552) 437
(1368, 551) 438
(1367, 551) 439
(1367, 551) 440
(1367, 551) 441
(1368, 551) 442
(1369, 550) 443
(1369, 551) 444
(1370, 551) 445
(1371, 551) 446
(1372, 551) 447
(1372, 550) 448
(1371, 551) 449
(1370, 552) 450
(1369, 552) 451
(1363, 552) 452
(1357, 552) 453
(1353, 552) 454
(1348, 552) 455
(1341, 551) 456
(1334, 550) 457
(1328, 550) 458
(1323, 550) 459
(1320, 550) 460
(1320, 551) 461
(1321, 552) 462
(1324, 553) 463
(1324, 554) 464
(1324, 554) 465
(1319, 553) 466
(1318, 553) 467
(1319, 554) 468
(1322, 555) 469
(1326, 557) 470
(1329, 558) 471
(1331, 559) 472
(1334, 561) 473
(1336, 562) 474
(1338, 563) 475
(1340, 564) 476
(1341, 566) 477
(1343, 567) 478
(1344, 568) 479
(1345, 569) 480
(1348, 571) 481
(1350, 573) 482
(1351, 575) 483
(1352, 576) 484
(1350, 577) 485
(1343, 578) 486
(1336, 578) 487
(1337, 579) 488
(1338, 580) 489
(1339, 581) 490
(1340, 582) 491
(1341, 583) 492
(1342, 584) 493
(1343, 584) 494
(1343, 585) 495
(1344, 585) 496
(1344, 585) 497
(1344, 585) 498
(1340, 584) 499
(1329, 582) 500
(1321, 580) 501
(1313, 578) 502
(1306, 575) 503
(1300, 573) 504
(1294, 571) 505
(1289, 569) 506
(1284, 567) 507
(1279, 565) 508
(1276, 563) 509
(1272, 561) 510
(1270, 560) 511
(1270, 559) 512
(1270, 557) 513
(1269, 556) 514
(1269, 555) 515
(1267, 554) 516
(1264, 552) 517
(1260, 550) 518
(1257, 549) 519
(1254, 547) 520
(1250, 545) 521
(1248, 544) 522
(1244, 542) 523
(1239, 539) 524
(1234, 537) 525
(1236, 536) 526
(1238, 535) 527
(1238, 534) 528
(1237, 532) 529
(1236, 531) 530
(1235, 529) 531
(1228, 527) 532
(1228, 526) 533
(1227, 525) 534
(1228, 523) 535
(1226, 522) 536
(1223, 522) 537
(1224, 520) 538
(1222, 519) 539
(1220, 519) 540
(1220, 518) 541
(1215, 517) 542
(1211, 516) 543
(1209, 515) 544
(1206, 514) 545
(1206, 513) 546
(1206, 513) 547
(1205, 512) 548
(1198, 510) 549
(1192, 509) 550
(1186, 507) 551
(1180, 506) 552
(1174, 505) 553
(1169, 504) 554
(1165, 503) 555
(1161, 502) 556
(1161, 501) 557
(1161, 500) 558
(1164, 499) 559
(1167, 499) 560
(1170, 498) 561
(1179, 498) 562
(1180, 497) 563
(1182, 496) 564
(1184, 496) 565
(1186, 495) 566
(1187, 495) 567
(1186, 495) 568
(1184, 494) 569
(1181, 493) 570
(1181, 493) 571
(1181, 493) 572
(1185, 493) 573
(1191, 493) 574
(1196, 493) 575
(1199, 493) 576
(1199, 492) 577
(1197, 491) 578
(1194, 490) 579
(1190, 488) 580
(1184, 488) 581
(1182, 486) 582
(1173, 486) 583
(1170, 485) 584
(1166, 484) 585
(1030, 326) 156
(1030, 325) 157
(1031, 325) 158
(1032, 325) 159
(1032, 325) 160
(1033, 325) 161
(1034, 325) 162
(1035, 325) 163
(1035, 326) 164
(1035, 326) 165
(1032, 325) 166
(1032, 325) 167
(1031, 325) 168
(1030, 325) 169
(1029, 324) 170
(1029, 324) 171
(1028, 324) 172
(1028, 324) 173
(1027, 323) 174
(1027, 323) 175
(1027, 323) 176
(1026, 323) 177
(1026, 322) 178
(1026, 322) 179
(1026, 322) 180
(1031, 322) 181
(1035, 321) 182
(1040, 320) 183
(1044, 319) 184
(1048, 318) 185
(1049, 318) 186
(1050, 319) 187
(1051, 319) 188
(1052, 319) 189
(1053, 319) 190
(1054, 320) 191
(1055, 320) 192
(1056, 320) 193
(1056, 320) 194
(1057, 320) 195
(1058, 321) 196
(1058, 321) 197
(1059, 321) 198
(1059, 321) 199
(1059, 321) 200
(1060, 321) 201
(1060, 322) 202
(1060, 322) 203
(1060, 322) 204
(1060, 322) 205
(1057, 323) 206
(1055, 325) 207
(1053, 326) 208
(1052, 328) 209
(1051, 329) 210
(1051, 331) 211
(1051, 333) 212
(1052, 335) 213
(1053, 337) 214
(1055, 340) 215
(1057, 342) 216
(1058, 344) 217
(1060, 346) 218
(1061, 349) 219
(1061, 351) 220
(1061, 354) 221
(1060, 357) 222
(1059, 360) 223
(1058, 363) 224
(1056, 365) 225
(1053, 367) 226
(1051, 369) 227
(1050, 371) 228
(1050, 372) 229
(1048, 375) 230
(1042, 379) 231
(1036, 382) 232
(1031, 386) 233
(1020, 389) 234
(1011, 392) 235
(1006, 395) 236
(1003, 398) 237
(999, 401) 238
(995, 405) 239
(991, 407) 240
(988, 410) 241
(984, 412) 242
(978, 415) 243
(972, 418) 244
(967, 420) 245
(962, 423) 246
(957, 425) 247
(953, 428) 248
(950, 430) 249
(947, 432) 250
(940, 434) 251
(462, 564) 305
(462, 564) 306
(462, 563) 307
(460, 563) 308
(456, 563) 309
(452, 563) 310
(449, 563) 311
(444, 563) 312
(440, 563) 313
(435, 563) 314
(434, 563) 315
(434, 562) 316
(434, 562) 317
(433, 562) 318
(432, 562) 319
(432, 562) 320
(431, 562) 321
(431, 562) 322
(430, 561) 323
(430, 561) 324
(430, 561) 325
(429, 561) 326
(422, 561) 327
(415, 560) 328
(408, 560) 329
(404, 560) 330
(399, 560) 331
(395, 559) 332
(395, 559) 333
(390, 559) 334
(387, 558) 335
(382, 558) 336
(379, 558) 337
(376, 558) 338
(373, 558) 339
(370, 558) 340
(367, 558) 341
(367, 558) 342
(368, 557) 343
(370, 557) 344
(372, 557) 345
(372, 558) 346
(376, 558) 347
(380, 558) 348
(384, 559) 349
(387, 559) 350
(392, 559) 351
(394, 559) 352
(396, 559) 353
(400, 559) 354
(400, 559) 355
(401, 559) 356
(405, 559) 357
(408, 558) 358
(411, 558) 359
(414, 557) 360
(422, 557) 361
(430, 556) 362
(437, 555) 363
(443, 555) 364
(448, 554) 365
(454, 553) 366
(458, 553) 367
(462, 552) 368
(466, 551) 369
(469, 551) 370
(472, 550) 371
(475, 549) 372
(477, 549) 373
(479, 548) 374
(481, 547) 375
(483, 547) 376
(485, 546) 377
(486, 546) 378
(486, 545) 379
(482, 544) 380
(477, 543) 381
(472, 542) 382
(466, 541) 383
(459, 540) 384
(452, 540) 385
(446, 539) 386
(440, 539) 387
(434, 539) 388
(428, 539) 389
(418, 539) 390
(409, 540) 391
(401, 540) 392
(395, 539) 393
(387, 539) 394
(380, 539) 395
(375, 538) 396
(367, 539) 397
(361, 539) 398
(355, 539) 399
(354, 540) 400
(350, 540) 401
(346, 540) 402
(341, 541) 403
(336, 541) 404
(331, 542) 405
(329, 543) 406
(327, 543) 407
(327, 544) 408
(326, 545) 409
(323, 545) 410
(321, 546) 411
(320, 546) 412
(318, 547) 413
(316, 547) 414
(315, 548) 415
(314, 548) 416
(315, 548) 417
(316, 548) 418
(317, 548) 419
(318, 548) 420
(318, 548) 421
(318, 548) 422
(318, 548) 423
(318, 548) 424
(314, 549) 425
(311, 549) 426
(308, 550) 427
(306, 551) 428
(305, 551) 429
(303, 552) 430
(301, 553) 431
(297, 553) 432
(299, 554) 433
(300, 554) 434
(301, 555) 435
(302, 556) 436
(304, 556) 437
(306, 556) 438
(307, 557) 439
(311, 557) 440
(314, 558) 441
(317, 559) 442
(317, 559) 443
(317, 559) 444
(312, 559) 445
(307, 559) 446
(302, 558) 447
(298, 558) 448
(297, 558) 449
(297, 559) 450
(297, 559) 451
(298, 560) 452
(292, 561) 453
(288, 561) 454
(283, 562) 455
(277, 562) 456
(270, 563) 457
(265, 563) 458
(263, 563) 459
(261, 564) 460
(259, 564) 461
(258, 564) 462
(257, 564) 463
(256, 563) 464
(253, 563) 465
(250, 563) 466
(248, 563) 467
(246, 563) 468
(245, 563) 469
(244, 563) 470
(245, 563) 471
(245, 563) 472
(244, 562) 473
(242, 562) 474
(241, 561) 475
(240, 561) 476
(239, 560) 477
(238, 560) 478
(237, 559) 479
(239, 560) 480
(240, 560) 481
(246, 560) 482
(250, 560) 483
(253, 561) 484
(254, 561) 485
(254, 561) 486
(254, 562) 487
(253, 562) 488
(244, 562) 489
(236, 563) 490
(228, 563) 491
(222, 563) 492
(216, 563) 493
(216, 564) 494
(218, 564) 495
(220, 564) 496
(221, 564) 497
(220, 564) 498
(217, 564) 499
(216, 564) 500
(215, 564) 501
(216, 564) 502
(216, 563) 503
(214, 564) 504
(211, 565) 505
(209, 566) 506
(206, 567) 507
(206, 567) 508
(206, 568) 509
(206, 568) 510
(205, 569) 511
(198, 569) 512
(194, 570) 513
(186, 570) 514
(179, 571) 515
(176, 570) 516
(173, 569) 517
(173, 568) 518
(173, 568) 519
(176, 568) 520
(179, 567) 521
(181, 567) 522
(179, 568) 523
(176, 568) 524
(174, 569) 525
(169, 569) 526
(165, 570) 527
(160, 570) 528
(156, 571) 529
(149, 571) 530
(141, 571) 531
(132, 572) 532
(130, 573) 533
(129, 573) 534
(128, 574) 535
(129, 574) 536
(128, 574) 537
(128, 574) 538
(128, 574) 539
(129, 575) 540
(130, 575) 541
(130, 576) 542
(131, 576) 543
(131, 576) 544
(131, 577) 545
(132, 577) 546
(133, 577) 547
(133, 577) 548
(133, 578) 549
(131, 578) 550
(130, 578) 551
(129, 578) 552
(127, 578) 553
(125, 578) 554
(123, 578) 555
(122, 578) 556
(124, 578) 557
(125, 577) 558
(127, 577) 559
(127, 577) 560
(127, 577) 561
(125, 576) 562
(125, 576) 563
(125, 576) 564
(122, 576) 565
(118, 576) 566
(115, 575) 567
(109, 574) 568
(106, 574) 569
(101, 574) 570
(94, 573) 571
(92, 573) 572
(89, 573) 573
(86, 572) 574
(85, 572) 575
(82, 572) 576
(81, 571) 577
(80, 571) 578
(79, 570) 579
(79, 570) 580
(73, 569) 581
(69, 568) 582
(60, 568) 583
(53, 568) 584
(56, 567) 585
(57, 567) 586
(55, 567) 587
(53, 567) 588
(51, 567) 589
(49, 567) 590
(48, 568) 591
(46, 568) 592
(45, 568) 593
(43, 569) 594
(42, 569) 595
(42, 569) 596
(41, 570) 597
(41, 570) 598
(41, 571) 599
(42, 572) 600
(42, 573) 601
(41, 575) 602
(39, 576) 603
(39, 577) 604
(43, 578) 605
(48, 580) 606
(48, 581) 607
(47, 582) 608
(46, 583) 609
(36, 584) 610
(36, 586) 611
(35, 587) 612
(35, 588) 613
(34, 590) 614
(33, 591) 615
(33, 592) 616
(32, 594) 617
(32, 595) 618
(31, 597) 619
(30, 598) 620
(29, 599) 621
(21, 600) 622
(22, 600) 623
(1940, 601) 624
(1926, 602) 625
(1913, 602) 626
(1901, 603) 627
(1891, 604) 628
(1881, 604) 629
(1873, 605) 630
(1865, 605) 631
(1858, 606) 632
(1852, 607) 633
(1853, 607) 634
(1853, 607) 635
(1851, 607) 636
(1847, 607) 637
(1843, 607) 638
(1837, 606) 639
(1835, 606) 640
(1833, 606) 641
(1830, 606) 642
(1825, 605) 643
(1820, 605) 644
(1815, 605) 645
(1804, 605) 646
(1794, 605) 647
(1785, 606) 648
(1777, 606) 649
(1769, 606) 650
(1762, 607) 651
(1755, 607) 652
(1751, 605) 653
(1748, 604) 654
(1744, 603) 655
(1741, 602) 656
(1738, 601) 657
(1736, 600) 658
(1734, 599) 659
(1732, 598) 660
(1731, 597) 661
(1731, 596) 662
(1737, 595) 663
(1743, 594) 664
(1750, 594) 665
(1755, 593) 666
(1761, 592) 667
(1761, 590) 668
(1761, 588) 669
(1761, 586) 670
(1759, 585) 671
(1756, 584) 672
(1754, 582) 673
(1754, 581) 674
(1755, 580) 675
(1757, 580) 676
(1759, 579) 677
(1760, 578) 678
(1766, 577) 679
(1764, 576) 680
(1763, 576) 681
(1762, 575) 682
(1761, 574) 683
(1760, 573) 684
(1760, 572) 685
(1759, 572) 686
(1758, 571) 687
(1758, 570) 688
(1757, 570) 689
(1757, 569) 690
(1757, 568) 691
(1756, 568) 692
(1756, 567) 693
(1756, 566) 694
(1755, 566) 695
(1755, 565) 696
(1755, 564) 697
(1757, 564) 698
(1763, 564) 699
(1769, 564) 700
(1774, 564) 701
(1778, 563) 702
(1775, 562) 703
(1774, 561) 704
(1774, 561) 705
(1775, 561) 706
(1776, 560) 707
(1777, 560) 708
(1778, 560) 709
(1780, 559) 710
(1780, 559) 711
(1781, 559) 712
(1781, 558) 713
(1781, 558) 714
(1781, 557) 715
(1782, 557) 716
(1785, 557) 717
(1789, 557) 718
(1793, 557) 719
(1798, 558) 720
(1802, 558) 721
(1808, 558) 722
(1812, 558) 723
(1816, 558) 724
(1818, 559) 725
(1821, 559) 726
(1819, 559) 727
(1819, 559) 728
(1811, 559) 729
(1805, 559) 730
(1801, 559) 731
(1800, 559) 732
(1801, 560) 733
(1807, 560) 734
(1815, 561) 735
(1823, 561) 736
(1830, 562) 737
(1837, 562) 738
(1841, 563) 739
(1846, 564) 740
(1857, 566) 741
(1867, 568) 742
(1878, 569) 743
(1888, 571) 744
(1897, 573) 745
(1905, 575) 746
(1912, 576) 747
(1918, 578) 748
(1918, 580) 749
(16, 580) 750
(26, 581) 751
(1043, 681) 316
(1043, 681) 317
(1043, 680) 318
(1043, 679) 319
(1042, 678) 320
(1042, 677) 321
(1042, 677) 322
(1042, 676) 323
(1042, 675) 324
(1042, 675) 325
(1041, 674) 326
(1041, 673) 327
(1041, 672) 328
(1041, 672) 329
(1041, 671) 330
(1041, 671) 331
(1033, 670) 332
(1025, 669) 333
(1017, 668) 334
(1010, 668) 335
(1004, 667) 336
(998, 666) 337
(992, 666) 338
(990, 665) 339
(987, 664) 340
(987, 664) 341
(987, 663) 342
(989, 662) 343
(991, 661) 344
(993, 660) 345
(993, 659) 346
(992, 659) 347
(987, 658) 348
(982, 657) 349
(977, 657) 350
(973, 656) 351
(968, 655) 352
(968, 654) 353
(963, 654) 354
(962, 653) 355
(961, 652) 356
(954, 650) 357
(949, 649) 358
(944, 647) 359
(939, 646) 360
(933, 644) 361
(928, 643) 362
(923, 641) 363
(919, 640) 364
(922, 640) 365
(924, 640) 366
(927, 639) 367
(929, 639) 368
(929, 639) 369
(927, 639) 370
(924, 639) 371
(921, 639) 372
(919, 639) 373
(916, 639) 374
(913, 639) 375
(910, 640) 376
(906, 640) 377
(903, 640) 378
(901, 640) 379
(898, 640) 380
(661, 328) 379
(665, 328) 380
(671, 328) 381
(677, 328) 382
(683, 327) 383
(688, 327) 384
(693, 327) 385
(698, 326) 386
(702, 326) 387
(706, 325) 388
(709, 325) 389
(712, 325) 390
(715, 324) 391
(717, 324) 392
(719, 324) 393
(721, 323) 394
(723, 323) 395
(724, 323) 396
(726, 322) 397
(727, 322) 398
(727, 322) 399
(725, 321) 400
(723, 320) 401
(721, 319) 402
(720, 318) 403
(720, 317) 404
(720, 316) 405
(720, 315) 406
(721, 315) 407
(722, 314) 408
(722, 313) 409
(723, 312) 410
(723, 312) 411
(724, 311) 412
(724, 310) 413
(725, 309) 414
(725, 309) 415
(725, 308) 416
(725, 308) 417
(726, 307) 418
(726, 306) 419
(726, 306) 420
(726, 305) 421
(727, 304) 422
(727, 304) 423
(727, 303) 424
(727, 303) 425
(722, 303) 426
(717, 304) 427
(714, 304) 428
(711, 305) 429
(705, 305) 430
(702, 305) 431
(700, 305) 432
(699, 306) 433
(698, 306) 434
(698, 306) 435
(701, 306) 436
(705, 307) 437
(708, 307) 438
(711, 307) 439
(714, 307) 440
(716, 307) 441
(718, 308) 442
(720, 308) 443
(722, 308) 444
(724, 308) 445
(725, 308) 446
(726, 309) 447
(728, 309) 448
(729, 309) 449
(730, 309) 450
(730, 309) 451
(730, 309) 452
(726, 310) 453
(721, 310) 454
(468, 373) 397
(469, 373) 398
(469, 373) 399
(470, 373) 400
(470, 373) 401
(471, 373) 402
(471, 373) 403
(472, 373) 404
(472, 373) 405
(472, 373) 406
(473, 373) 407
(473, 373) 408
(474, 373) 409
(475, 373) 410
(476, 373) 411
(477, 372) 412
(477, 372) 413
(478, 372) 414
(479, 372) 415
(479, 372) 416
(480, 371) 417
(481, 371) 418
(481, 371) 419
(481, 371) 420
(482, 371) 421
(482, 371) 422
(482, 370) 423
(483, 370) 424
(483, 370) 425
(483, 370) 426
(483, 370) 427
(483, 370) 428
(484, 369) 429
(484, 369) 430
(485, 368) 431
(485, 368) 432
(485, 367) 433
(485, 367) 434
(485, 366) 435
(484, 366) 436
(484, 365) 437
(484, 365) 438
(487, 366) 439
(489, 367) 440
(492, 368) 441
(494, 369) 442
(496, 369) 443
(498, 370) 444
(499, 371) 445
(500, 372) 446
(502, 373) 447
(503, 374) 448
(504, 375) 449
(505, 376) 450
(506, 376) 451
(506, 376) 452
(507, 375) 453
(508, 374) 454
(508, 373) 455
(509, 373) 456
(509, 372) 457
(513, 370) 458
(517, 369) 459
(520, 367) 460
(522, 366) 461
(524, 365) 462
(525, 363) 463
(526, 362) 464
(527, 361) 465
(527, 360) 466
(525, 358) 467
(523, 356) 468
(521, 354) 469
(519, 352) 470
(516, 351) 471
(516, 349) 472
(636, 582) 398
(641, 581) 399
(640, 581) 400
(639, 581) 401
(639, 581) 402
(641, 581) 403
(644, 581) 404
(646, 580) 405
(650, 580) 406
(653, 580) 407
(655, 579) 408
(663, 580) 409
(671, 580) 410
(678, 580) 411
(684, 580) 412
(690, 580) 413
(695, 580) 414
(700, 580) 415
(704, 581) 416
(708, 581) 417
(711, 581) 418
(714, 581) 419
(717, 581) 420
(719, 581) 421
(721, 581) 422
(723, 581) 423
(725, 582) 424
(729, 581) 425
(734, 581) 426
(740, 581) 427
(745, 581) 428
(750, 580) 429
(755, 580) 430
(758, 578) 431
(762, 578) 432
(761, 576) 433
(760, 574) 434
(760, 573) 435
(760, 572) 436
(758, 571) 437
(755, 570) 438
(755, 567) 439
(755, 566) 440
(755, 565) 441
(761, 564) 442
(768, 564) 443
(774, 563) 444
(779, 562) 445
(784, 561) 446
(788, 560) 447
(792, 559) 448
(795, 558) 449
(798, 558) 450
(801, 557) 451
(802, 557) 452
(802, 558) 453
(802, 559) 454
(800, 559) 455
(795, 559) 456
(783, 558) 457
(772, 558) 458
(758, 558) 459
(746, 558) 460
(735, 558) 461
(722, 558) 462
(709, 559) 463
(697, 559) 464
(688, 560) 465
(679, 560) 466
(675, 560) 467
(670, 560) 468
(667, 560) 469
(663, 560) 470
(660, 560) 471
(658, 560) 472
(655, 560) 473
(653, 560) 474
(651, 560) 475
(649, 560) 476
(648, 561) 477
(646, 561) 478
(645, 561) 479
(644, 561) 480
(643, 561) 481
(642, 560) 482
(641, 559) 483
(641, 559) 484
(640, 558) 485
(639, 557) 486
(638, 557) 487
(637, 556) 488
(636, 555) 489
(635, 555) 490
(635, 554) 491
(634, 554) 492
(634, 553) 493
(633, 552) 494
(633, 552) 495
(628, 552) 496
(628, 553) 497
(628, 555) 498
(629, 557) 499
(630, 559) 500
(632, 561) 501
(633, 562) 502
(634, 564) 503
(635, 566) 504
(637, 567) 505
(638, 569) 506
(639, 570) 507
(645, 572) 508
(651, 574) 509
(657, 576) 510
(662, 577) 511
(667, 579) 512
(671, 581) 513
(675, 582) 514
(679, 584) 515
(682, 585) 516
(685, 586) 517
(687, 588) 518
(688, 589) 519
(687, 591) 520
(685, 592) 521
(684, 593) 522
(683, 594) 523
(680, 595) 524
(1157, 456) 425
(1160, 456) 426
(1164, 456) 427
(1166, 456) 428
(1169, 456) 429
(1171, 456) 430
(1173, 456) 431
(1175, 456) 432
(1176, 456) 433
(1178, 456) 434
(1180, 456) 435
(1182, 456) 436
(1183, 456) 437
(1185, 456) 438
(1186, 456) 439
(1186, 456) 440
(1184, 456) 441
(1181, 456) 442
(1182, 456) 443
(1182, 456) 444
(1183, 456) 445
(1183, 457) 446
(1184, 457) 447
(1184, 457) 448
(1184, 457) 449
(1184, 457) 450
(1185, 457) 451
(1185, 457) 452
(1185, 458) 453
(1185, 458) 454
(1185, 458) 455
(1185, 458) 456
(1185, 458) 457
(1186, 458) 458
(1186, 458) 459
(1186, 458) 460
(1186, 458) 461
(1189, 459) 462
(1192, 460) 463
(1200, 461) 464
(1208, 463) 465
(1215, 464) 466
(1222, 466) 467
(1227, 467) 468
(1232, 469) 469
(1237, 470) 470
(1236, 470) 471
(1236, 470) 472
(1235, 470) 473
(1235, 470) 474
(1235, 470) 475
(1233, 471) 476
(1232, 471) 477
(1231, 471) 478
(1230, 471) 479
(1229, 472) 480
(1229, 472) 481
(1235, 473) 482
(1240, 474) 483
(1245, 475) 484
(1249, 476) 485
(1253, 477) 486
(1253, 478) 487
(1252, 478) 488
(1249, 479) 489
(1246, 479) 490
(1243, 480) 491
(1241, 480) 492
(1240, 481) 493
(1239, 481) 494
(1238, 481) 495
(1238, 482) 496
(1238, 482) 497
(1237, 483) 498
(815, 478) 493
(813, 478) 494
(810, 478) 495
(807, 478) 496
(804, 478) 497
(801, 478) 498
(799, 478) 499
(796, 478) 500
(796, 477) 501
(795, 477) 502
(795, 476) 503
(794, 477) 504
(795, 477) 505
(795, 478) 506
(798, 478) 507
(802, 478) 508
(805, 479) 509
(806, 480) 510
(807, 481) 511
(807, 482) 512
(807, 484) 513
(805, 486) 514
(806, 486) 515
(807, 488) 516
(809, 489) 517
(810, 490) 518
(811, 492) 519
(817, 493) 520
(822, 493) 521
(826, 494) 522
(829, 495) 523
(832, 495) 524
(835, 495) 525
(839, 496) 526
(847, 497) 527
(853, 497) 528
(858, 497) 529
(863, 497) 530
(867, 496) 531
(871, 496) 532
(874, 496) 533
(877, 496) 534
(880, 496) 535
(888, 495) 536
(895, 494) 537
(901, 493) 538
(907, 492) 539
(911, 491) 540
(916, 490) 541
(920, 488) 542
(923, 487) 543
(926, 486) 544
(929, 485) 545
(932, 484) 546
(934, 483) 547
(936, 482) 548
(938, 481) 549
(939, 480) 550
(941, 479) 551
(942, 478) 552
(944, 477) 553
(944, 476) 554
(942, 474) 555
(940, 472) 556
(938, 470) 557
(936, 469) 558
(934, 467) 559
(933, 465) 560
(931, 463) 561
(930, 461) 562
(929, 460) 563
(928, 458) 564
(927, 456) 565
(926, 455) 566
(926, 453) 567
(925, 451) 568
(924, 450) 569
(924, 448) 570
(923, 447) 571
(923, 445) 572
(923, 444) 573
(923, 442) 574
(918, 442) 575
(913, 441) 576
(908, 440) 577
(905, 440) 578
(902, 439) 579
(899, 439) 580
(893, 439) 581
(884, 440) 582
(875, 441) 583
(868, 443) 584
(861, 444) 585
(856, 445) 586
(851, 446) 587
(846, 447) 588
(842, 448) 589
(838, 450) 590
(835, 451) 591
(831, 452) 592
(829, 453) 593
(826, 454) 594
(821, 454) 595
(813, 454) 596
(804, 454) 597
(796, 454) 598
(789, 454) 599
(781, 454) 600
(775, 454) 601
(771, 454) 602
(767, 455) 603
(764, 455) 604
(762, 455) 605
(759, 455) 606
(762, 456) 607
(766, 457) 608
(770, 457) 609
(773, 458) 610
(776, 459) 611
(782, 460) 612
(787, 461) 613
(792, 462) 614
(791, 464) 615
(790, 465) 616
(788, 467) 617
(787, 468) 618
(787, 469) 619
(786, 471) 620
(785, 472) 621
(784, 473) 622
(784, 474) 623
(783, 476) 624
(783, 477) 625
(782, 478) 626
(782, 479) 627
(782, 480) 628
(781, 481) 629
(781, 482) 630
(781, 483) 631
(781, 484) 632
(780, 485) 633
(780, 486) 634
(774, 487) 635
(769, 487) 636
(764, 487) 637
(760, 487) 638
(757, 487) 639
(754, 488) 640
(751, 488) 641
(749, 488) 642
(747, 488) 643
(745, 489) 644
(743, 489) 645
(742, 489) 646
(740, 490) 647
(739, 490) 648
(739, 490) 649
(739, 489) 650
(740, 488) 651
(741, 486) 652
(741, 485) 653
(742, 484) 654
(743, 483) 655
(743, 482) 656
(743, 481) 657
(740, 481) 658
(736, 480) 659
(733, 480) 660
(730, 480) 661
(727, 479) 662
(724, 478) 663
(722, 478) 664
(720, 477) 665
(720, 478) 666
(721, 479) 667
(722, 479) 668
(726, 480) 669
(731, 481) 670
(736, 481) 671
(745, 481) 672
(752, 481) 673
(758, 480) 674
(764, 479) 675
(769, 479) 676
(774, 478) 677
(779, 477) 678
(784, 478) 679
(793, 478) 680
(800, 478) 681
(807, 478) 682
(813, 478) 683
(819, 478) 684
(824, 478) 685
(829, 479) 686
(833, 479) 687
(835, 478) 688
(841, 478) 689
(846, 477) 690
(853, 476) 691
(958, 567) 516
(959, 567) 517
(959, 567) 518
(961, 567) 519
(965, 568) 520
(969, 569) 521
(973, 569) 522
(977, 570) 523
(981, 571) 524
(985, 571) 525
(988, 572) 526
(991, 572) 527
(993, 573) 528
(995, 574) 529
(997, 574) 530
(999, 575) 531
(1001, 575) 532
(1003, 576) 533
(1004, 576) 534
(1005, 577) 535
(1006, 577) 536
(1007, 578) 537
(1008, 578) 538
(1009, 579) 539
(1010, 579) 540
(1012, 580) 541
(1013, 581) 542
(1014, 582) 543
(1015, 583) 544
(1016, 584) 545
(1016, 585) 546
(1016, 587) 547
(1015, 588) 548
(1015, 589) 549
(1006, 591) 550
(999, 593) 551
(992, 595) 552
(993, 596) 553
(993, 598) 554
(993, 599) 555
(993, 600) 556
(992, 601) 557
(981, 603) 558
(979, 604) 559
(977, 605) 560
(977, 606) 561
(977, 607) 562
(978, 608) 563
(979, 609) 564
(980, 611) 565
(981, 612) 566
(982, 613) 567
(982, 614) 568
(983, 615) 569
(990, 615) 570
(997, 616) 571
(1002, 616) 572
(1003, 616) 573
(1004, 616) 574
(1005, 616) 575
(1006, 616) 576
(1007, 616) 577
(1008, 615) 578
(1301, 523) 519
(1301, 523) 520
(1304, 524) 521
(1308, 524) 522
(1312, 525) 523
(1315, 526) 524
(1318, 526) 525
(1320, 526) 526
(1322, 527) 527
(1324, 527) 528
(1326, 528) 529
(1327, 528) 530
(1329, 529) 531
(1329, 529) 532
(1329, 530) 533
(1329, 530) 534
(1329, 531) 535
(1329, 531) 536
(1330, 532) 537
(1330, 532) 538
(1330, 533) 539
(1330, 533) 540
(1330, 534) 541
(1332, 534) 542
(1334, 535) 543
(1335, 535) 544
(1337, 535) 545
(1339, 536) 546
(1341, 536) 547
(1343, 537) 548
(1344, 537) 549
(1346, 538) 550
(1348, 538) 551
(1349, 538) 552
(1352, 539) 553
(1353, 540) 554
(1355, 540) 555
(1356, 541) 556
(1358, 542) 557
(1359, 542) 558
(1360, 543) 559
(1360, 543) 560
(1355, 543) 561
(1354, 544) 562
(1354, 544) 563
(1354, 545) 564
(1355, 545) 565
(1357, 545) 566
(1360, 545) 567
(1360, 546) 568
(1360, 546) 569
(1358, 546) 570
(1357, 547) 571
(1357, 547) 572
(1356, 547) 573
(1356, 547) 574
(1356, 547) 575
(1355, 548) 576
(1355, 548) 577
(1353, 548) 578
(1352, 548) 579
(1352, 549) 580
(1351, 549) 581
(1351, 550) 582
(1352, 549) 583
(1353, 549) 584
(1355, 549) 585
(1354, 548) 586
(1353, 548) 587
(1350, 547) 588
(1348, 547) 589
(1345, 547) 590
(1343, 546) 591
(1344, 545) 592
(1345, 543) 593
(1346, 542) 594
(1346, 540) 595
(1347, 540) 596
(1348, 539) 597
(1348, 539) 598
(1349, 538) 599
(1351, 537) 600
(1352, 536) 601
(1354, 536) 602
(1357, 535) 603
(1359, 534) 604
(1362, 533) 605
(1364, 533) 606
(1365, 533) 607
(1366, 532) 608
(1367, 531) 609
(1368, 530) 610
(1368, 529) 611
(1370, 529) 612
(1371, 528) 613
(1372, 528) 614
(1373, 527) 615
(1373, 527) 616
(1373, 527) 617
(1374, 528) 618
(1375, 528) 619
(1375, 529) 620
(1375, 530) 621
(1374, 532) 622
(1374, 533) 623
(1372, 534) 624
(1370, 535) 625
(1367, 536) 626
(1368, 536) 627
(1368, 536) 628
(1368, 537) 629
(1370, 537) 630
(1373, 537) 631
(1376, 538) 632
(1379, 538) 633
(1381, 538) 634
(1383, 539) 635
(1385, 539) 636
(1388, 539) 637
(1394, 539) 638
(1394, 539) 639
(1394, 540) 640
(1395, 540) 641
(1395, 541) 642
(1395, 541) 643
(1392, 540) 644
(1389, 538) 645
(1386, 537) 646
(1385, 537) 647
(1383, 536) 648
(1381, 535) 649
(1379, 535) 650
(1378, 535) 651
(1376, 535) 652
(1373, 535) 653
(1370, 535) 654
(1367, 535) 655
(1365, 535) 656
(1362, 536) 657
(1359, 536) 658
(1356, 537) 659
(1354, 537) 660
(1351, 538) 661
(1352, 538) 662
(1351, 538) 663
(1351, 539) 664
(1349, 540) 665
(1347, 541) 666
(1345, 542) 667
(1345, 543) 668
(1344, 544) 669
(1343, 544) 670
(1341, 544) 671
(1341, 545) 672
(1340, 545) 673
(1340, 545) 674
(1341, 546) 675
(1342, 547) 676
(1343, 547) 677
(1344, 547) 678
(1343, 547) 679
(1344, 548) 680
(1345, 548) 681
(1348, 548) 682
(1350, 548) 683
(1353, 549) 684
(1353, 549) 685
(1353, 550) 686
(1354, 551) 687
(1355, 551) 688
(1355, 551) 689
(1356, 552) 690
(1357, 552) 691
(1359, 553) 692
(1361, 553) 693
(1364, 554) 694
(1369, 555) 695
(1374, 556) 696
(1374, 556) 697
(1374, 557) 698
(1374, 557) 699
(1375, 557) 700
(1378, 558) 701
(1381, 559) 702
(1383, 560) 703
(1381, 560) 704
(1380, 561) 705
(1380, 561) 706
(1379, 561) 707
(1379, 562) 708
(1380, 562) 709
(1380, 562) 710
(1380, 562) 711
(1380, 563) 712
(1381, 563) 713
(1381, 563) 714
(1381, 563) 715
(1382, 564) 716
(1381, 564) 717
(1379, 565) 718
(1377, 565) 719
(1375, 566) 720
(1373, 566) 721
(1370, 567) 722
(1367, 568) 723
(1364, 569) 724
(1362, 570) 725
(1360, 571) 726
(1359, 572) 727
(1358, 573) 728
(1356, 574) 729
(1355, 575) 730
(1355, 575) 731
(1355, 575) 732
(1355, 576) 733
(1354, 577) 734
(1353, 578) 735
(1351, 578) 736
(1351, 578) 737
(1353, 577) 738
(1354, 578) 739
(1355, 579) 740
(1356, 579) 741
(1357, 580) 742
(1358, 580) 743
(1359, 580) 744
(1359, 581) 745
(1359, 582) 746
(1359, 583) 747
(1359, 584) 748
(1359, 585) 749
(1359, 586) 750
(1358, 587) 751
(1358, 588) 752
(1357, 589) 753
(1356, 590) 754
(1355, 591) 755
(1355, 593) 756
(1354, 593) 757
(1354, 593) 758
(1354, 594) 759
(1355, 594) 760
(1355, 594) 761
(1356, 594) 762
(1357, 595) 763
(1360, 595) 764
(1361, 595) 765
(1362, 595) 766
(1364, 595) 767
(1364, 595) 768
(1364, 594) 769
(1364, 594) 770
(1364, 594) 771
(1365, 594) 772
(1365, 593) 773
(1366, 593) 774
(1366, 593) 775
(1367, 592) 776
(1368, 591) 777
(1369, 591) 778
(1370, 590) 779
(1372, 590) 780
(1372, 589) 781
(1373, 589) 782
(1373, 589) 783
(1372, 588) 784
(1370, 587) 785
(1368, 587) 786
(1367, 586) 787
(1365, 586) 788
(1367, 584) 789
(1367, 583) 790
(1367, 582) 791
(1521, 419) 539
(1521, 419) 540
(1523, 420) 541
(1525, 420) 542
(1528, 420) 543
(1530, 421) 544
(1533, 422) 545
(1536, 423) 546
(1539, 424) 547
(1539, 425) 548
(1540, 427) 549
(1540, 429) 550
(1541, 431) 551
(1541, 433) 552
(1541, 435) 553
(1541, 437) 554
(1541, 439) 555
(1543, 440) 556
(1545, 440) 557
(1547, 441) 558
(1549, 441) 559
(1552, 442) 560
(1555, 443) 561
(1558, 443) 562
(1561, 444) 563
(1565, 445) 564
(1569, 446) 565
(1572, 447) 566
(1575, 447) 567
(1581, 449) 568
(1586, 450) 569
(1592, 451) 570
(1599, 453) 571
(1605, 454) 572
(1616, 455) 573
(1630, 457) 574
(1643, 459) 575
(1653, 460) 576
(1664, 462) 577
(1673, 463) 578
(1682, 465) 579
(1691, 467) 580
(1698, 468) 581
(1705, 470) 582
(1711, 472) 583
(1717, 473) 584
(1720, 476) 585
(1723, 479) 586
(1726, 482) 587
(1729, 484) 588
(1731, 487) 589
(1734, 489) 590
(1735, 492) 591
(1737, 494) 592
(1739, 497) 593
(1740, 499) 594
(1742, 502) 595
(1743, 504) 596
(1744, 506) 597
(1745, 508) 598
(1745, 511) 599
(1746, 513) 600
(1747, 515) 601
(1748, 517) 602
(1748, 519) 603
(1749, 521) 604
(1757, 523) 605
(1022, 416) 547
(1020, 416) 548
(1019, 416) 549
(1018, 416) 550
(1016, 415) 551
(1017, 415) 552
(1020, 415) 553
(1023, 414) 554
(1027, 414) 555
(1026, 413) 556
(1027, 413) 557
(1028, 414) 558
(1030, 414) 559
(1031, 414) 560
(1034, 413) 561
(1037, 413) 562
(1040, 412) 563
(1043, 412) 564
(1045, 411) 565
(1047, 411) 566
(1049, 411) 567
(1050, 410) 568
(1052, 410) 569
(1053, 409) 570
(1054, 409) 571
(1055, 409) 572
(1056, 408) 573
(1057, 408) 574
(1058, 407) 575
(1059, 407) 576
(1059, 407) 577
(1059, 406) 578
(1059, 407) 579
(1062, 409) 580
(1065, 410) 581
(1069, 412) 582
(1071, 413) 583
(1074, 415) 584
(1074, 416) 585
(1072, 417) 586
(1068, 419) 587
(1063, 420) 588
(1059, 422) 589
(1057, 423) 590
(1054, 425) 591
(1052, 426) 592
(1049, 427) 593
(1047, 429) 594
(1048, 431) 595
(1047, 433) 596
(1045, 435) 597
(1043, 437) 598
(1040, 439) 599
(1038, 442) 600
(1034, 444) 601
(1034, 446) 602
(1034, 448) 603
(1034, 450) 604
(1034, 453) 605
(1032, 454) 606
(1031, 456) 607
(1030, 458) 608
(1029, 460) 609
(1029, 461) 610
(1024, 463) 611
(1021, 465) 612
(1017, 466) 613
(1015, 468) 614
(1013, 470) 615
(1010, 472) 616
(1008, 473) 617
(1006, 475) 618
(1004, 476) 619
(1003, 478) 620
(1002, 480) 621
(1001, 481) 622
(1000, 483) 623
(1000, 484) 624
(1000, 486) 625
(1000, 487) 626
(1000, 488) 627
(1002, 489) 628
(1013, 490) 629
(1022, 492) 630
(1031, 493) 631
(1033, 495) 632
(1034, 496) 633
(1033, 498) 634
(1032, 499) 635
(1031, 500) 636
(1031, 502) 637
(1030, 503) 638
(1029, 504) 639
(1029, 505) 640
(1028, 507) 641
(1028, 508) 642
(1028, 509) 643
(1027, 510) 644
(1027, 511) 645
(1027, 512) 646
(1027, 513) 647
(1026, 514) 648
(1026, 516) 649
(1033, 516) 650
(1039, 517) 651
(628, 573) 555
(628, 573) 556
(628, 573) 557
(627, 573) 558
(627, 573) 559
(626, 572) 560
(625, 572) 561
(624, 572) 562
(623, 572) 563
(622, 572) 564
(620, 571) 565
(619, 571) 566
(618, 571) 567
(617, 570) 568
(617, 570) 569
(618, 569) 570
(619, 568) 571
(620, 567) 572
(620, 567) 573
(620, 566) 574
(619, 566) 575
(619, 565) 576
(619, 565) 577
(618, 564) 578
(618, 564) 579
(618, 564) 580
(618, 563) 581
(618, 563) 582
(617, 563) 583
(618, 564) 584
(616, 565) 585
(611, 565) 586
(606, 566) 587
(601, 567) 588
(596, 568) 589
(590, 569) 590
(585, 569) 591
(581, 570) 592
(577, 571) 593
(573, 572) 594
(570, 572) 595
(567, 573) 596
(564, 574) 597
(562, 574) 598
(561, 574) 599
(560, 575) 600
(551, 575) 601
(544, 574) 602
(537, 574) 603
(533, 574) 604
(536, 574) 605
(539, 574) 606
(546, 573) 607
(551, 571) 608
(561, 570) 609
(571, 569) 610
(580, 567) 611
(589, 566) 612
(597, 565) 613
(604, 564) 614
(612, 563) 615
(618, 562) 616
(623, 561) 617
(627, 560) 618
(631, 559) 619
(637, 558) 620
(643, 557) 621
(648, 556) 622
(652, 555) 623
(658, 554) 624
(670, 554) 625
(689, 553) 626
(705, 553) 627
(720, 552) 628
(738, 550) 629
(749, 550) 630
(760, 549) 631
(769, 548) 632
(778, 548) 633
(786, 547) 634
(799, 546) 635
(814, 545) 636
(824, 544) 637
(837, 543) 638
(850, 543) 639
(863, 542) 640
(874, 541) 641
(883, 541) 642
(891, 540) 643
(893, 539) 644
(902, 538) 645
(910, 538) 646
(919, 538) 647
(927, 538) 648
(935, 538) 649
(942, 538) 650
(948, 538) 651
(960, 538) 652
(971, 539) 653
(982, 539) 654
(992, 539) 655
(1001, 540) 656
(1007, 539) 657
(1013, 539) 658
(1019, 539) 659
(1024, 539) 660
(1029, 539) 661
(1033, 539) 662
(1037, 539) 663
(1037, 539) 664
(1038, 539) 665
(1042, 539) 666
(1045, 539) 667
(1047, 539) 668
(1049, 539) 669
(1051, 539) 670
(1055, 540) 671
(1058, 540) 672
(1058, 540) 673
(1057, 541) 674
(1057, 541) 675
(1056, 541) 676
(1060, 541) 677
(1066, 541) 678
(1064, 541) 679
(1063, 541) 680
(1056, 541) 681
(1058, 541) 682
(1060, 541) 683
(1063, 540) 684
(1065, 540) 685
(1070, 540) 686
(1074, 540) 687
(1076, 539) 688
(1075, 536) 689
(1074, 534) 690
(1069, 532) 691
(1065, 530) 692
(1061, 528) 693
(1057, 526) 694
(1053, 524) 695
(1050, 522) 696
(1051, 522) 697
(1052, 521) 698
(1050, 521) 699
(1048, 520) 700
(1049, 520) 701
(1050, 519) 702
(1052, 519) 703
(1052, 518) 704
(1052, 518) 705
(1053, 517) 706
(1054, 517) 707
(1054, 517) 708
(1054, 518) 709
(1054, 518) 710
(1055, 519) 711
(1055, 519) 712
(1055, 520) 713
(1055, 520) 714
(1055, 520) 715
(1055, 520) 716
(1059, 521) 717
(1061, 521) 718
(1063, 521) 719
(1065, 521) 720
(1067, 521) 721
(1068, 522) 722
(1070, 522) 723
(1072, 522) 724
(1076, 522) 725
(1080, 522) 726
(1083, 523) 727
(1086, 523) 728
(1097, 523) 729
(1107, 524) 730
(1117, 524) 731
(1128, 525) 732
(1139, 526) 733
(441, 296) 556
(441, 295) 557
(441, 295) 558
(442, 295) 559
(443, 295) 560
(443, 295) 561
(440, 295) 562
(437, 295) 563
(434, 295) 564
(432, 295) 565
(429, 295) 566
(427, 295) 567
(425, 294) 568
(424, 294) 569
(422, 294) 570
(421, 294) 571
(420, 294) 572
(418, 294) 573
(417, 294) 574
(415, 294) 575
(413, 294) 576
(412, 293) 577
(410, 293) 578
(408, 293) 579
(406, 293) 580
(405, 293) 581
(405, 293) 582
(407, 293) 583
(407, 293) 584
(406, 293) 585
(403, 293) 586
(400, 294) 587
(400, 294) 588
(397, 295) 589
(387, 295) 590
(379, 295) 591
(372, 296) 592
(365, 296) 593
(358, 296) 594
(353, 296) 595
(347, 297) 596
(343, 297) 597
(338, 297) 598
(334, 298) 599
(331, 298) 600
(322, 298) 601
(316, 299) 602
(312, 299) 603
(310, 299) 604
(310, 299) 605
(312, 300) 606
(317, 300) 607
(315, 300) 608
(313, 301) 609
(311, 301) 610
(309, 301) 611
(308, 301) 612
(307, 301) 613
(306, 302) 614
(305, 302) 615
(304, 302) 616
(303, 302) 617
(302, 302) 618
(302, 303) 619
(301, 303) 620
(301, 303) 621
(301, 303) 622
(300, 303) 623
(300, 303) 624
(300, 304) 625
(300, 304) 626
(300, 304) 627
(300, 304) 628
(300, 304) 629
(300, 304) 630
(300, 304) 631
(300, 304) 632
(300, 304) 633
(300, 305) 634
(300, 305) 635
(300, 305) 636
(300, 305) 637
(301, 305) 638
(301, 305) 639
(301, 305) 640
(301, 305) 641
(300, 305) 642
(299, 305) 643
(299, 305) 644
(298, 305) 645
(298, 305) 646
(297, 305) 647
(297, 305) 648
(297, 305) 649
(297, 305) 650
(297, 305) 651
(297, 305) 652
(296, 306) 653
(296, 306) 654
(295, 306) 655
(295, 306) 656
(294, 306) 657
(294, 306) 658
(293, 306) 659
(293, 306) 660
(292, 306) 661
(292, 306) 662
(291, 306) 663
(291, 306) 664
(290, 306) 665
(289, 305) 666
(289, 305) 667
(288, 305) 668
(289, 305) 669
(292, 305) 670
(296, 305) 671
(300, 306) 672
(303, 306) 673
(306, 306) 674
(309, 306) 675
(311, 306) 676
(313, 306) 677
(315, 306) 678
(317, 307) 679
(318, 307) 680
(319, 307) 681
(321, 307) 682
(321, 308) 683
(322, 310) 684
(324, 311) 685
(326, 312) 686
(327, 314) 687
(327, 315) 688
(327, 316) 689
(328, 318) 690
(329, 319) 691
(330, 320) 692
(333, 321) 693
(340, 320) 694
(344, 321) 695
(347, 321) 696
(350, 322) 697
(348, 323) 698
(343, 325) 699
(339, 328) 700
(336, 330) 701
(332, 332) 702
(329, 333) 703
(331, 333) 704
(332, 333) 705
(332, 333) 706
(331, 334) 707
(328, 335) 708
(325, 336) 709
(323, 336) 710
(320, 337) 711
(318, 338) 712
(316, 339) 713
(315, 340) 714
(313, 341) 715
(311, 341) 716
(309, 341) 717
(308, 342) 718
(306, 342) 719
(304, 342) 720
(303, 342) 721
(302, 342) 722
(301, 342) 723
(300, 342) 724
(299, 342) 725
(298, 342) 726
(297, 342) 727
(296, 342) 728
(296, 342) 729
(128, 568) 592
(128, 568) 593
(128, 568) 594
(128, 568) 595
(128, 568) 596
(128, 568) 597
(128, 568) 598
(128, 568) 599
(128, 568) 600
(128, 568) 601
(128, 568) 602
(128, 568) 603
(131, 569) 604
(138, 570) 605
(145, 571) 606
(151, 572) 607
(156, 572) 608
(161, 573) 609
(164, 576) 610
(174, 577) 611
(186, 579) 612
(196, 580) 613
(199, 582) 614
(203, 583) 615
(206, 585) 616
(214, 586) 617
(221, 587) 618
(224, 588) 619
(228, 589) 620
(231, 590) 621
(235, 590) 622
(239, 590) 623
(244, 590) 624
(248, 590) 625
(252, 590) 626
(259, 590) 627
(266, 590) 628
(272, 589) 629
(278, 589) 630
(283, 588) 631
(283, 587) 632
(284, 586) 633
(286, 585) 634
(287, 584) 635
(288, 584) 636
(289, 583) 637
(289, 582) 638
(287, 581) 639
(285, 580) 640
(282, 579) 641
(280, 577) 642
(278, 576) 643
(277, 575) 644
(275, 574) 645
(271, 571) 646
(266, 569) 647
(261, 567) 648
(257, 564) 649
(253, 562) 650
(253, 562) 651
(256, 562) 652
(260, 562) 653
(263, 562) 654
(266, 562) 655
(268, 562) 656
(270, 563) 657
(272, 563) 658
(273, 563) 659
(273, 563) 660
(273, 564) 661
(273, 564) 662
(273, 564) 663
(272, 564) 664
(272, 565) 665
(272, 565) 666
(272, 565) 667
(272, 566) 668
(273, 566) 669
(276, 566) 670
(278, 565) 671
(283, 566) 672
(289, 566) 673
(294, 567) 674
(299, 567) 675
(303, 568) 676
(307, 568) 677
(310, 569) 678
(313, 570) 679
(316, 570) 680
(424, 577) 637
(424, 577) 638
(432, 576) 639
(439, 576) 640
(446, 575) 641
(453, 575) 642
(459, 575) 643
(465, 575) 644
(471, 575) 645
(477, 575) 646
(483, 575) 647
(489, 575) 648
(494, 575) 649
(500, 575) 650
(504, 576) 651
(508, 576) 652
(505, 577) 653
(504, 577) 654
(502, 578) 655
(500, 578) 656
(498, 579) 657
(497, 580) 658
(495, 580) 659
(492, 581) 660
(490, 582) 661
(488, 583) 662
(483, 584) 663
(480, 584) 664
(480, 585) 665
(481, 585) 666
(483, 585) 667
(485, 585) 668
(490, 587) 669
(494, 587) 670
(497, 588) 671
(499, 588) 672
(501, 589) 673
(502, 590) 674
(503, 591) 675
(503, 591) 676
(504, 592) 677
(504, 593) 678
(504, 594) 679
(505, 595) 680
(508, 596) 681
(515, 597) 682
(522, 597) 683
(527, 598) 684
(532, 598) 685
(537, 598) 686
(541, 599) 687
(545, 599) 688
(545, 599) 689
(544, 599) 690
(540, 599) 691
(538, 599) 692
(536, 599) 693
(530, 599) 694
(524, 599) 695
(519, 599) 696
(517, 599) 697
(514, 599) 698
(511, 599) 699
(507, 599) 700
(498, 598) 701
(491, 598) 702
(483, 597) 703
(477, 596) 704
(471, 596) 705
(466, 595) 706
(461, 594) 707
(457, 594) 708
(454, 593) 709
(450, 593) 710
(447, 592) 711
(444, 591) 712
(442, 591) 713
(440, 590) 714
(438, 590) 715
(432, 589) 716
(426, 588) 717
(421, 587) 718
(417, 586) 719
(413, 586) 720
(409, 585) 721
(406, 584) 722
(406, 583) 723
(406, 583) 724
(409, 583) 725
(652, 594) 653
(651, 594) 654
(646, 594) 655
(649, 593) 656
(650, 591) 657
(651, 589) 658
(651, 587) 659
(652, 585) 660
(653, 583) 661
(660, 582) 662
(665, 581) 663
(673, 581) 664
(679, 581) 665
(685, 580) 666
(690, 580) 667
(695, 579) 668
(699, 579) 669
(703, 579) 670
(706, 578) 671
(711, 579) 672
(715, 581) 673
(718, 582) 674
(721, 583) 675
(723, 584) 676
(725, 585) 677
(725, 586) 678
(723, 587) 679
(717, 586) 680
(712, 586) 681
(707, 585) 682
(703, 585) 683
(700, 584) 684
(696, 584) 685
(693, 583) 686
(690, 583) 687
(687, 582) 688
(685, 582) 689
(685, 581) 690
(688, 581) 691
(692, 581) 692
(695, 581) 693
(697, 581) 694
(696, 581) 695
(692, 581) 696
(689, 581) 697
(686, 581) 698
(684, 581) 699
(681, 581) 700
(679, 581) 701
(677, 580) 702
(675, 580) 703
(674, 580) 704
(672, 580) 705
(671, 580) 706
(670, 580) 707
(661, 580) 708
(652, 581) 709
(644, 581) 710
(636, 581) 711
(629, 581) 712
(622, 580) 713
(617, 580) 714
(610, 580) 715
(604, 580) 716
(599, 580) 717
(594, 579) 718
(589, 579) 719
(586, 579) 720
(582, 579) 721
(578, 578) 722
(917, 467) 720
(917, 467) 721
(916, 467) 722
(915, 467) 723
(913, 466) 724
(912, 466) 725
(913, 466) 726
(915, 464) 727
(916, 462) 728
(917, 460) 729
(918, 459) 730
(919, 457) 731
(919, 455) 732
(919, 454) 733
(919, 453) 734
(919, 451) 735
(918, 450) 736
(918, 449) 737
(918, 448) 738
(918, 447) 739
(918, 445) 740
(918, 444) 741
(918, 443) 742
(917, 442) 743
(917, 441) 744
(917, 440) 745
(917, 439) 746
(917, 438) 747
(917, 437) 748
(917, 436) 749
(917, 435) 750
(917, 434) 751
(917, 434) 752
(915, 433) 753
(914, 433) 754
(912, 432) 755
(910, 431) 756
(911, 431) 757
(915, 431) 758
(920, 430) 759
(925, 430) 760
(932, 429) 761
(938, 428) 762
(949, 429) 763
(963, 429) 764
(977, 429) 765
(990, 430) 766
(1002, 430) 767
(1011, 431) 768
(1019, 432) 769
(1027, 432) 770
(1033, 433) 771
(1039, 433) 772
(1044, 434) 773
(1049, 434) 774
(1054, 435) 775
(1057, 435) 776
(1061, 436) 777
(1064, 437) 778
(1068, 438) 779
(1071, 438) 780
(1072, 440) 781
(1073, 441) 782
(1072, 443) 783
(1069, 443) 784
(1066, 443) 785
(1066, 445) 786
(1066, 446) 787
(1067, 448) 788
(1068, 449) 789
(1069, 451) 790
(1069, 452) 791
