(950, 527) 20
(950, 527) 21
(948, 526) 22
(947, 525) 23
(938, 525) 24
(930, 525) 25
(923, 525) 26
(921, 526) 27
(913, 525) 28
(905, 525) 29
(895, 525) 30
(888, 525) 31
(882, 526) 32
(874, 525) 33
(866, 525) 34
(858, 524) 35
(854, 524) 36
(845, 523) 37
(838, 522) 38
(835, 521) 39
(832, 521) 40
(835, 520) 41
(838, 520) 42
(841, 519) 43
(843, 519) 44
(845, 519) 45
(847, 518) 46
(849, 518) 47
(851, 518) 48
(853, 518) 49
(855, 519) 50
(860, 519) 51
(865, 519) 52
(869, 520) 53
(873, 520) 54
(876, 520) 55
(880, 520) 56
(878, 520) 57
(869, 520) 58
(859, 520) 59
(850, 519) 60
(846, 519) 61
(845, 519) 62
(845, 519) 63
(844, 518) 64
(844, 518) 65
(846, 518) 66
(847, 517) 67
(847, 516) 68
(840, 515) 69
(833, 514) 70
(828, 513) 71
(819, 510) 72
(811, 507) 73
(804, 505) 74
(795, 502) 75
(789, 499) 76
(783, 497) 77
(778, 495) 78
(775, 493) 79
(777, 492) 80
(779, 492) 81
(780, 491) 82
(780, 490) 83
(781, 489) 84
(782, 488) 85
(783, 487) 86
(784, 486) 87
(786, 485) 88
(787, 484) 89
(787, 483) 90
(783, 481) 91
(782, 480) 92
(775, 479) 93
(767, 477) 94
(760, 475) 95
(754, 472) 96
(748, 470) 97
(743, 469) 98
(738, 467) 99
(733, 465) 100
(728, 463) 101
(727, 462) 102
(725, 461) 103
(724, 459) 104
(720, 459) 105
(710, 458) 106
(701, 458) 107
(693, 457) 108
(685, 456) 109
(678, 456) 110
(672, 455) 111
(666, 455) 112
(660, 454) 113
(656, 453) 114
(652, 453) 115
(648, 452) 116
(639, 452) 117
(631, 452) 118
(623, 452) 119
(616, 452) 120
(608, 453) 121
(600, 454) 122
(592, 454) 123
(582, 456) 124
(580, 457) 125
(579, 458) 126
(575, 459) 127
(572, 461) 128
(562, 462) 129
(552, 463) 130
(545, 465) 131
(539, 466) 132
(534, 467) 133
(529, 468) 134
(524, 469) 135
(517, 470) 136
(511, 471) 137
(508, 473) 138
(505, 474) 139
(502, 476) 140
(500, 477) 141
(498, 478) 142
(496, 480) 143
(497, 481) 144
(496, 483) 145
(498, 485) 146
(500, 486) 147
(501, 488) 148
(500, 490) 149
(499, 491) 150
(498, 491) 151
(498, 492) 152
(497, 492) 153
(495, 493) 154
(494, 493) 155
(493, 494) 156
(492, 494) 157
(491, 495) 158
(482, 496) 159
(472, 497) 160
(463, 498) 161
(455, 499) 162
(451, 500) 163
(448, 501) 164
(444, 501) 165
(438, 502) 166
(430, 503) 167
(420, 504) 168
(410, 504) 169
(407, 505) 170
(404, 506) 171
(398, 507) 172
(395, 508) 173
(392, 509) 174
(390, 511) 175
(629, 495) 22
(629, 495) 23
(629, 494) 24
(626, 494) 25
(622, 494) 26
(618, 495) 27
(615, 495) 28
(612, 495) 29
(609, 495) 30
(607, 495) 31
(605, 496) 32
(603, 496) 33
(601, 496) 34
(599, 496) 35
(598, 496) 36
(596, 496) 37
(595, 496) 38
(593, 497) 39
(591, 497) 40
(588, 497) 41
(584, 498) 42
(582, 498) 43
(579, 499) 44
(576, 499) 45
(574, 499) 46
(571, 499) 47
(569, 499) 48
(564, 499) 49
(557, 500) 50
(550, 501) 51
(542, 502) 52
(536, 503) 53
(530, 504) 54
(522, 505) 55
(513, 507) 56
(505, 508) 57
(497, 510) 58
(491, 512) 59
(486, 513) 60
(477, 514) 61
(472, 516) 62
(463, 517) 63
(455, 517) 64
(452, 517) 65
(452, 518) 66
(452, 519) 67
(451, 520) 68
(449, 520) 69
(447, 521) 70
(445, 522) 71
(443, 523) 72
(434, 524) 73
(420, 524) 74
(408, 524) 75
(396, 524) 76
(382, 525) 77
(369, 526) 78
(357, 527) 79
(346, 527) 80
(335, 528) 81
(327, 529) 82
(319, 529) 83
(312, 530) 84
(307, 530) 85
(302, 530) 86
(298, 531) 87
(296, 531) 88
(297, 531) 89
(297, 531) 90
(297, 531) 91
(294, 532) 92
(289, 532) 93
(285, 533) 94
(281, 534) 95
(277, 534) 96
(276, 534) 97
(276, 534) 98
(273, 534) 99
(274, 534) 100
(274, 534) 101
(271, 534) 102
(267, 534) 103
(267, 534) 104
(266, 534) 105
(268, 534) 106
(270, 534) 107
(269, 534) 108
(266, 534) 109
(258, 535) 110
(252, 536) 111
(245, 536) 112
(239, 537) 113
(233, 538) 114
(231, 538) 115
(226, 539) 116
(226, 540) 117
(227, 540) 118
(227, 540) 119
(227, 541) 120
(227, 541) 121
(227, 542) 122
(227, 542) 123
(226, 541) 124
(224, 541) 125
(221, 541) 126
(219, 540) 127
(216, 540) 128
(214, 540) 129
(211, 540) 130
(209, 539) 131
(206, 541) 132
(204, 542) 133
(201, 543) 134
(199, 544) 135
(198, 545) 136
(197, 546) 137
(196, 548) 138
(196, 549) 139
(195, 550) 140
(195, 551) 141
(194, 552) 142
(194, 553) 143
(194, 555) 144
(193, 556) 145
(193, 557) 146
(193, 558) 147
(200, 558) 148
(207, 559) 149
(212, 559) 150
(217, 560) 151
(220, 560) 152
(222, 561) 153
(228, 562) 154
(234, 562) 155
(230, 562) 156
(228, 563) 157
(227, 563) 158
(226, 563) 159
(224, 564) 160
(223, 564) 161
(222, 564) 162
(219, 563) 163
(216, 562) 164
(213, 561) 165
(210, 560) 166
(208, 560) 167
(208, 559) 168
(212, 559) 169
(210, 559) 170
(209, 560) 171
(208, 561) 172
(209, 560) 173
(209, 560) 174
(208, 559) 175
(209, 558) 176
(208, 557) 177
(207, 556) 178
(207, 555) 179
(207, 554) 180
(206, 553) 181
(204, 552) 182
(203, 551) 183
(202, 550) 184
(202, 548) 185
(202, 547) 186
(203, 546) 187
(203, 544) 188
(208, 544) 189
(212, 543) 190
(216, 543) 191
(218, 543) 192
(220, 543) 193
(222, 543) 194
(224, 542) 195
(224, 542) 196
(222, 541) 197
(219, 540) 198
(220, 540) 199
(221, 540) 200
(223, 540) 201
(226, 541) 202
(229, 540) 203
(235, 539) 204
(241, 538) 205
(239, 538) 206
(237, 538) 207
(236, 537) 208
(237, 537) 209
(238, 536) 210
(245, 536) 211
(250, 536) 212
(254, 536) 213
(258, 536) 214
(262, 536) 215
(261, 536) 216
(253, 536) 217
(243, 535) 218
(231, 535) 219
(216, 534) 220
(207, 531) 221
(200, 529) 222
(193, 527) 223
(187, 525) 224
(181, 523) 225
(176, 521) 226
(172, 519) 227
(167, 517) 228
(164, 515) 229
(160, 513) 230
(157, 512) 231
(155, 510) 232
(152, 508) 233
(149, 506) 234
(147, 504) 235
(145, 501) 236
(142, 499) 237
(140, 497) 238
(139, 495) 239
(138, 493) 240
(137, 491) 241
(136, 489) 242
(135, 488) 243
(130, 487) 244
(126, 486) 245
(122, 486) 246
(122, 484) 247
(122, 483) 248
(122, 482) 249
(122, 481) 250
(126, 481) 251
(132, 482) 252
(142, 482) 253
(150, 483) 254
(161, 484) 255
(170, 486) 256
(177, 487) 257
(186, 487) 258
(187, 487) 259
(188, 488) 260
(189, 489) 261
(189, 490) 262
(189, 491) 263
(190, 492) 264
(190, 493) 265
(189, 494) 266
(187, 496) 267
(184, 497) 268
(179, 499) 269
(182, 500) 270
(189, 501) 271
(195, 502) 272
(195, 504) 273
(196, 505) 274
(197, 507) 275
(199, 508) 276
(201, 510) 277
(203, 513) 278
(205, 515) 279
(206, 517) 280
(209, 520) 281
(210, 523) 282
(212, 525) 283
(211, 528) 284
(210, 532) 285
(209, 535) 286
(208, 538) 287
(207, 542) 288
(206, 545) 289
(206, 548) 290
(207, 550) 291
(1133, 638) 52
(1133, 638) 53
(1133, 638) 54
(1133, 638) 55
(1133, 638) 56
(1133, 638) 57
(1131, 637) 58
(1127, 635) 59
(1118, 632) 60
(1110, 629) 61
(1101, 626) 62
(1096, 623) 63
(1091, 620) 64
(1088, 617) 65
(1085, 615) 66
(1082, 612) 67
(1080, 609) 68
(1077, 605) 69
(1075, 601) 70
(1074, 598) 71
(1072, 594) 72
(1071, 591) 73
(1071, 588) 74
(1072, 587) 75
(1078, 586) 76
(1083, 585) 77
(1087, 584) 78
(1091, 583) 79
(1100, 583) 80
(1106, 583) 81
(1110, 583) 82
(1114, 583) 83
(1117, 583) 84
(1120, 584) 85
(1123, 584) 86
(1125, 584) 87
(1127, 584) 88
(1129, 584) 89
(1131, 584) 90
(1132, 585) 91
(1133, 585) 92
(1133, 586) 93
(1132, 587) 94
(1130, 588) 95
(1129, 588) 96
(1127, 589) 97
(1126, 590) 98
(1126, 590) 99
(1125, 590) 100
(1125, 590) 101
(1125, 590) 102
(1123, 590) 103
(1123, 590) 104
(1121, 591) 105
(1121, 592) 106
(1121, 592) 107
(1122, 593) 108
(1123, 593) 109
(1123, 593) 110
(1123, 593) 111
(1123, 591) 112
(1118, 590) 113
(1110, 589) 114
(1108, 588) 115
(1107, 587) 116
(957, 700) 88
(953, 700) 89
(949, 700) 90
(944, 699) 91
(939, 698) 92
(931, 697) 93
(923, 696) 94
(914, 694) 95
(906, 692) 96
(899, 691) 97
(892, 689) 98
(884, 686) 99
(877, 683) 100
(871, 682) 101
(866, 681) 102
(860, 679) 103
(855, 678) 104
(850, 676) 105
(845, 675) 106
(841, 674) 107
(837, 672) 108
(833, 671) 109
(830, 670) 110
(827, 669) 111
(825, 668) 112
(823, 668) 113
(821, 668) 114
(820, 668) 115
(820, 668) 116
(820, 668) 117
(821, 668) 118
(821, 668) 119
(821, 668) 120
(821, 668) 121
(821, 668) 122
(821, 668) 123
(823, 668) 124
(824, 668) 125
(825, 669) 126
(826, 669) 127
(826, 669) 128
(827, 669) 129
(827, 669) 130
(828, 669) 131
(828, 669) 132
(829, 669) 133
(830, 669) 134
(831, 669) 135
(832, 669) 136
(833, 669) 137
(833, 669) 138
(834, 669) 139
(835, 669) 140
(836, 669) 141
(837, 669) 142
(838, 669) 143
(838, 669) 144
(834, 668) 145
(830, 667) 146
(823, 665) 147
(817, 662) 148
(806, 658) 149
(796, 655) 150
(787, 651) 151
(779, 648) 152
(772, 644) 153
(766, 641) 154
(759, 637) 155
(753, 634) 156
(744, 629) 157
(732, 624) 158
(722, 619) 159
(712, 615) 160
(702, 611) 161
(694, 606) 162
(687, 604) 163
(685, 601) 164
(683, 598) 165
(682, 595) 166
(680, 593) 167
(679, 590) 168
(678, 587) 169
(677, 585) 170
(676, 582) 171
(675, 580) 172
(674, 578) 173
(674, 575) 174
(673, 573) 175
(673, 571) 176
(679, 569) 177
(681, 568) 178
(682, 566) 179
(682, 565) 180
(686, 564) 181
(689, 562) 182
(691, 560) 183
(693, 559) 184
(693, 557) 185
(693, 555) 186
(694, 553) 187
(698, 552) 188
(699, 551) 189
(705, 549) 190
(715, 549) 191
(725, 548) 192
(733, 548) 193
(740, 547) 194
(747, 547) 195
(753, 546) 196
(750, 546) 197
(747, 545) 198
(743, 545) 199
(739, 545) 200
(735, 545) 201
(731, 543) 202
(727, 543) 203
(724, 542) 204
(720, 541) 205
(716, 540) 206
(712, 539) 207
(708, 538) 208
(703, 537) 209
(700, 536) 210
(697, 535) 211
(694, 534) 212
(692, 533) 213
(689, 532) 214
(685, 530) 215
(683, 528) 216
(681, 526) 217
(680, 525) 218
(676, 524) 219
(670, 523) 220
(665, 521) 221
(654, 521) 222
(649, 521) 223
(648, 520) 224
(642, 519) 225
(637, 519) 226
(631, 519) 227
(630, 518) 228
(623, 518) 229
(613, 518) 230
(610, 518) 231
(613, 517) 232
(616, 516) 233
(619, 515) 234
(621, 514) 235
(623, 514) 236
(622, 512) 237
(619, 511) 238
(617, 510) 239
(616, 508) 240
(615, 508) 241
(614, 506) 242
(613, 505) 243
(611, 503) 244
(610, 502) 245
(608, 502) 246
(606, 503) 247
(602, 504) 248
(598, 505) 249
(593, 505) 250
(594, 506) 251
(590, 507) 252
(586, 508) 253
(586, 508) 254
(586, 508) 255
(587, 507) 256
(587, 507) 257
(588, 507) 258
(585, 507) 259
(583, 508) 260
(580, 508) 261
(576, 508) 262
(573, 508) 263
(570, 508) 264
(568, 507) 265
(566, 507) 266
(565, 507) 267
(564, 507) 268
(564, 506) 269
(559, 506) 270
(555, 506) 271
(551, 505) 272
(547, 505) 273
(538, 503) 274
(529, 502) 275
(521, 501) 276
(513, 499) 277
(1282, 754) 129
(1282, 754) 130
(1280, 754) 131
(1279, 755) 132
(1278, 755) 133
(1275, 756) 134
(1272, 757) 135
(1268, 757) 136
(1265, 758) 137
(1263, 758) 138
(1257, 759) 139
(1253, 759) 140
(1248, 760) 141
(1244, 760) 142
(1241, 760) 143
(1237, 759) 144
(1234, 759) 145
(1232, 759) 146
(1229, 759) 147
(1227, 759) 148
(1225, 758) 149
(1224, 756) 150
(1224, 754) 151
(1224, 752) 152
(1223, 750) 153
(1219, 749) 154
(1220, 748) 155
(1223, 745) 156
(1222, 744) 157
(1221, 742) 158
(1220, 740) 159
(1219, 740) 160
(1218, 739) 161
(1218, 738) 162
(1218, 736) 163
(1218, 733) 164
(1210, 731) 165
(1201, 729) 166
(1195, 727) 167
(1190, 724) 168
(1184, 722) 169
(1180, 720) 170
(1176, 718) 171
(1166, 717) 172
(1163, 715) 173
(1162, 714) 174
(1170, 713) 175
(1178, 711) 176
(1184, 710) 177
(1191, 709) 178
(1198, 708) 179
(1203, 707) 180
(1208, 705) 181
(1212, 704) 182
(1216, 702) 183
(1224, 699) 184
(1230, 697) 185
(1233, 694) 186
(1238, 691) 187
(1245, 687) 188
(1251, 684) 189
(1257, 682) 190
(1261, 679) 191
(1259, 676) 192
(1258, 673) 193
(1258, 669) 194
(1259, 665) 195
(1259, 661) 196
(1259, 658) 197
(1260, 654) 198
(1260, 650) 199
(1260, 646) 200
(1260, 643) 201
(1257, 641) 202
(1254, 639) 203
(1252, 638) 204
(1253, 637) 205
(1253, 637) 206
(1254, 637) 207
(1254, 637) 208
(1254, 637) 209
(1254, 637) 210
(1255, 636) 211
(1252, 637) 212
(1248, 637) 213
(1244, 635) 214
(1240, 633) 215
(1237, 630) 216
(1234, 629) 217
(1226, 627) 218
(1218, 624) 219
(1210, 621) 220
(1202, 619) 221
(1196, 617) 222
(1191, 615) 223
(1185, 614) 224
(1176, 614) 225
(1176, 614) 226
(1178, 613) 227
(1181, 613) 228
(1184, 613) 229
(1187, 612) 230
(1189, 612) 231
(1191, 612) 232
(1193, 611) 233
(1195, 611) 234
(1196, 611) 235
(1198, 610) 236
(1199, 610) 237
(1200, 610) 238
(1201, 610) 239
(1201, 609) 240
(1199, 610) 241
(1197, 611) 242
(1196, 612) 243
(1192, 613) 244
(1190, 613) 245
(1188, 614) 246
(1187, 615) 247
(1187, 616) 248
(1192, 618) 249
(1197, 620) 250
(1202, 621) 251
(1206, 623) 252
(1211, 625) 253
(1216, 627) 254
(1220, 629) 255
(1220, 630) 256
(1081, 447) 141
(1079, 447) 142
(1076, 447) 143
(1073, 447) 144
(1065, 447) 145
(1056, 447) 146
(1048, 448) 147
(1041, 448) 148
(1034, 448) 149
(1029, 448) 150
(1023, 448) 151
(1019, 448) 152
(1014, 449) 153
(1006, 449) 154
(998, 450) 155
(992, 451) 156
(984, 452) 157
(978, 453) 158
(976, 455) 159
(974, 457) 160
(972, 459) 161
(970, 461) 162
(968, 463) 163
(966, 465) 164
(965, 467) 165
(964, 469) 166
(963, 471) 167
(961, 472) 168
(961, 474) 169
(961, 476) 170
(967, 477) 171
(975, 478) 171
(982, 478) 172
(987, 478) 173
(992, 478) 174
(997, 479) 175
(1001, 479) 176
(998, 479) 177
(994, 479) 178
(990, 478) 179
(986, 478) 180
(981, 478) 181
(976, 478) 182
(974, 478) 183
(973, 478) 184
(971, 478) 185
(968, 478) 186
(964, 478) 187
(964, 478) 188
(966, 478) 189
(969, 479) 190
(969, 479) 191
(968, 480) 192
(964, 480) 193
(959, 480) 194
(957, 481) 195
(955, 481) 196
(954, 481) 197
(954, 481) 198
(956, 482) 199
(959, 483) 200
(963, 485) 201
(966, 486) 202
(968, 487) 203
(971, 488) 204
(973, 489) 205
(975, 490) 206
(976, 491) 207
(978, 492) 208
(979, 493) 209
(981, 494) 210
(982, 495) 211
(983, 495) 212
(984, 496) 213
(985, 497) 214
(985, 498) 215
(985, 499) 216
(982, 499) 217
(980, 500) 218
(979, 501) 219
(979, 502) 220
(1432, 676) 154
(1434, 675) 155
(1437, 675) 156
(1440, 675) 157
(1443, 675) 158
(1451, 673) 159
(1459, 672) 160
(1465, 670) 161
(1471, 669) 162
(1477, 668) 163
(1481, 666) 164
(1486, 665) 165
(1490, 664) 166
(1493, 662) 167
(1496, 661) 168
(1500, 659) 169
(1504, 657) 170
(1508, 654) 171
(1512, 652) 172
(1514, 650) 173
(1517, 647) 174
(1520, 645) 175
(1523, 642) 176
(1526, 639) 177
(1529, 636) 178
(1531, 633) 179
(1534, 630) 180
(1535, 627) 181
(1536, 624) 182
(1537, 621) 183
(1539, 618) 184
(1541, 615) 185
(1540, 612) 186
(1541, 609) 187
(1543, 606) 188
(1544, 603) 189
(1545, 600) 190
(1547, 597) 191
(1548, 594) 192
(1548, 591) 193
(1549, 589) 194
(1550, 586) 195
(1551, 583) 196
(1551, 581) 197
(1552, 578) 198
(1552, 576) 199
(1553, 573) 200
(1553, 571) 201
(1553, 569) 202
(1549, 567) 203
(1547, 566) 204
(1542, 565) 205
(1540, 564) 206
(1535, 563) 207
(1529, 562) 208
(1525, 562) 209
(1520, 561) 210
(1516, 560) 211
(1513, 559) 212
(1508, 560) 213
(1503, 561) 214
(1497, 561) 215
(1492, 562) 216
(1488, 563) 217
(1484, 563) 218
(1481, 564) 219
(1477, 565) 220
(1475, 565) 221
(1472, 566) 222
(1470, 566) 223
(1460, 566) 224
(1445, 567) 225
(1431, 568) 226
(1419, 569) 227
(1408, 569) 228
(1394, 570) 229
(1382, 570) 230
(1373, 572) 231
(1365, 574) 232
(1359, 575) 233
(1355, 576) 234
(1355, 577) 235
(1355, 578) 236
(1363, 578) 237
(1371, 578) 238
(1379, 577) 239
(1387, 577) 240
(1394, 577) 241
(1401, 576) 242
(1406, 576) 243
(1412, 576) 244
(1416, 575) 245
(1422, 574) 246
(1421, 571) 247
(1420, 569) 248
(1419, 566) 249
(1422, 563) 250
(1425, 561) 251
(1428, 558) 252
(1431, 556) 253
(1433, 554) 254
(1439, 553) 255
(1444, 551) 256
(1450, 550) 257
(1458, 548) 258
(1461, 547) 259
(1465, 546) 260
(1468, 545) 261
(1472, 544) 262
(1472, 543) 263
(1472, 542) 264
(1471, 540) 265
(1471, 539) 266
(1471, 538) 267
(1471, 537) 268
(1470, 536) 269
(1470, 535) 270
(1470, 534) 271
(1470, 533) 272
(1470, 533) 273
(1470, 532) 274
(1470, 531) 275
(1469, 530) 276
(1469, 529) 277
(1469, 528) 278
(1474, 528) 279
(1479, 528) 280
(1483, 527) 281
(1486, 527) 282
(1490, 526) 283
(1494, 526) 284
(1497, 526) 285
(1500, 525) 286
(1502, 525) 287
(1505, 525) 288
(1507, 524) 289
(1515, 523) 290
(1521, 522) 291
(1528, 520) 292
(1533, 519) 293
(1538, 518) 294
(1543, 516) 295
(1547, 515) 296
(1550, 514) 297
(1554, 513) 298
(1557, 511) 299
(1554, 509) 300
(1551, 507) 301
(1552, 506) 302
(1552, 505) 303
(1554, 505) 304
(1555, 505) 305
(1555, 504) 306
(1554, 502) 307
(1547, 501) 308
(1541, 500) 309
(1536, 498) 310
(1532, 497) 311
(1528, 496) 312
(1525, 495) 313
(1522, 494) 314
(1520, 492) 315
(1518, 491) 316
(1517, 490) 317
(1508, 489) 318
(1497, 488) 319
(1487, 488) 320
(1478, 487) 321
(1471, 486) 322
(1465, 486) 323
(1463, 486) 324
(1461, 486) 325
(1461, 486) 326
(1463, 486) 327
(1466, 487) 328
(1469, 487) 329
(1473, 487) 330
(1479, 487) 331
(1484, 487) 332
(1489, 487) 333
(1494, 487) 334
(1499, 487) 335
(1506, 487) 336
(1514, 487) 337
(1521, 487) 338
(1522, 488) 339
(1523, 488) 340
(1524, 488) 341
(1524, 489) 342
(1524, 489) 343
(1525, 490) 344
(1525, 490) 345
(1529, 490) 346
(1532, 490) 347
(1538, 490) 348
(1543, 490) 349
(1547, 490) 350
(1550, 490) 351
(1551, 490) 352
(1554, 490) 353
(1555, 490) 354
(1555, 491) 355
(1555, 491) 356
(1555, 492) 357
(1554, 492) 358
(1553, 492) 359
(1551, 493) 360
(1550, 493) 361
(1548, 493) 362
(1547, 494) 363
(1544, 494) 364
(1542, 495) 365
(1539, 495) 366
(1536, 496) 367
(1533, 496) 368
(1531, 496) 369
(1529, 497) 370
(1527, 497) 371
(1528, 498) 372
(1531, 498) 373
(1537, 499) 374
(1542, 499) 375
(1547, 500) 376
(1552, 500) 377
(1558, 501) 378
(1570, 501) 379
(1580, 501) 380
(1591, 501) 381
(1600, 501) 382
(1608, 502) 383
(1615, 501) 384
(1618, 502) 385
(1621, 502) 386
(1622, 503) 387
(1621, 503) 388
(1622, 503) 389
(1623, 503) 390
(1622, 503) 391
(1623, 503) 392
(1619, 502) 393
(1616, 502) 394
(1612, 501) 395
(1608, 501) 396
(1606, 500) 397
(1603, 500) 398
(1594, 500) 399
(1587, 499) 400
(1585, 499) 401
(1581, 498) 402
(1578, 498) 403
(1578, 497) 404
(1579, 496) 405
(1581, 495) 406
(1583, 494) 407
(1586, 494) 408
(1585, 493) 409
(1584, 492) 410
(1584, 492) 411
(1583, 491) 412
(1583, 491) 413
(1589, 490) 414
(1601, 491) 415
(1612, 491) 416
(1622, 492) 417
(1633, 492) 418
(977, 455) 201
(973, 455) 202
(972, 455) 203
(969, 454) 204
(965, 455) 205
(962, 455) 206
(957, 456) 207
(953, 456) 208
(950, 456) 209
(947, 457) 210
(944, 457) 211
(941, 457) 212
(942, 457) 213
(942, 457) 214
(942, 457) 215
(943, 457) 216
(943, 457) 217
(943, 457) 218
(943, 457) 219
(944, 457) 220
(944, 457) 221
(943, 457) 222
(943, 457) 223
(943, 456) 224
(943, 456) 225
(943, 456) 226
(944, 456) 227
(944, 456) 228
(944, 455) 229
(944, 455) 230
(944, 455) 231
(944, 455) 232
(943, 453) 233
(941, 452) 234
(940, 450) 235
(939, 449) 236
(939, 448) 237
(938, 448) 238
(938, 448) 239
(938, 448) 240
(937, 448) 241
(937, 447) 242
(935, 447) 243
(933, 446) 244
(931, 446) 245
(929, 445) 246
(928, 445) 247
(926, 444) 248
(926, 443) 249
(927, 443) 250
(929, 443) 251
(932, 442) 252
(932, 441) 253
(932, 441) 254
(932, 441) 255
(933, 440) 256
(936, 440) 257
(936, 440) 258
(935, 440) 259
(934, 439) 260
(935, 439) 261
(936, 439) 262
(940, 439) 263
(938, 439) 264
(937, 439) 265
(936, 438) 266
(936, 438) 267
(935, 437) 268
(937, 438) 269
(1018, 656) 216
(1018, 656) 217
(1018, 656) 218
(1018, 656) 219
(1018, 656) 220
(1018, 656) 221
(1017, 656) 222
(1017, 656) 223
(1017, 657) 224
(1017, 657) 225
(1017, 657) 226
(1017, 658) 227
(1017, 658) 228
(1016, 658) 229
(1017, 658) 230
(1016, 658) 231
(1016, 658) 232
(1016, 658) 233
(1016, 658) 234
(1015, 659) 235
(1015, 659) 236
(1014, 659) 237
(1013, 659) 238
(1012, 659) 239
(1011, 659) 240
(1010, 659) 241
(1008, 659) 242
(1006, 659) 243
(1004, 659) 244
(1002, 659) 245
(999, 660) 246
(997, 660) 247
(994, 660) 248
(992, 660) 249
(991, 661) 250
(992, 661) 251
(992, 662) 252
(992, 662) 253
(992, 662) 254
(994, 662) 255
(994, 663) 256
(998, 664) 257
(996, 664) 258
(994, 665) 259
(985, 666) 260
(979, 667) 261
(979, 667) 262
(983, 667) 263
(988, 667) 264
(997, 666) 265
(1005, 664) 266
(1013, 663) 267
(1024, 661) 268
(1030, 661) 269
(1028, 661) 270
(1028, 662) 271
(1022, 663) 272
(1016, 664) 273
(1011, 665) 274
(1007, 666) 275
(1003, 667) 276
(1000, 668) 277
(992, 670) 278
(985, 671) 279
(978, 673) 280
(972, 674) 281
(966, 676) 282
(960, 677) 283
(954, 678) 284
(949, 680) 285
(945, 681) 286
(941, 682) 287
(938, 683) 288
(934, 684) 289
(931, 686) 290
(929, 687) 291
(926, 688) 292
(924, 689) 293
(921, 691) 294
(241, 540) 236
(244, 538) 237
(247, 536) 238
(250, 535) 239
(253, 533) 240
(257, 532) 241
(261, 531) 242
(264, 529) 243
(268, 528) 244
(272, 527) 245
(273, 525) 246
(274, 524) 247
(278, 524) 248
(282, 524) 249
(288, 525) 250
(292, 526) 251
(295, 527) 252
(298, 529) 253
(302, 530) 254
(306, 531) 255
(310, 532) 256
(313, 533) 257
(316, 535) 258
(319, 536) 259
(321, 537) 260
(323, 538) 261
(325, 539) 262
(327, 540) 263
(329, 541) 264
(330, 542) 265
(331, 543) 266
(333, 544) 267
(334, 545) 268
(335, 546) 269
(335, 547) 270
(336, 548) 271
(337, 549) 272
(337, 549) 273
(336, 549) 274
(336, 548) 275
(336, 547) 276
(338, 547) 277
(340, 547) 278
(343, 547) 279
(346, 547) 280
(349, 547) 281
(347, 546) 282
(344, 546) 283
(341, 545) 284
(338, 544) 285
(335, 544) 286
(332, 543) 287
(329, 542) 288
(327, 542) 289
(320, 542) 290
(318, 541) 291
(313, 542) 292
(307, 542) 293
(302, 541) 294
(298, 541) 295
(293, 540) 296
(287, 539) 297
(283, 538) 298
(276, 538) 299
(274, 537) 300
(272, 536) 301
(269, 535) 302
(269, 535) 303
(265, 534) 304
(264, 534) 305
(263, 534) 306
(263, 534) 307
(263, 534) 308
(264, 534) 309
(267, 533) 310
(265, 532) 311
(260, 532) 312
(260, 531) 313
(261, 532) 314
(263, 533) 315
(265, 534) 316
(267, 535) 317
(269, 535) 318
(270, 536) 319
(272, 537) 320
(273, 538) 321
(274, 539) 322
(275, 540) 323
(276, 540) 324
(277, 541) 325
(278, 542) 326
(279, 542) 327
(279, 543) 328
(280, 544) 329
(280, 545) 330
(281, 545) 331
(281, 546) 332
(281, 546) 333
(281, 546) 334
(281, 545) 335
(280, 545) 336
(280, 544) 337
(280, 543) 338
(273, 542) 339
(274, 542) 340
(273, 542) 341
(273, 542) 342
(271, 542) 343
(269, 542) 344
(266, 542) 345
(259, 542) 346
(257, 542) 347
(248, 542) 348
(245, 541) 349
(244, 542) 350
(244, 542) 351
(246, 543) 352
(247, 544) 353
(249, 545) 354
(250, 545) 355
(251, 546) 356
(251, 547) 357
(249, 548) 358
(251, 548) 359
(255, 549) 360
(260, 550) 361
(264, 550) 362
(271, 551) 363
(277, 552) 364
(283, 553) 365
(288, 553) 366
(292, 554) 367
(295, 555) 368
(292, 556) 369
(283, 556) 370
(273, 556) 371
(264, 555) 372
(256, 555) 373
(250, 554) 374
(243, 554) 375
(235, 553) 376
(227, 552) 377
(219, 551) 378
(212, 550) 379
(208, 549) 380
(204, 549) 381
(200, 548) 382
(197, 547) 383
(193, 545) 384
(188, 545) 385
(183, 544) 386
(180, 543) 387
(177, 542) 388
(173, 541) 389
(169, 540) 390
(165, 539) 391
(160, 538) 392
(164, 538) 393
(168, 537) 394
(172, 537) 395
(174, 537) 396
(175, 537) 397
(183, 536) 398
(192, 536) 399
(198, 535) 400
(202, 536) 401
(207, 537) 402
(209, 537) 403
(210, 537) 404
(211, 537) 405
(217, 536) 406
(226, 535) 407
(109, 401) 253
(109, 401) 254
(109, 401) 255
(109, 401) 256
(110, 401) 257
(110, 401) 258
(111, 402) 259
(111, 402) 260
(112, 402) 261
(112, 403) 262
(112, 403) 263
(113, 403) 264
(113, 403) 265
(113, 404) 266
(113, 404) 267
(114, 404) 268
(114, 404) 269
(114, 405) 270
(113, 403) 271
(111, 403) 272
(108, 402) 273
(104, 402) 274
(98, 402) 275
(92, 402) 276
(87, 401) 277
(82, 401) 278
(78, 401) 279
(74, 401) 280
(70, 401) 281
(67, 400) 282
(65, 400) 283
(66, 399) 284
(66, 398) 285
(66, 397) 286
(70, 397) 287
(77, 398) 288
(84, 399) 289
(92, 399) 290
(100, 400) 291
(107, 401) 292
(113, 402) 293
(118, 402) 294
(123, 403) 295
(127, 404) 296
(131, 404) 297
(135, 405) 298
(138, 406) 299
(141, 406) 300
(144, 407) 301
(144, 408) 302
(140, 408) 303
(135, 408) 304
(132, 408) 305
(128, 408) 306
(125, 409) 307
(122, 409) 308
(111, 409) 309
(101, 410) 310
(91, 410) 311
(80, 410) 312
(70, 410) 313
(60, 410) 314
(56, 410) 315
(49, 410) 316
(43, 411) 317
(38, 411) 318
(33, 412) 319
(28, 412) 320
(24, 412) 321
(21, 413) 322
(21, 413) 323
(1934, 413) 324
(1925, 413) 325
(1916, 413) 326
(1908, 413) 327
(1901, 413) 328
(1894, 413) 329
(1892, 413) 330
(1891, 413) 331
(1889, 414) 332
(1888, 414) 333
(1886, 414) 334
(1888, 415) 335
(1889, 415) 336
(1891, 416) 337
(1892, 416) 338
(1893, 417) 339
(1900, 417) 340
(1908, 417) 341
(1918, 417) 342
(1918, 417) 343
(17, 417) 344
(25, 418) 345
(32, 418) 346
(38, 419) 347
(44, 419) 348
(49, 420) 349
(56, 419) 350
(61, 419) 351
(66, 418) 352
(71, 418) 353
(73, 419) 354
(75, 420) 355
(77, 420) 356
(83, 422) 357
(87, 424) 358
(92, 426) 359
(96, 428) 360
(99, 430) 361
(102, 432) 362
(105, 433) 363
(108, 435) 364
(110, 437) 365
(112, 438) 366
(114, 440) 367
(116, 441) 368
(117, 443) 369
(1834, 556) 257
(1833, 555) 258
(1827, 555) 259
(1814, 556) 260
(1811, 556) 261
(1807, 556) 262
(1805, 556) 263
(1801, 557) 264
(1794, 559) 265
(1791, 560) 266
(1790, 562) 267
(1788, 564) 268
(1787, 565) 269
(1786, 567) 270
(1786, 568) 271
(1789, 568) 272
(1794, 569) 273
(1799, 568) 274
(1804, 567) 275
(1805, 566) 276
(1811, 565) 277
(1816, 563) 278
(1821, 561) 279
(1827, 559) 280
(1831, 557) 281
(1841, 556) 282
(1849, 556) 283
(1855, 555) 284
(1859, 554) 285
(1861, 553) 286
(1863, 552) 287
(1864, 552) 288
(1867, 550) 289
(1867, 548) 290
(1863, 547) 291
(1860, 546) 292
(1855, 544) 293
(1850, 543) 294
(1847, 542) 295
(1844, 541) 296
(1839, 540) 297
(1835, 539) 298
(1831, 538) 299
(1828, 537) 300
(1824, 536) 301
(1822, 535) 302
(1819, 534) 303
(1817, 533) 304
(1815, 532) 305
(1813, 531) 306
(1811, 530) 307
(1810, 529) 308
(1808, 530) 309
(1806, 531) 310
(1805, 532) 311
(1804, 532) 312
(1803, 533) 313
(1803, 534) 314
(1802, 534) 315
(1801, 535) 316
(1805, 536) 317
(1618, 431) 259
(1619, 430) 260
(1621, 430) 261
(1622, 430) 262
(1621, 431) 263
(1621, 431) 264
(1621, 432) 265
(1618, 433) 266
(1617, 433) 267
(1618, 434) 268
(1618, 435) 269
(1618, 436) 270
(1618, 438) 271
(1618, 440) 272
(1617, 442) 273
(1616, 444) 274
(1614, 446) 275
(1612, 448) 276
(1612, 450) 277
(1615, 451) 278
(1617, 452) 279
(1622, 454) 280
(1628, 456) 281
(1633, 458) 282
(1637, 460) 283
(1641, 461) 284
(1644, 462) 285
(1647, 464) 286
(1650, 466) 287
(1653, 468) 288
(1656, 470) 289
(1658, 471) 290
(1660, 473) 291
(1661, 475) 292
(1663, 476) 293
(1664, 478) 294
(1665, 479) 295
(1666, 481) 296
(1667, 482) 297
(1673, 484) 298
(1686, 484) 299
(1697, 485) 300
(1707, 486) 301
(1716, 487) 302
(1718, 489) 303
(1720, 492) 304
(1721, 494) 305
(1722, 496) 306
(1721, 498) 307
(1715, 500) 308
(1708, 502) 309
(1701, 504) 310
(1698, 507) 311
(1700, 508) 312
(1703, 509) 313
(1708, 511) 314
(1712, 513) 315
(1717, 515) 316
(1718, 517) 317
(1721, 519) 318
(1727, 520) 319
(1734, 522) 320
(1739, 523) 321
(1748, 525) 322
(1757, 527) 323
(1767, 527) 324
(1776, 527) 325
(1783, 527) 326
(1789, 527) 327
(1796, 527) 328
(1802, 527) 329
(1017, 544) 268
(1017, 544) 269
(1011, 543) 270
(1005, 542) 271
(996, 540) 272
(989, 539) 273
(983, 537) 274
(976, 535) 275
(969, 533) 276
(963, 532) 277
(955, 529) 278
(948, 527) 279
(943, 524) 280
(938, 522) 281
(933, 519) 282
(931, 517) 283
(929, 514) 284
(928, 512) 285
(928, 509) 286
(928, 507) 287
(928, 505) 288
(928, 502) 289
(928, 498) 290
(928, 495) 291
(928, 492) 292
(927, 489) 293
(926, 486) 294
(925, 484) 295
(924, 481) 296
(922, 478) 297
(922, 476) 298
(921, 474) 299
(921, 472) 300
(924, 471) 301
(924, 470) 302
(925, 469) 303
(927, 469) 304
(928, 468) 305
(928, 468) 306
(929, 467) 307
(929, 467) 308
(928, 466) 309
(929, 466) 310
(930, 465) 311
(931, 465) 312
(930, 465) 313
(930, 464) 314
(929, 464) 315
(929, 463) 316
(929, 463) 317
(928, 463) 318
(927, 462) 319
(928, 462) 320
(931, 462) 321
(934, 462) 322
(936, 462) 323
(939, 462) 324
(938, 462) 325
(938, 462) 326
(937, 462) 327
(935, 462) 328
(933, 461) 329
(933, 463) 330
(932, 464) 331
(935, 463) 332
(938, 463) 333
(940, 463) 334
(942, 463) 335
(944, 463) 336
(946, 463) 337
(948, 463) 338
(948, 462) 339
(945, 463) 340
(941, 463) 341
(939, 463) 342
(936, 463) 343
(936, 463) 344
(936, 462) 345
(936, 461) 346
(936, 461) 347
(938, 460) 348
(946, 459) 349
(954, 459) 350
(961, 459) 351
(967, 458) 352
(973, 458) 353
(978, 458) 354
(982, 457) 355
(978, 457) 356
(972, 456) 357
(966, 454) 358
(960, 453) 359
(955, 452) 360
(950, 450) 361
(946, 449) 362
(943, 449) 363
(941, 448) 364
(939, 448) 365
(937, 447) 366
(937, 447) 367
(933, 446) 368
(931, 445) 369
(931, 445) 370
(930, 444) 371
(929, 442) 372
(927, 441) 373
(923, 439) 374
(920, 437) 375
(918, 435) 376
(916, 432) 377
(915, 430) 378
(913, 428) 379
(912, 426) 380
(911, 424) 381
(378, 434) 299
(378, 434) 300
(378, 434) 301
(378, 434) 302
(378, 434) 303
(383, 434) 304
(393, 434) 305
(405, 435) 306
(416, 435) 307
(426, 436) 308
(434, 436) 309
(441, 437) 310
(444, 438) 311
(446, 440) 312
(448, 441) 313
(450, 443) 314
(451, 444) 315
(456, 446) 316
(461, 448) 317
(465, 449) 318
(469, 451) 319
(470, 452) 320
(470, 454) 321
(466, 455) 322
(461, 455) 323
(457, 456) 324
(453, 457) 325
(449, 458) 326
(440, 459) 327
(431, 461) 328
(422, 462) 329
(415, 463) 330
(411, 463) 331
(406, 463) 332
(402, 463) 333
(398, 464) 334
(398, 465) 335
(397, 467) 336
(396, 468) 337
(395, 470) 338
(395, 471) 339
(394, 473) 340
(393, 474) 341
(393, 476) 342
(392, 477) 343
(391, 478) 344
(391, 480) 345
(391, 481) 346
(389, 483) 347
(388, 484) 348
(387, 486) 349
(386, 488) 350
(385, 489) 351
(384, 491) 352
(384, 492) 353
(388, 493) 354
(387, 495) 355
(387, 498) 356
(387, 500) 357
(391, 502) 358
(395, 503) 359
(398, 504) 360
(400, 506) 361
(403, 507) 362
(405, 508) 363
(407, 510) 364
(409, 511) 365
(409, 512) 366
(405, 513) 367
(401, 514) 368
(397, 515) 369
(394, 516) 370
(391, 517) 371
(388, 518) 372
(385, 519) 373
(383, 520) 374
(381, 521) 375
(381, 522) 376
(384, 523) 377
(388, 523) 378
(392, 523) 379
(396, 524) 380
(399, 524) 381
(402, 524) 382
(405, 524) 383
(407, 525) 384
(414, 525) 385
(417, 526) 386
(421, 526) 387
(427, 527) 388
(1177, 678) 303
(1176, 676) 304
(1175, 675) 305
(1174, 674) 306
(1172, 673) 307
(1168, 672) 308
(1159, 672) 309
(1151, 671) 310
(1143, 671) 311
(1144, 671) 312
(1143, 669) 313
(1144, 668) 314
(1142, 667) 315
(1142, 665) 316
(1142, 663) 317
(1142, 661) 318
(1143, 660) 319
(1144, 658) 320
(1145, 656) 321
(1146, 654) 322
(1150, 651) 323
(1156, 648) 324
(1161, 645) 325
(1166, 642) 326
(1169, 639) 327
(1171, 636) 328
(1173, 633) 329
(1175, 631) 330
(1179, 629) 331
(1182, 626) 332
(1184, 623) 333
(1187, 620) 334
(1188, 617) 335
(1190, 614) 336
(1191, 611) 337
(1192, 609) 338
(1193, 606) 339
(1194, 604) 340
(1195, 601) 341
(1195, 599) 342
(1195, 596) 343
(1195, 594) 344
(1193, 592) 345
(1191, 590) 346
(1189, 588) 347
(1186, 586) 348
(1184, 584) 349
(1181, 582) 350
(1179, 580) 351
(1177, 577) 352
(1177, 575) 353
(1181, 574) 354
(1184, 572) 355
(1188, 571) 356
(1192, 569) 357
(1197, 567) 358
(1203, 564) 359
(1208, 562) 360
(1212, 559) 361
(1223, 556) 362
(1233, 552) 363
(1243, 549) 364
(1251, 545) 365
(1265, 543) 366
(1283, 541) 367
(1296, 540) 368
(1303, 538) 369
(1308, 537) 370
(1314, 535) 371
(1318, 534) 372
(1322, 532) 373
(1322, 531) 374
(1321, 530) 375
(1319, 530) 376
(1318, 529) 377
(1316, 528) 378
(1314, 527) 379
(1313, 527) 380
(1312, 526) 381
(1311, 525) 382
(1311, 526) 383
(1312, 527) 384
(1314, 528) 385
(1318, 529) 386
(1322, 530) 387
(1332, 530) 388
(1342, 530) 389
(1349, 530) 390
(1356, 530) 391
(1365, 529) 392
(472, 527) 327
(472, 527) 328
(472, 527) 329
(472, 527) 330
(472, 527) 331
(479, 526) 332
(488, 526) 333
(494, 525) 334
(500, 525) 335
(506, 524) 336
(511, 524) 337
(515, 523) 338
(521, 523) 339
(526, 523) 340
(526, 523) 341
(525, 523) 342
(522, 523) 343
(519, 524) 344
(515, 524) 345
(516, 524) 346
(524, 523) 347
(538, 522) 348
(550, 520) 349
(556, 520) 350
(560, 519) 351
(567, 518) 352
(573, 517) 353
(578, 517) 354
(586, 516) 355
(587, 516) 356
(594, 517) 357
(601, 517) 358
(607, 517) 359
(612, 517) 360
(613, 517) 361
(617, 517) 362
(622, 516) 363
(627, 516) 364
(629, 515) 365
(630, 515) 366
(631, 514) 367
(631, 513) 368
(631, 511) 369
(630, 509) 370
(629, 507) 371
(628, 505) 372
(628, 504) 373
(627, 502) 374
(627, 500) 375
(627, 498) 376
(627, 497) 377
(629, 496) 378
(630, 494) 379
(633, 493) 380
(636, 492) 381
(636, 490) 382
(634, 489) 383
(629, 488) 384
(625, 487) 385
(621, 487) 386
(618, 486) 387
(615, 485) 388
(613, 484) 389
(610, 483) 390
(610, 482) 391
(613, 482) 392
(616, 482) 393
(619, 482) 394
(618, 482) 395
(616, 481) 396
(612, 479) 397
(607, 479) 398
(604, 477) 399
(602, 476) 400
(596, 475) 401
(589, 475) 402
(578, 475) 403
(561, 474) 404
(545, 473) 405
(531, 473) 406
(519, 472) 407
(505, 472) 408
(493, 472) 409
(479, 473) 410
(469, 474) 411
(461, 474) 412
(452, 475) 413
(446, 476) 414
(441, 476) 415
(435, 478) 416
(430, 479) 417
(425, 481) 418
(421, 482) 419
(417, 484) 420
(413, 485) 421
(410, 487) 422
(409, 488) 423
(406, 489) 424
(404, 490) 425
(400, 491) 426
(397, 493) 427
(393, 494) 428
(391, 495) 429
(384, 495) 430
(377, 495) 431
(372, 495) 432
(362, 494) 433
(353, 493) 434
(346, 492) 435
(340, 492) 436
(332, 491) 437
(326, 490) 438
(322, 490) 439
(318, 489) 440
(314, 489) 441
(311, 489) 442
(310, 489) 443
(310, 489) 444
(309, 489) 445
(305, 489) 446
(302, 489) 447
(299, 489) 448
(296, 490) 449
(290, 490) 450
(285, 491) 451
(280, 491) 452
(280, 492) 453
(281, 493) 454
(282, 493) 455
(285, 494) 456
(288, 495) 457
(294, 494) 458
(298, 494) 459
(304, 494) 460
(310, 494) 461
(313, 494) 462
(318, 495) 463
(318, 495) 464
(316, 495) 465
(316, 495) 466
(316, 496) 467
(317, 496) 468
(324, 497) 469
(328, 497) 470
(333, 499) 471
(338, 500) 472
(342, 501) 473
(341, 501) 474
(339, 502) 475
(336, 501) 476
(331, 501) 477
(331, 501) 478
(331, 502) 479
(334, 502) 480
(336, 503) 481
(339, 503) 482
(339, 504) 483
(336, 504) 484
(325, 504) 485
(315, 504) 486
(306, 504) 487
(301, 504) 488
(290, 506) 489
(280, 507) 490
(271, 508) 491
(263, 509) 492
(256, 510) 493
(250, 510) 494
(245, 509) 495
(240, 509) 496
(236, 510) 497
(232, 510) 498
(229, 510) 499
(225, 510) 500
(221, 510) 501
(219, 511) 502
(218, 512) 503
(217, 513) 504
(216, 514) 505
(217, 514) 506
(218, 515) 507
(219, 515) 508
(219, 515) 509
(220, 515) 510
(220, 516) 511
(221, 516) 512
(222, 515) 513
(224, 513) 514
(225, 512) 515
(227, 511) 516
(228, 510) 517
(229, 509) 518
(230, 508) 519
(231, 507) 520
(232, 506) 521
(233, 505) 522
(233, 504) 523
(234, 503) 524
(235, 502) 525
(235, 502) 526
(236, 500) 527
(238, 499) 528
(239, 498) 529
(240, 496) 530
(241, 495) 531
(242, 494) 532
(243, 493) 533
(243, 491) 534
(245, 492) 535
(250, 492) 536
(251, 492) 537
(252, 493) 538
(251, 493) 539
(250, 494) 540
(251, 494) 541
(250, 494) 542
(248, 493) 543
(245, 492) 544
(243, 491) 545
(239, 490) 546
(1275, 285) 334
(1275, 285) 335
(1274, 285) 336
(1274, 285) 337
(1274, 285) 338
(1274, 285) 339
(1274, 285) 340
(1274, 285) 341
(1274, 285) 342
(1274, 285) 343
(1275, 285) 344
(1275, 285) 345
(1275, 285) 346
(1275, 285) 347
(1275, 286) 348
(1275, 286) 349
(1275, 286) 350
(1275, 286) 351
(1275, 286) 352
(1274, 286) 353
(1274, 287) 354
(1274, 287) 355
(1274, 287) 356
(1273, 287) 357
(1273, 288) 358
(1272, 288) 359
(1272, 288) 360
(1272, 288) 361
(1271, 289) 362
(1271, 289) 363
(1271, 289) 364
(1269, 290) 365
(1268, 290) 366
(1266, 290) 367
(1263, 291) 368
(1261, 291) 369
(1259, 292) 370
(1256, 292) 371
(1254, 292) 372
(1251, 293) 373
(1249, 293) 374
(1245, 293) 375
(1243, 292) 376
(1241, 292) 377
(1240, 292) 378
(1240, 291) 379
(1240, 292) 380
(1240, 291) 381
(1239, 291) 382
(1237, 292) 383
(1234, 292) 384
(1237, 291) 385
(1238, 291) 386
(1240, 290) 387
(1240, 289) 388
(1236, 290) 389
(1237, 289) 390
(1236, 289) 391
(1229, 290) 392
(1222, 290) 393
(1214, 290) 394
(1206, 290) 395
(1199, 290) 396
(1191, 290) 397
(1185, 290) 398
(1179, 290) 399
(1175, 289) 400
(1172, 287) 401
(1170, 286) 402
(1167, 285) 403
(1165, 284) 404
(1163, 283) 405
(1161, 282) 406
(1160, 281) 407
(1158, 280) 408
(1157, 279) 409
(1156, 278) 410
(1155, 277) 411
(1156, 276) 412
(1157, 276) 413
(1158, 276) 414
(1159, 275) 415
(1160, 275) 416
(1160, 274) 417
(1161, 274) 418
(1161, 273) 419
(1162, 273) 420
(1162, 273) 421
(1163, 272) 422
(1163, 272) 423
(1157, 271) 424
(1152, 270) 425
(1146, 269) 426
(1141, 268) 427
(1136, 266) 428
(1130, 264) 429
(1123, 262) 430
(1115, 260) 431
(872, 466) 339
(872, 466) 340
(872, 466) 341
(872, 466) 342
(872, 466) 343
(872, 466) 344
(872, 466) 345
(872, 466) 346
(872, 466) 347
(872, 466) 348
(872, 466) 349
(872, 466) 350
(872, 466) 351
(872, 466) 352
(878, 465) 353
(882, 464) 354
(885, 463) 355
(888, 463) 356
(891, 462) 357
(893, 461) 358
(896, 460) 359
(902, 461) 360
(907, 461) 361
(919, 461) 362
(930, 462) 363
(940, 462) 364
(948, 462) 365
(956, 463) 366
(963, 463) 367
(966, 464) 368
(972, 466) 369
(976, 468) 370
(983, 470) 371
(994, 472) 372
(1005, 475) 373
(1020, 477) 374
(1032, 478) 375
(1044, 480) 376
(1055, 481) 377
(1066, 483) 378
(1077, 484) 379
(1088, 486) 380
(1102, 488) 381
(1115, 489) 382
(1126, 491) 383
(1136, 492) 384
(1146, 494) 385
(1154, 495) 386
(1162, 496) 387
(1168, 498) 388
(1174, 499) 389
(1171, 500) 390
(1169, 501) 391
(1166, 502) 392
(1163, 503) 393
(1161, 505) 394
(1156, 506) 395
(1152, 507) 396
(1150, 508) 397
(1150, 508) 398
(1149, 509) 399
(1149, 509) 400
(1149, 509) 401
(1149, 509) 402
(1150, 510) 403
(1151, 510) 404
(1153, 511) 405
(1156, 512) 406
(1158, 514) 407
(1160, 516) 408
(1162, 516) 409
(1162, 518) 410
(1162, 519) 411
(1162, 521) 412
(1162, 522) 413
(1162, 523) 414
(1161, 525) 415
(1161, 526) 416
(1161, 527) 417
(1161, 529) 418
(1161, 530) 419
(1161, 531) 420
(1161, 532) 421
(1161, 533) 422
(1161, 535) 423
(1161, 536) 424
(1161, 537) 425
(1161, 538) 426
(1161, 539) 427
(1161, 540) 428
(1161, 541) 429
(1153, 542) 430
(1150, 542) 431
(1150, 542) 432
(1150, 543) 433
(1152, 544) 434
(1152, 545) 435
(1153, 545) 436
(1155, 546) 437
(1157, 546) 438
(1164, 545) 439
(1170, 544) 440
(1176, 544) 441
(1181, 543) 442
(1186, 542) 443
(1190, 542) 444
(1194, 541) 445
(1197, 540) 446
(1200, 540) 447
(1199, 539) 448
(1199, 539) 449
(1202, 538) 450
(1205, 537) 451
(1208, 537) 452
(1209, 537) 453
(1209, 537) 454
(1209, 538) 455
(1209, 538) 456
(1209, 538) 457
(1215, 538) 458
(1222, 539) 459
(1226, 538) 460
(1230, 538) 461
(1232, 538) 462
(1235, 538) 463
(1237, 537) 464
(1238, 537) 465
(1240, 537) 466
(1244, 536) 467
(1249, 535) 468
(1254, 534) 469
(1254, 535) 470
(1254, 535) 471
(1255, 535) 472
(1255, 534) 473
(1255, 534) 474
(1255, 534) 475
(1250, 533) 476
(1245, 532) 477
(1327, 492) 407
(1326, 492) 408
(1328, 492) 409
(1330, 493) 410
(1331, 493) 411
(1331, 494) 412
(1326, 494) 413
(1323, 494) 414
(1319, 494) 415
(1317, 493) 416
(1315, 494) 417
(1312, 494) 418
(1310, 494) 419
(1308, 494) 420
(1307, 495) 421
(1306, 495) 422
(1304, 495) 423
(1303, 496) 424
(1302, 496) 425
(1302, 496) 426
(1301, 496) 427
(1300, 497) 428
(1295, 497) 429
(1294, 497) 430
(1292, 497) 431
(1293, 496) 432
(1297, 496) 433
(1303, 495) 434
(1310, 494) 435
(1316, 493) 436
(1319, 493) 437
(1323, 492) 438
(1327, 492) 439
(1330, 491) 440
(1334, 491) 441
(1336, 490) 442
(1339, 490) 443
(1342, 489) 444
(1344, 489) 445
(1346, 488) 446
(1347, 488) 447
(1349, 487) 448
(1350, 487) 449
(1352, 486) 450
(1353, 486) 451
(1354, 485) 452
(1355, 485) 453
(1355, 485) 454
(1350, 485) 455
(1346, 486) 456
(1343, 487) 457
(1340, 488) 458
(1340, 488) 459
(1340, 491) 460
(1343, 493) 461
(1345, 494) 462
(1352, 496) 463
(1361, 498) 464
(1371, 499) 465
(1381, 500) 466
(1388, 502) 467
(1394, 503) 468
(1401, 504) 469
(1412, 505) 470
(1423, 505) 471
(1433, 506) 472
(1446, 506) 473
(1464, 505) 474
(1479, 505) 475
(1491, 505) 476
(1503, 504) 477
(1513, 504) 478
(1522, 504) 479
(1530, 504) 480
(1537, 503) 481
(1544, 503) 482
(1550, 503) 483
(1553, 504) 484
(1558, 504) 485
(1566, 506) 486
(1576, 507) 487
(1584, 509) 488
(1592, 510) 489
(1599, 511) 490
(1608, 511) 491
(1616, 511) 492
(1616, 511) 493
(1616, 510) 494
(1616, 509) 495
(1613, 508) 496
(1611, 507) 497
(1609, 506) 498
(1609, 505) 499
(1611, 504) 500
(1613, 503) 501
(1616, 502) 502
(1621, 501) 503
(1627, 500) 504
(1634, 499) 505
(1636, 498) 506
(1635, 497) 507
(1629, 496) 508
(1624, 495) 509
(1616, 493) 510
(1613, 490) 511
(1613, 488) 512
(1614, 485) 513
(1615, 483) 514
(1617, 481) 515
(1619, 479) 516
(1623, 477) 517
(1631, 476) 518
(1640, 476) 519
(1647, 475) 520
(1654, 475) 521
(1660, 474) 522
(1666, 474) 523
(1671, 474) 524
(1675, 473) 525
(1679, 473) 526
(1683, 472) 527
(1686, 472) 528
(1690, 471) 529
(1692, 471) 530
(1694, 470) 531
(1695, 469) 532
(1696, 469) 533
(1696, 468) 534
(1696, 467) 535
(1696, 466) 536
(1696, 466) 537
(1697, 465) 538
(1697, 463) 539
(1695, 461) 540
(1692, 460) 541
(1688, 458) 542
(1688, 456) 543
(1684, 456) 544
(1678, 455) 545
(1672, 456) 546
(917, 386) 411
(916, 386) 412
(916, 386) 413
(916, 386) 414
(916, 386) 415
(915, 386) 416
(916, 386) 417
(918, 387) 418
(921, 388) 419
(924, 389) 420
(926, 391) 421
(928, 392) 422
(930, 393) 423
(930, 395) 424
(929, 396) 425
(927, 397) 426
(925, 398) 427
(919, 400) 428
(913, 402) 429
(908, 404) 430
(908, 405) 431
(904, 407) 432
(900, 408) 433
(895, 410) 434
(897, 411) 435
(898, 411) 436
(899, 412) 437
(900, 413) 438
(901, 414) 439
(902, 414) 440
(903, 414) 441
(903, 414) 442
(904, 415) 443
(904, 415) 444
(904, 416) 445
(904, 417) 446
(904, 418) 447
(904, 418) 448
(905, 419) 449
(905, 421) 450
(905, 422) 451
(905, 423) 452
(907, 424) 453
(905, 425) 454
(902, 426) 455
(899, 427) 456
(896, 428) 457
(896, 429) 458
(894, 430) 459
(895, 431) 460
(895, 432) 461
(893, 433) 462
(892, 435) 463
(889, 435) 464
(884, 436) 465
(879, 436) 466
(872, 437) 467
(867, 437) 468
(861, 437) 469
(851, 438) 470
(843, 438) 471
(835, 439) 472
(826, 440) 473
(819, 441) 474
(812, 442) 475
(801, 443) 476
(796, 444) 477
(791, 446) 478
(782, 447) 479
(774, 447) 480
(761, 448) 481
(753, 449) 482
(746, 449) 483
(737, 450) 484
(728, 450) 485
(717, 450) 486
(709, 451) 487
(702, 451) 488
(697, 451) 489
(692, 451) 490
(689, 451) 491
(689, 452) 492
(682, 453) 493
(682, 454) 494
(682, 455) 495
(682, 456) 496
(682, 457) 497
(682, 458) 498
(682, 459) 499
(682, 460) 500
(682, 461) 501
(682, 462) 502
(683, 462) 503
(683, 463) 504
(683, 464) 505
(681, 464) 506
(681, 463) 507
(683, 462) 508
(691, 461) 509
(696, 461) 510
(702, 461) 511
(707, 460) 512
(710, 460) 513
(712, 459) 514
(718, 460) 515
(724, 460) 516
(736, 460) 517
(741, 461) 518
(745, 461) 519
(746, 461) 520
(747, 460) 521
(748, 460) 522
(753, 460) 523
(756, 459) 524
(759, 459) 525
(761, 459) 526
(763, 458) 527
(763, 458) 528
(762, 458) 529
(758, 459) 530
(755, 458) 531
(752, 458) 532
(749, 457) 533
(747, 457) 534
(745, 456) 535
(738, 457) 536
(731, 457) 537
(1517, 467) 416
(1513, 466) 417
(1509, 466) 418
(1504, 465) 419
(1498, 465) 420
(1492, 465) 421
(1486, 464) 422
(1484, 464) 423
(1480, 464) 424
(1477, 463) 425
(1477, 463) 426
(1477, 463) 427
(1470, 462) 428
(1462, 462) 429
(1460, 461) 430
(1454, 460) 431
(1454, 459) 432
(1458, 458) 433
(1462, 457) 434
(1466, 456) 435
(1469, 455) 436
(1472, 454) 437
(1475, 453) 438
(1477, 453) 439
(1476, 452) 440
(1474, 451) 441
(1472, 451) 442
(1466, 450) 443
(1456, 451) 444
(1447, 451) 445
(1437, 451) 446
(1430, 452) 447
(1422, 453) 448
(1413, 453) 449
(1405, 452) 450
(1400, 453) 451
(1395, 454) 452
(1395, 454) 453
(1395, 455) 454
(1395, 456) 455
(1395, 456) 456
(1396, 457) 457
(1396, 458) 458
(1396, 458) 459
(1396, 459) 460
(1396, 459) 461
(1396, 460) 462
(1396, 461) 463
(1396, 461) 464
(1396, 462) 465
(1396, 462) 466
(1396, 463) 467
(1396, 463) 468
(1390, 463) 469
(1385, 462) 470
(1381, 462) 471
(1377, 462) 472
(1374, 461) 473
(1372, 461) 474
(1370, 460) 475
(1369, 460) 476
(1369, 459) 477
(1831, 391) 421
(1832, 391) 422
(1834, 391) 423
(1836, 391) 424
(1838, 391) 425
(1843, 392) 426
(1847, 393) 427
(1851, 394) 428
(1855, 395) 429
(1859, 396) 430
(1862, 397) 431
(1866, 398) 432
(1877, 399) 433
(1887, 400) 434
(1895, 401) 435
(1903, 402) 436
(1908, 404) 437
(1913, 406) 438
(1917, 408) 439
(1921, 409) 440
(1921, 411) 441
(11, 412) 442
(17, 412) 443
(22, 413) 444
(27, 414) 445
(31, 414) 446
(35, 415) 447
(38, 416) 448
(42, 416) 449
(44, 417) 450
(47, 418) 451
(49, 418) 452
(51, 419) 453
(53, 419) 454
(55, 420) 455
(56, 421) 456
(58, 421) 457
(59, 422) 458
(65, 421) 459
(73, 420) 460
(79, 421) 461
(84, 421) 462
(88, 422) 463
(91, 422) 464
(94, 422) 465
(96, 422) 466
(99, 422) 467
(102, 422) 468
(104, 423) 469
(110, 423) 470
(108, 423) 471
(108, 423) 472
(107, 424) 473
(102, 424) 474
(97, 424) 475
(98, 424) 476
(99, 424) 477
(99, 424) 478
(99, 424) 479
(98, 424) 480
(93, 423) 481
(94, 423) 482
(95, 424) 483
(95, 424) 484
(96, 424) 485
(96, 424) 486
(97, 424) 487
(97, 424) 488
(98, 424) 489
(98, 425) 490
(98, 425) 491
(99, 425) 492
(99, 425) 493
(99, 425) 494
(100, 425) 495
(100, 425) 496
(100, 425) 497
(100, 425) 498
(100, 426) 499
(100, 426) 500
(100, 426) 501
(97, 425) 502
(87, 425) 503
(77, 426) 504
(64, 426) 505
(53, 426) 506
(49, 426) 507
(46, 427) 508
(41, 427) 509
(35, 427) 510
(29, 427) 511
(25, 427) 512
(20, 427) 513
(19, 427) 514
(1934, 427) 515
(1926, 427) 516
(1918, 426) 517
(1912, 426) 518
(1903, 426) 519
(1892, 426) 520
(1876, 427) 521
(1865, 428) 522
(1857, 430) 523
(1850, 432) 524
(1845, 435) 525
(1841, 437) 526
(1837, 439) 527
(1834, 441) 528
(1829, 445) 529
(1825, 448) 530
(1821, 451) 531
(1818, 454) 532
(1816, 457) 533
(420, 495) 430
(420, 495) 431
(423, 494) 432
(425, 493) 433
(429, 492) 434
(430, 490) 435
(432, 489) 436
(438, 488) 437
(448, 487) 438
(452, 485) 439
(455, 484) 440
(460, 483) 441
(463, 482) 442
(466, 481) 443
(468, 480) 444
(470, 479) 445
(473, 477) 446
(476, 476) 447
(479, 475) 448
(481, 473) 449
(483, 472) 450
(485, 471) 451
(487, 469) 452
(488, 468) 453
(490, 467) 454
(491, 466) 455
(493, 464) 456
(494, 462) 457
(496, 461) 458
(504, 459) 459
(509, 458) 460
(512, 458) 461
(515, 457) 462
(517, 456) 463
(520, 455) 464
(521, 454) 465
(523, 453) 466
(525, 452) 467
(526, 452) 468
(528, 451) 469
(529, 450) 470
(530, 449) 471
(531, 449) 472
(532, 449) 473
(534, 449) 474
(537, 450) 475
(539, 450) 476
(542, 450) 477
(545, 450) 478
(548, 450) 479
(550, 450) 480
(553, 450) 481
(555, 450) 482
(557, 450) 483
(558, 450) 484
(560, 450) 485
(561, 451) 486
(562, 451) 487
(564, 451) 488
(565, 451) 489
(565, 451) 490
(560, 452) 491
(554, 453) 492
(548, 455) 493
(541, 456) 494
(536, 457) 495
(532, 459) 496
(534, 459) 497
(540, 461) 498
(545, 463) 499
(546, 463) 500
(550, 462) 501
(558, 462) 502
(565, 461) 503
(579, 460) 504
(591, 458) 505
(602, 457) 506
(612, 456) 507
(622, 455) 508
(630, 453) 509
(637, 452) 510
(644, 451) 511
(650, 450) 512
(655, 449) 513
(660, 447) 514
(657, 446) 515
(655, 445) 516
(653, 444) 517
(651, 443) 518
(649, 441) 519
(647, 440) 520
(646, 439) 521
(1757, 444) 439
(1759, 443) 440
(1758, 443) 441
(1755, 443) 442
(1752, 443) 443
(1750, 442) 444
(1743, 442) 445
(1735, 442) 446
(1732, 441) 447
(1733, 441) 448
(1735, 440) 449
(1736, 439) 450
(1739, 439) 451
(1739, 439) 452
(1740, 439) 453
(1740, 440) 454
(1739, 441) 455
(1738, 442) 456
(1737, 443) 457
(1736, 444) 458
(1735, 445) 459
(1734, 446) 460
(1733, 447) 461
(1728, 447) 462
(1724, 448) 463
(1720, 449) 464
(1716, 450) 465
(1717, 451) 466
(1717, 452) 467
(1718, 453) 468
(1719, 454) 469
(1719, 456) 470
(1720, 457) 471
(1721, 459) 472
(1722, 460) 473
(1723, 461) 474
(1724, 463) 475
(1724, 464) 476
(1725, 465) 477
(1726, 467) 478
(1733, 469) 479
(1739, 471) 480
(1744, 473) 481
(1748, 475) 482
(1752, 476) 483
(1757, 478) 484
(1760, 480) 485
(1763, 482) 486
(1765, 483) 487
(1768, 485) 488
(1770, 487) 489
(1772, 488) 490
(1771, 490) 491
(1771, 492) 492
(1769, 493) 493
(1766, 494) 494
(1763, 496) 495
(1761, 497) 496
(1758, 497) 497
(1753, 499) 498
(1904, 486) 447
(1904, 486) 448
(1904, 486) 449
(1904, 486) 450
(1904, 486) 451
(1902, 486) 452
(1902, 487) 453
(1902, 488) 454
(1900, 488) 455
(1898, 488) 456
(1896, 489) 457
(1894, 489) 458
(1891, 489) 459
(1890, 489) 460
(1889, 490) 461
(1888, 491) 462
(1887, 492) 463
(1889, 492) 464
(1890, 493) 465
(1890, 493) 466
(1890, 494) 467
(1888, 495) 468
(1887, 495) 469
(1886, 496) 470
(1879, 496) 471
(1880, 497) 472
(1880, 497) 473
(1879, 497) 474
(1879, 498) 475
(1880, 497) 476
(1881, 497) 477
(1881, 496) 478
(1880, 495) 479
(1881, 493) 480
(1881, 492) 481
(1882, 490) 482
(1882, 489) 483
(1884, 487) 484
(1886, 485) 485
(1887, 484) 486
(1890, 482) 487
(1891, 481) 488
(1893, 479) 489
(1895, 477) 490
(1897, 476) 491
(1898, 474) 492
(1899, 473) 493
(1899, 471) 494
(1899, 470) 495
(1898, 468) 496
(1897, 467) 497
(1896, 466) 498
(1893, 465) 499
(1891, 464) 500
(1890, 464) 501
(1889, 463) 502
(1888, 463) 503
(1887, 462) 504
(1886, 462) 505
(1886, 461) 506
(1885, 461) 507
(1885, 460) 508
(1884, 460) 509
(1884, 460) 510
(1883, 459) 511
(1883, 459) 512
(1883, 458) 513
(1883, 458) 514
(1882, 457) 515
(1882, 457) 516
(1882, 457) 517
(1882, 456) 518
(1881, 456) 519
(1881, 455) 520
(1877, 454) 521
(1873, 452) 522
(1870, 451) 523
(1866, 449) 524
(1863, 448) 525
(1860, 446) 526
(1859, 445) 527
(1860, 444) 528
(1862, 443) 529
(1863, 442) 530
(1864, 441) 531
(1864, 440) 532
(1865, 439) 533
(1865, 439) 534
(1865, 438) 535
(1865, 437) 536
(1865, 436) 537
(1869, 437) 538
(1877, 437) 539
(1889, 437) 540
(1901, 437) 541
(1911, 437) 542
(1911, 437) 543
(9, 438) 544
(17, 438) 545
(22, 438) 546
(1648, 740) 456
(1648, 740) 457
(1648, 740) 458
(1648, 740) 459
(1648, 740) 460
(1648, 740) 461
(1648, 740) 462
(1648, 740) 463
(1648, 740) 464
(1648, 740) 465
(1648, 740) 466
(1648, 740) 467
(1648, 740) 468
(1648, 740) 469
(1648, 740) 470
(1648, 740) 471
(1648, 740) 472
(1645, 738) 473
(1643, 736) 474
(1642, 735) 475
(1640, 734) 476
(1639, 732) 477
(1638, 731) 478
(1637, 730) 479
(1636, 728) 480
(1635, 727) 481
(1634, 726) 482
(1634, 724) 483
(1633, 723) 484
(1632, 722) 485
(1632, 721) 486
(1632, 720) 487
(1631, 719) 488
(1631, 718) 489
(1630, 717) 490
(1627, 715) 491
(1623, 714) 492
(1620, 713) 493
(1617, 712) 494
(1615, 711) 495
(1613, 710) 496
(1611, 709) 497
(1611, 708) 498
(1612, 706) 499
(1615, 705) 500
(1617, 704) 501
(1618, 703) 502
(1619, 701) 503
(1619, 700) 504
(1618, 699) 505
(1618, 698) 506
(1619, 698) 507
(1621, 697) 508
(1621, 696) 509
(1621, 696) 510
(1619, 696) 511
(1617, 695) 512
(1613, 695) 513
(1611, 695) 514
(1610, 695) 515
(1606, 695) 516
(1599, 694) 517
(1591, 694) 518
(1582, 694) 519
(1573, 693) 520
(1564, 693) 521
(1560, 692) 522
(1554, 690) 523
(1548, 688) 524
(1542, 686) 525
(1538, 684) 526
(1533, 682) 527
(1529, 680) 528
(1526, 678) 529
(1523, 676) 530
(1520, 674) 531
(1517, 672) 532
(1515, 670) 533
(1513, 669) 534
(1511, 667) 535
(1511, 665) 536
(1516, 664) 537
(1523, 662) 538
(1527, 661) 539
(1533, 659) 540
(1542, 657) 541
(1551, 656) 542
(1496, 588) 474
(1500, 589) 475
(1505, 590) 476
(1510, 590) 477
(1513, 590) 478
(1516, 590) 479
(1519, 590) 480
(1524, 590) 481
(1528, 589) 482
(1532, 589) 483
(1535, 589) 484
(1538, 589) 485
(1538, 589) 486
(1537, 588) 487
(1534, 587) 488
(1524, 587) 489
(1515, 586) 490
(1506, 586) 491
(1499, 585) 492
(1491, 585) 493
(1484, 585) 494
(1478, 584) 495
(1473, 584) 496
(1468, 584) 497
(1464, 583) 498
(1460, 583) 499
(1452, 583) 500
(1446, 584) 501
(1442, 585) 502
(1439, 584) 503
(1437, 585) 504
(1431, 585) 505
(1426, 585) 506
(1421, 585) 507
(1416, 585) 508
(1412, 585) 509
(1409, 586) 510
(1406, 586) 511
(1403, 586) 512
(1400, 586) 513
(1398, 586) 514
(1396, 586) 515
(1394, 586) 516
(1392, 586) 517
(1391, 587) 518
(1389, 587) 519
(1388, 587) 520
(1387, 587) 521
(1386, 587) 522
(1385, 587) 523
(1382, 588) 524
(1374, 589) 525
(1365, 590) 526
(1356, 591) 527
(1347, 591) 528
(1339, 592) 529
(1330, 592) 530
(1325, 593) 531
(1317, 593) 532
(1304, 593) 533
(1290, 593) 534
(1277, 592) 535
(1264, 592) 536
(1255, 592) 537
(1247, 591) 538
(1239, 591) 539
(1232, 590) 540
(390, 573) 476
(391, 572) 477
(392, 572) 478
(393, 572) 479
(394, 572) 480
(395, 572) 481
(395, 572) 482
(396, 572) 483
(397, 571) 484
(399, 572) 485
(400, 572) 486
(402, 572) 487
(404, 572) 488
(406, 572) 489
(407, 573) 490
(408, 573) 491
(410, 573) 492
(411, 573) 493
(412, 573) 494
(412, 574) 495
(413, 574) 496
(414, 574) 497
(414, 574) 498
(415, 574) 499
(416, 575) 500
(416, 575) 501
(416, 575) 502
(417, 575) 503
(417, 575) 504
(417, 575) 505
(417, 575) 506
(411, 575) 507
(403, 573) 508
(396, 572) 509
(390, 571) 510
(385, 570) 511
(381, 570) 512
(385, 569) 513
(389, 567) 514
(392, 566) 515
(394, 565) 516
(397, 564) 517
(399, 563) 518
(401, 562) 519
(403, 561) 520
(404, 560) 521
(406, 559) 522
(407, 559) 523
(406, 557) 524
(405, 556) 525
(405, 554) 526
(404, 553) 527
(404, 551) 528
(403, 550) 529
(403, 549) 530
(403, 547) 531
(402, 546) 532
(402, 545) 533
(402, 544) 534
(402, 543) 535
(401, 541) 536
(398, 540) 537
(392, 538) 538
(390, 536) 539
(387, 535) 540
(383, 533) 541
(381, 531) 542
