(1054, 471) 20
(1059, 472) 21
(1066, 472) 22
(1072, 473) 23
(1078, 474) 24
(1083, 474) 25
(1093, 475) 26
(1103, 475) 27
(1112, 476) 28
(1122, 476) 29
(1132, 476) 30
(1142, 477) 31
(1150, 478) 32
(1159, 478) 33
(1167, 479) 34
(1174, 479) 35
(1184, 480) 36
(1191, 481) 37
(1198, 482) 38
(1207, 483) 39
(1216, 483) 40
(1222, 484) 41
(1228, 485) 42
(1230, 486) 43
(1231, 487) 44
(1232, 487) 45
(1233, 488) 46
(1233, 489) 47
(1234, 490) 48
(1235, 490) 49
(1235, 491) 50
(1232, 492) 51
(1227, 493) 52
(1223, 495) 53
(1220, 497) 54
(1216, 498) 55
(1212, 500) 56
(1208, 501) 57
(1205, 502) 58
(1202, 504) 59
(1200, 505) 60
(1197, 507) 61
(1195, 508) 62
(1191, 509) 63
(1188, 510) 64
(1183, 510) 65
(1187, 510) 66
(1191, 511) 67
(1194, 512) 68
(1197, 512) 69
(1200, 513) 70
(1203, 513) 71
(1208, 514) 72
(1209, 515) 73
(1209, 515) 74
(1210, 516) 75
(1210, 516) 76
(1216, 517) 77
(1221, 518) 78
(1226, 519) 79
(1234, 520) 80
(1239, 520) 81
(1243, 521) 82
(1247, 521) 83
(1248, 521) 84
(1251, 522) 85
(1259, 522) 86
(1268, 521) 87
(1274, 521) 88
(1274, 522) 89
(1275, 523) 90
(1279, 523) 91
(1279, 525) 92
(1279, 527) 93
(1277, 528) 94
(1275, 529) 95
(1269, 530) 96
(1264, 531) 97
(1260, 532) 98
(1256, 533) 99
(1253, 534) 100
(1250, 535) 101
(1254, 537) 102
(1495, 283) 78
(1495, 283) 79
(1495, 283) 80
(1495, 283) 81
(1495, 283) 82
(1497, 283) 83
(1499, 284) 84
(1500, 286) 85
(1502, 287) 86
(1503, 289) 87
(1505, 290) 88
(1506, 292) 89
(1507, 293) 90
(1508, 294) 91
(1508, 296) 92
(1509, 297) 93
(1509, 298) 94
(1508, 301) 95
(1506, 303) 96
(1506, 306) 97
(1505, 308) 98
(1504, 310) 99
(1504, 312) 100
(1503, 315) 101
(1503, 317) 102
(1502, 319) 103
(1502, 321) 104
(1502, 323) 105
(1501, 325) 106
(1501, 327) 107
(1501, 329) 108
(1504, 330) 109
(1507, 331) 110
(1510, 333) 111
(1512, 334) 112
(1514, 335) 113
(1516, 336) 114
(1518, 337) 115
(1519, 338) 116
(1521, 340) 117
(1522, 341) 118
(1523, 342) 119
(1524, 343) 120
(1525, 344) 121
(1526, 345) 122
(1527, 346) 123
(1532, 348) 124
(1537, 349) 125
(1541, 351) 126
(1545, 353) 127
(1548, 355) 128
(1551, 356) 129
(1554, 358) 130
(1557, 359) 131
(1559, 361) 132
(1561, 362) 133
(1561, 364) 134
(1557, 365) 135
(1552, 367) 136
(1544, 368) 137
(1537, 369) 138
(1530, 370) 139
(1525, 371) 140
(1519, 372) 141
(1515, 373) 142
(1510, 374) 143
(1507, 374) 144
(1503, 375) 145
(1500, 376) 146
(1497, 377) 147
(1492, 379) 148
(1757, 382) 95
(1756, 382) 96
(1756, 382) 97
(1756, 382) 98
(1754, 383) 99
(1752, 385) 100
(1750, 386) 101
(1748, 387) 102
(1746, 388) 103
(1745, 389) 104
(1744, 390) 105
(1742, 392) 106
(1741, 393) 107
(1741, 394) 108
(1743, 395) 109
(1745, 397) 110
(1747, 398) 111
(1749, 399) 112
(1753, 401) 113
(1756, 402) 114
(1756, 403) 115
(1756, 404) 116
(1752, 405) 117
(1752, 406) 118
(1751, 407) 119
(1749, 408) 120
(1748, 409) 121
(1748, 410) 122
(1744, 411) 123
(1742, 412) 124
(1741, 412) 125
(1741, 412) 126
(1741, 411) 127
(1741, 411) 128
(1739, 412) 129
(1737, 413) 130
(1735, 414) 131
(1734, 416) 132
(1733, 417) 133
(1731, 418) 134
(1732, 419) 135
(1734, 420) 136
(1735, 421) 137
(1737, 422) 138
(1738, 423) 139
(1739, 424) 140
(1740, 425) 141
(1741, 426) 142
(1742, 427) 143
(1743, 428) 144
(1743, 429) 145
(1744, 430) 146
(1745, 431) 147
(1747, 432) 148
(1750, 434) 149
(1752, 435) 150
(1754, 436) 151
(1755, 437) 152
(1757, 438) 153
(1758, 439) 154
(1760, 439) 155
(1761, 440) 156
(1770, 441) 157
(1217, 604) 131
(1217, 604) 132
(1217, 604) 133
(1217, 604) 134
(1217, 604) 135
(1217, 604) 136
(1218, 602) 137
(1218, 602) 138
(1217, 602) 139
(1217, 601) 140
(1216, 599) 141
(1215, 598) 142
(1214, 597) 143
(1213, 595) 144
(1213, 594) 145
(1212, 592) 146
(1212, 591) 147
(1211, 590) 148
(1211, 588) 149
(1211, 588) 150
(1212, 587) 151
(1211, 587) 152
(1209, 586) 153
(1207, 585) 154
(1205, 585) 155
(1203, 583) 156
(1203, 582) 157
(1203, 581) 158
(1204, 580) 159
(1202, 579) 160
(1203, 578) 161
(1203, 577) 162
(1202, 577) 163
(1200, 576) 164
(1198, 575) 165
(1198, 574) 166
(1196, 573) 167
(1193, 572) 168
(1184, 571) 169
(1184, 570) 170
(1176, 569) 171
(1167, 567) 172
(1158, 565) 173
(1151, 564) 174
(1144, 562) 175
(1137, 561) 176
(1132, 559) 177
(1127, 558) 178
(1122, 556) 179
(1118, 555) 180
(1115, 553) 181
(1111, 552) 182
(1109, 551) 183
(1106, 549) 184
(1103, 548) 185
(1103, 547) 186
(1107, 546) 187
(1112, 545) 188
(1116, 545) 189
(1121, 544) 190
(1124, 544) 191
(1128, 543) 192
(1131, 543) 193
(1134, 542) 194
(1137, 542) 195
(1139, 541) 196
(1142, 541) 197
(1143, 540) 198
(1143, 539) 199
(1144, 539) 200
(1145, 538) 201
(1147, 538) 202
(1150, 538) 203
(1151, 538) 204
(1154, 538) 205
(1157, 539) 206
(1160, 539) 207
(1163, 540) 208
(1163, 539) 209
(1165, 540) 210
(1167, 541) 211
(1167, 540) 212
(1166, 540) 213
(1166, 539) 214
(1169, 540) 215
(1171, 540) 216
(1171, 541) 217
(1169, 541) 218
(1166, 540) 219
(1164, 540) 220
(1163, 540) 221
(1162, 540) 222
(1161, 539) 223
(1161, 539) 224
(1161, 538) 225
(1166, 538) 226
(1169, 537) 227
(1172, 536) 228
(1175, 535) 229
(1178, 536) 230
(1176, 535) 231
(1174, 535) 232
(1173, 535) 233
(1171, 535) 234
(1170, 534) 235
(1169, 534) 236
(1168, 534) 237
(1168, 533) 238
(1173, 534) 239
(1177, 535) 240
(1181, 536) 241
(1188, 536) 242
(1197, 537) 243
(1203, 537) 244
(1205, 538) 245
(1212, 538) 246
(1217, 539) 247
(1217, 539) 248
(1213, 539) 249
(1214, 539) 250
(1217, 539) 251
(1216, 540) 252
(1222, 540) 253
(1218, 541) 254
(1220, 541) 255
(1220, 542) 256
(1220, 543) 257
(1220, 544) 258
(1219, 545) 259
(1218, 546) 260
(1218, 547) 261
(1218, 548) 262
(1216, 549) 263
(1216, 549) 264
(1215, 550) 265
(1215, 551) 266
(1212, 551) 267
(1210, 552) 268
(1207, 552) 269
(1206, 552) 270
(1202, 552) 271
(1199, 552) 272
(1199, 552) 273
(1200, 553) 274
(1199, 553) 275
(1199, 553) 276
(1196, 553) 277
(1196, 553) 278
(1196, 554) 279
(1196, 554) 280
(1196, 554) 281
(1195, 555) 282
(1195, 555) 283
(1194, 555) 284
(1194, 555) 285
(1190, 555) 286
(1190, 555) 287
(1186, 554) 288
(1186, 554) 289
(1186, 555) 290
(1186, 555) 291
(1186, 555) 292
(1185, 555) 293
(1185, 555) 294
(1184, 556) 295
(1184, 556) 296
(1183, 556) 297
(1183, 556) 298
(1182, 556) 299
(1182, 556) 300
(1181, 557) 301
(1181, 557) 302
(1180, 557) 303
(1180, 557) 304
(1177, 556) 305
(1177, 556) 306
(1177, 556) 307
(1177, 556) 308
(1176, 556) 309
(1176, 556) 310
(1176, 556) 311
(1176, 556) 312
(1174, 556) 313
(1171, 555) 314
(1169, 554) 315
(1167, 553) 316
(1165, 552) 317
(1164, 551) 318
(1163, 550) 319
(1163, 549) 320
(1161, 548) 321
(1160, 547) 322
(1159, 546) 323
(1158, 545) 324
(1157, 544) 325
(1156, 543) 326
(1156, 542) 327
(1155, 541) 328
(1154, 540) 329
(1154, 539) 330
(1153, 538) 331
(1153, 537) 332
(1153, 536) 333
(1153, 536) 334
(1153, 535) 335
(1152, 534) 336
(1152, 533) 337
(1152, 532) 338
(1152, 532) 339
(1152, 531) 340
(1151, 530) 341
(1152, 529) 342
(1153, 529) 343
(1153, 528) 344
(1154, 528) 345
(1155, 527) 346
(1155, 526) 347
(1155, 526) 348
(1155, 525) 349
(1155, 524) 350
(1155, 524) 351
(1155, 523) 352
(1155, 522) 353
(1155, 522) 354
(1155, 521) 355
(1155, 520) 356
(1155, 520) 357
(1155, 519) 358
(1155, 519) 359
(1155, 518) 360
(1154, 518) 361
(1154, 517) 362
(1154, 517) 363
(1154, 516) 364
(1146, 516) 365
(1139, 515) 366
(1140, 515) 367
(1142, 515) 368
(1143, 514) 369
(1143, 514) 370
(1144, 514) 371
(1145, 514) 372
(1145, 513) 373
(1145, 513) 374
(1146, 513) 375
(1146, 513) 376
(1147, 514) 377
(1147, 514) 378
(1147, 515) 379
(1146, 515) 380
(1145, 516) 381
(1144, 516) 382
(1142, 517) 383
(1143, 517) 384
(1145, 518) 385
(1145, 519) 386
(1145, 519) 387
(1139, 519) 388
(1137, 519) 389
(1135, 519) 390
(1134, 519) 391
(1126, 519) 392
(1113, 518) 393
(1100, 517) 394
(1087, 515) 395
(1075, 515) 396
(1065, 514) 397
(1056, 513) 398
(1048, 512) 399
(1047, 512) 400
(1046, 512) 401
(1045, 512) 402
(1045, 511) 403
(1045, 511) 404
(1038, 511) 405
(1038, 511) 406
(1040, 510) 407
(1041, 510) 408
(1043, 509) 409
(1044, 509) 410
(1045, 508) 411
(1046, 508) 412
(1047, 508) 413
(1048, 507) 414
(1049, 507) 415
(1049, 506) 416
(1050, 506) 417
(1051, 506) 418
(1051, 505) 419
(1051, 505) 420
(1052, 505) 421
(1052, 504) 422
(1053, 504) 423
(1053, 504) 424
(1053, 503) 425
(1058, 504) 426
(1056, 504) 427
(1055, 505) 428
(1046, 506) 429
(1035, 508) 430
(1029, 508) 431
(1024, 509) 432
(1019, 510) 433
(1019, 511) 434
(1019, 511) 435
(1020, 512) 436
(1020, 512) 437
(1021, 513) 438
(1022, 514) 439
(1481, 501) 373
(1481, 501) 374
(1480, 499) 375
(1479, 498) 376
(1476, 496) 377
(1474, 494) 378
(1472, 492) 379
(1471, 491) 380
(1471, 490) 381
(1475, 488) 382
(1478, 487) 383
(1481, 485) 384
(1482, 484) 385
(1483, 482) 386
(1485, 480) 387
(1486, 478) 388
(1487, 477) 389
(1489, 475) 390
(1491, 474) 391
(1492, 473) 392
(1492, 473) 393
(1495, 471) 394
(1494, 470) 395
(1489, 471) 396
(1483, 471) 397
(1479, 471) 398
(1475, 470) 399
(1472, 470) 400
(1468, 470) 401
(1465, 470) 402
(1466, 469) 403
(1470, 469) 404
(1475, 468) 405
(1478, 468) 406
(1480, 467) 407
(1482, 466) 408
(1483, 465) 409
(1485, 465) 410
(1486, 465) 411
(1487, 465) 412
(1488, 465) 413
(1489, 465) 414
(1490, 465) 415
(1490, 465) 416
(1491, 465) 417
(1491, 465) 418
(1492, 465) 419
(1492, 465) 420
(1493, 465) 421
(1493, 465) 422
(1494, 465) 423
(1494, 464) 424
(1495, 463) 425
(1495, 463) 426
(1495, 463) 427
(1495, 462) 428
(1496, 462) 429
(1498, 461) 430
(1499, 460) 431
(1501, 459) 432
(1502, 458) 433
(1505, 458) 434
(1506, 457) 435
(1507, 456) 436
(1508, 456) 437
(1507, 456) 438
(1505, 456) 439
(1503, 456) 440
(1504, 456) 441
(1505, 456) 442
(1505, 455) 443
(1506, 455) 444
(1506, 455) 445
(1506, 455) 446
(1506, 455) 447
(1506, 454) 448
(1507, 454) 449
(1507, 454) 450
(1507, 454) 451
(1507, 454) 452
(1507, 453) 453
(1507, 453) 454
(1507, 453) 455
(1503, 452) 456
(1498, 451) 457
(1492, 451) 458
(1493, 449) 459
(1494, 448) 460
(1494, 447) 461
(1495, 446) 462
(1496, 445) 463
(1496, 444) 464
(1497, 443) 465
(1498, 443) 466
(1498, 442) 467
(1498, 441) 468
(1498, 440) 469
(1499, 439) 470
(1499, 439) 471
(1499, 438) 472
(1499, 437) 473
(1503, 435) 474
(1506, 433) 475
(1509, 431) 476
(1512, 429) 477
(1514, 428) 478
(1517, 426) 479
(1519, 424) 480
(1522, 422) 481
(1528, 420) 482
(1532, 418) 483
(1534, 417) 484
(1535, 415) 485
(131, 433) 373
(131, 433) 374
(132, 433) 375
(133, 434) 376
(134, 434) 377
(135, 435) 378
(135, 435) 379
(136, 436) 380
(137, 437) 381
(138, 438) 382
(138, 438) 383
(139, 439) 384
(139, 440) 385
(142, 440) 386
(140, 441) 387
(138, 441) 388
(136, 442) 389
(134, 442) 390
(132, 443) 391
(130, 443) 392
(127, 444) 393
(123, 444) 394
(119, 445) 395
(117, 445) 396
(114, 445) 397
(111, 446) 398
(111, 446) 399
(109, 447) 400
(106, 448) 401
(102, 448) 402
(98, 449) 403
(92, 450) 404
(88, 451) 405
(82, 452) 406
(74, 453) 407
(66, 454) 408
(58, 455) 409
(56, 455) 410
(55, 456) 411
(54, 457) 412
(53, 457) 413
(52, 458) 414
(52, 459) 415
(51, 459) 416
(50, 460) 417
(50, 461) 418
(49, 461) 419
(49, 462) 420
(48, 462) 421
(48, 463) 422
(48, 463) 423
(47, 464) 424
(47, 465) 425
(47, 465) 426
(48, 465) 427
(52, 466) 428
(56, 467) 429
(57, 467) 430
(63, 467) 431
(69, 467) 432
(74, 467) 433
(78, 467) 434
(82, 466) 435
(82, 465) 436
(85, 465) 437
(88, 464) 438
(92, 464) 439
(94, 464) 440
(96, 463) 441
(98, 463) 442
(101, 462) 443
(105, 462) 444
(109, 462) 445
(113, 462) 446
(115, 462) 447
(117, 462) 448
(119, 461) 449
(121, 461) 450
(123, 461) 451
(124, 461) 452
(126, 460) 453
(128, 460) 454
(130, 459) 455
(132, 459) 456
(132, 459) 457
(130, 459) 458
(127, 459) 459
(127, 459) 460
(127, 460) 461
(127, 460) 462
(125, 461) 463
(124, 461) 464
(123, 461) 465
(121, 461) 466
(118, 461) 467
(111, 461) 468
(108, 461) 469
(106, 460) 470
(103, 460) 471
(103, 460) 472
(104, 460) 473
(104, 460) 474
(104, 460) 475
(104, 460) 476
(104, 460) 477
(103, 460) 478
(102, 461) 479
(100, 461) 480
(99, 462) 481
(102, 462) 482
(107, 462) 483
(115, 462) 484
(118, 462) 485
(120, 462) 486
(121, 461) 487
(123, 461) 488
(124, 461) 489
(125, 460) 490
(126, 460) 491
(127, 459) 492
(127, 459) 493
(128, 458) 494
(129, 458) 495
(129, 457) 496
(130, 457) 497
(130, 457) 498
(131, 456) 499
(131, 456) 500
(131, 456) 501
(132, 455) 502
(131, 455) 503
(131, 455) 504
(131, 455) 505
(131, 455) 506
(130, 455) 507
(130, 456) 508
(130, 456) 509
(129, 456) 510
(128, 456) 511
(127, 456) 512
(120, 455) 513
(112, 455) 514
(106, 454) 515
(100, 453) 516
(95, 453) 517
(89, 452) 518
(84, 451) 519
(79, 451) 520
(323, 467) 387
(323, 467) 388
(324, 467) 389
(332, 467) 390
(338, 467) 391
(345, 466) 392
(350, 466) 393
(355, 466) 394
(359, 465) 395
(363, 466) 396
(367, 466) 397
(368, 467) 398
(368, 468) 399
(367, 469) 400
(365, 470) 401
(364, 471) 402
(362, 471) 403
(362, 473) 404
(363, 474) 405
(365, 475) 406
(366, 476) 407
(366, 477) 408
(362, 478) 409
(361, 479) 410
(360, 481) 411
(360, 482) 412
(359, 484) 413
(352, 485) 414
(346, 486) 415
(341, 487) 416
(335, 488) 417
(331, 489) 418
(327, 490) 419
(323, 491) 420
(321, 493) 421
(318, 494) 422
(316, 495) 423
(314, 496) 424
(312, 497) 425
(311, 497) 426
(309, 497) 427
(307, 497) 428
(300, 497) 429
(293, 496) 430
(288, 496) 431
(288, 496) 432
(289, 497) 433
(290, 497) 434
(291, 497) 435
(292, 497) 436
(292, 497) 437
(292, 498) 438
(291, 499) 439
(290, 500) 440
(290, 502) 441
(289, 503) 442
(288, 504) 443
(288, 505) 444
(287, 506) 445
(286, 507) 446
(286, 508) 447
(286, 509) 448
(286, 509) 449
(287, 510) 450
(288, 511) 451
(289, 511) 452
(289, 512) 453
(290, 513) 454
(290, 513) 455
(291, 514) 456
(291, 515) 457
(291, 515) 458
(289, 516) 459
(287, 516) 460
(285, 516) 461
(284, 517) 462
(282, 517) 463
(281, 518) 464
(280, 518) 465
(279, 518) 466
(278, 519) 467
(274, 518) 468
(272, 517) 469
(272, 516) 470
(273, 515) 471
(274, 514) 472
(276, 514) 473
(277, 513) 474
(278, 513) 475
(278, 512) 476
(279, 511) 477
(280, 511) 478
(280, 510) 479
(281, 510) 480
(282, 509) 481
(282, 509) 482
(284, 510) 483
(285, 511) 484
(285, 511) 485
(285, 511) 486
(285, 511) 487
(284, 511) 488
(284, 510) 489
(284, 510) 490
(284, 510) 491
(284, 510) 492
(284, 510) 493
(284, 510) 494
(283, 510) 495
(283, 510) 496
(283, 510) 497
(283, 510) 498
(283, 510) 499
(283, 510) 500
(283, 510) 501
(283, 510) 502
(284, 510) 503
(286, 511) 504
(287, 512) 505
(289, 513) 506
(290, 514) 507
(291, 515) 508
(291, 515) 509
(292, 516) 510
(293, 517) 511
(292, 518) 512
(292, 518) 513
(292, 519) 514
(293, 519) 515
(295, 519) 516
(303, 519) 517
(304, 520) 518
(305, 521) 519
(306, 521) 520
(307, 522) 521
(308, 523) 522
(310, 523) 523
(318, 524) 524
(327, 524) 525
(335, 525) 526
(342, 525) 527
(348, 525) 528
(353, 526) 529
(358, 526) 530
(363, 526) 531
(367, 527) 532
(371, 527) 533
(374, 527) 534
(377, 528) 535
(379, 528) 536
(382, 528) 537
(384, 529) 538
(386, 529) 539
(388, 529) 540
(389, 530) 541
(391, 530) 542
(392, 530) 543
(393, 530) 544
(398, 530) 545
(400, 529) 546
(402, 529) 547
(403, 529) 548
(402, 529) 549
(402, 529) 550
(398, 529) 551
(397, 529) 552
(396, 528) 553
(394, 528) 554
(393, 528) 555
(391, 529) 556
(389, 529) 557
(388, 530) 558
(386, 531) 559
(385, 531) 560
(385, 532) 561
(384, 533) 562
(383, 533) 563
(382, 534) 564
(383, 534) 565
(385, 535) 566
(384, 535) 567
(382, 535) 568
(380, 535) 569
(378, 535) 570
(375, 535) 571
(1101, 501) 471
(1102, 501) 472
(1106, 501) 473
(1110, 503) 474
(1114, 504) 475
(1121, 505) 476
(1126, 506) 477
(1130, 506) 478
(1134, 506) 479
(1138, 507) 480
(1142, 509) 481
(1139, 509) 482
(1132, 509) 483
(1125, 509) 484
(1120, 509) 485
(1121, 508) 486
(1121, 507) 487
(1122, 506) 488
(1123, 505) 489
(1124, 504) 490
(1124, 503) 491
(1125, 502) 492
(1125, 501) 493
(1125, 501) 494
(1125, 500) 495
(1127, 500) 496
(1128, 500) 497
(1129, 499) 498
(1129, 498) 499
(1130, 498) 500
(1129, 497) 501
(1130, 497) 502
(1130, 496) 503
(1131, 496) 504
(1132, 496) 505
(1134, 495) 506
(1136, 495) 507
(1137, 495) 508
(1137, 495) 509
(1134, 495) 510
(1132, 494) 511
(1126, 494) 512
(1125, 493) 513
(1122, 493) 514
(1119, 493) 515
(1117, 492) 516
(1115, 492) 517
(1115, 491) 518
(1114, 491) 519
(1116, 490) 520
(1117, 490) 521
(1118, 489) 522
(1119, 489) 523
(1122, 489) 524
(1122, 488) 525
(1125, 488) 526
(1128, 488) 527
(1133, 487) 528
(1133, 488) 529
(1136, 488) 530
(1136, 488) 531
(1136, 487) 532
(1137, 487) 533
(1138, 487) 534
(1139, 487) 535
(1140, 487) 536
(1141, 487) 537
(1142, 487) 538
(1142, 487) 539
(1143, 488) 540
(1143, 488) 541
(1144, 488) 542
(1144, 488) 543
(1148, 488) 544
(1150, 488) 545
(1152, 488) 546
(1152, 488) 547
(1157, 489) 548
(1159, 489) 549
(1165, 490) 550
(1163, 490) 551
(1162, 490) 552
(1159, 490) 553
(1160, 490) 554
(1161, 490) 555
(1168, 491) 556
(1174, 491) 557
(1179, 492) 558
(1184, 492) 559
(1188, 493) 560
(1192, 493) 561
(1196, 493) 562
(1199, 494) 563
(1202, 494) 564
(1204, 495) 565
(1207, 495) 566
(1209, 496) 567
(1211, 496) 568
(1220, 497) 569
(1228, 497) 570
(1236, 498) 571
(1243, 499) 572
(1250, 499) 573
(1255, 500) 574
(1260, 501) 575
(1265, 502) 576
(1269, 502) 577
(1273, 503) 578
(1276, 504) 579
(1280, 504) 580
(1282, 505) 581
(1285, 506) 582
(1287, 506) 583
(1288, 507) 584
(1289, 507) 585
(1290, 509) 586
(1290, 512) 587
(1291, 512) 588
(1291, 513) 589
(1292, 513) 590
(1293, 514) 591
(1294, 514) 592
(1294, 514) 593
(1295, 515) 594
(1296, 515) 595
(1296, 516) 596
(1297, 515) 597
(1299, 514) 598
(1300, 514) 599
(1301, 513) 600
(1302, 512) 601
(1303, 512) 602
(1304, 511) 603
(1305, 510) 604
(1306, 509) 605
(1307, 509) 606
(1307, 508) 607
(1308, 508) 608
(1309, 509) 609
(1310, 509) 610
(1311, 510) 611
(1312, 510) 612
(1312, 510) 613
(1312, 509) 614
(1313, 509) 615
(1563, 454) 551
(1563, 454) 552
(1560, 454) 553
(1559, 455) 554
(1557, 455) 555
(1552, 455) 556
(1548, 453) 557
(1544, 452) 558
(1541, 450) 559
(1535, 450) 560
(1530, 450) 561
(1525, 449) 562
(1521, 449) 563
(1516, 450) 564
(1513, 450) 565
(1510, 451) 566
(1506, 453) 567
(1504, 453) 568
(1501, 454) 569
(1490, 455) 570
(1487, 457) 571
(1485, 458) 572
(1483, 459) 573
(1481, 461) 574
(1479, 462) 575
(1477, 463) 576
(1476, 464) 577
(1475, 465) 578
(1473, 467) 579
(1472, 468) 580
(1472, 469) 581
(1471, 470) 582
(1470, 471) 583
(1469, 472) 584
(1469, 473) 585
(1469, 474) 586
(1472, 473) 587
(1475, 473) 588
(1483, 473) 589
(1490, 473) 590
(1493, 473) 591
(1497, 473) 592
(1501, 473) 593
(1503, 474) 594
(1503, 475) 595
(1504, 476) 596
(1504, 476) 597
(1503, 478) 598
(1503, 478) 599
(1502, 480) 600
(1500, 481) 601
(1496, 482) 602
(1491, 484) 603
(1486, 485) 604
(1485, 487) 605
(1484, 488) 606
(1483, 489) 607
(1482, 489) 608
(1479, 490) 609
(1476, 491) 610
(1473, 491) 611
(1471, 492) 612
(1471, 492) 613
(1471, 493) 614
(1470, 493) 615
(1468, 494) 616
(1463, 494) 617
(1916, 435) 552
(1916, 435) 553
(1916, 435) 554
(1916, 435) 555
(1916, 435) 556
(1917, 435) 557
(1917, 435) 558
(1916, 435) 559
(1915, 435) 560
(1914, 435) 561
(1913, 435) 562
(1912, 435) 563
(1911, 435) 564
(1911, 434) 565
(1913, 435) 566
(1916, 435) 567
(1918, 435) 568
(1917, 435) 569
(1910, 436) 570
(1903, 437) 571
(1897, 438) 572
(1892, 439) 573
(1887, 439) 574
(1884, 439) 575
(1882, 439) 576
(1880, 439) 577
(1878, 438) 578
(1876, 438) 579
(1875, 438) 580
(1873, 438) 581
(1872, 438) 582
(1871, 437) 583
(1869, 437) 584
(1868, 437) 585
(1869, 438) 586
(1871, 437) 587
(1873, 437) 588
(1875, 437) 589
(1878, 437) 590
(1881, 437) 591
(1883, 437) 592
(1885, 437) 593
(1887, 437) 594
(1889, 437) 595
(1891, 437) 596
(1891, 437) 597
(1889, 436) 598
(1887, 435) 599
(1885, 434) 600
(1883, 433) 601
(1880, 432) 602
(1878, 430) 603
(1876, 429) 604
(1875, 428) 605
(1873, 426) 606
(1865, 426) 607
(1851, 426) 608
(1842, 426) 609
(1834, 425) 610
(1827, 425) 611
(1818, 425) 612
(1812, 424) 613
(1804, 424) 614
(1798, 425) 615
(1792, 425) 616
(1785, 425) 617
(1779, 425) 618
(1774, 426) 619
(1769, 426) 620
(1764, 426) 621
(1760, 426) 622
(1758, 428) 623
(1757, 430) 624
(1755, 431) 625
(1754, 433) 626
(1753, 435) 627
(1751, 436) 628
(1750, 438) 629
(1750, 439) 630
(1749, 441) 631
(1748, 442) 632
(1746, 444) 633
(1744, 447) 634
(1742, 449) 635
(1741, 451) 636
(1740, 452) 637
(1740, 453) 638
(1738, 454) 639
(1737, 456) 640
(1736, 457) 641
(1735, 458) 642
(1734, 459) 643
(1732, 461) 644
(1729, 462) 645
(1726, 463) 646
(1724, 464) 647
(1721, 465) 648
(1717, 466) 649
(1714, 467) 650
(1711, 467) 651
(1708, 468) 652
(1705, 468) 653
(1702, 469) 654
(1705, 469) 655
(1710, 468) 656
(1714, 467) 657
(1718, 466) 658
(1722, 465) 659
(1726, 463) 660
(1729, 461) 661
(1731, 458) 662
(1739, 457) 663
(1747, 456) 664
(1754, 456) 665
(1754, 455) 666
(1755, 455) 667
(1752, 454) 668
(1752, 454) 669
(1752, 454) 670
(1753, 454) 671
(1753, 454) 672
(1753, 453) 673
(1753, 453) 674
(1754, 453) 675
(1754, 453) 676
(1753, 453) 677
(1751, 454) 678
(1749, 454) 679
(1747, 454) 680
(1745, 455) 681
(1744, 455) 682
(1738, 456) 683
(1733, 457) 684
(1728, 459) 685
(1726, 461) 686
(1722, 462) 687
(1719, 464) 688
(1716, 465) 689
(1713, 467) 690
(1711, 468) 691
(1709, 470) 692
(1705, 471) 693
(1703, 472) 694
(1701, 474) 695
(1699, 475) 696
(1696, 476) 697
(1685, 477) 698
(1677, 478) 699
(1670, 478) 700
(1664, 479) 701
(1658, 480) 702
(1652, 480) 703
(1648, 481) 704
(1643, 481) 705
(1640, 482) 706
(1636, 483) 707
(1633, 483) 708
(1630, 484) 709
(1628, 484) 710
(1619, 484) 711
(1613, 485) 712
(1606, 485) 713
(1604, 485) 714
(1603, 484) 715
(1595, 485) 716
(1589, 485) 717
(1583, 486) 718
(1578, 487) 719
(1573, 487) 720
(1569, 488) 721
(1565, 489) 722
(1561, 489) 723
(1558, 490) 724
(1555, 490) 725
(1554, 490) 726
(1545, 490) 727
(1535, 490) 728
(1527, 489) 729
(1520, 488) 730
(1514, 488) 731
(1508, 487) 732
(1508, 487) 733
(1507, 486) 734
(1508, 486) 735
(1509, 485) 736
(1511, 485) 737
(1511, 485) 738
(1510, 484) 739
(1511, 483) 740
(1513, 483) 741
(1515, 482) 742
(1517, 481) 743
(1519, 482) 744
(1522, 483) 745
(1522, 484) 746
(1520, 485) 747
(1515, 485) 748
(1511, 486) 749
(1507, 487) 750
(1503, 487) 751
(1500, 488) 752
(1498, 488) 753
(1495, 489) 754
(1493, 490) 755
(1491, 490) 756
(1489, 491) 757
(1487, 491) 758
(1487, 491) 759
(1487, 490) 760
(1487, 489) 761
(1487, 488) 762
(1487, 487) 763
(1487, 486) 764
(1488, 485) 765
(1488, 484) 766
(1488, 483) 767
(1487, 483) 768
(1486, 483) 769
(1485, 483) 770
(1485, 484) 771
(1486, 484) 772
(1487, 485) 773
(1487, 486) 774
(1487, 486) 775
(1486, 486) 776
(1487, 486) 777
(1487, 486) 778
(1488, 486) 779
(1488, 486) 780
(1492, 484) 781
(1495, 483) 782
(1498, 482) 783
(1500, 480) 784
(1500, 480) 785
(1499, 481) 786
(1498, 482) 787
(1497, 483) 788
(1496, 484) 789
(1497, 486) 790
(1061, 503) 588
(1060, 503) 589
(1060, 503) 590
(1060, 502) 591
(1060, 502) 592
(1061, 503) 593
(1066, 503) 594
(1070, 504) 595
(1081, 504) 596
(1090, 505) 597
(1097, 506) 598
(1104, 507) 599
(1110, 508) 600
(1116, 509) 601
(1118, 509) 602
(1120, 509) 603
(1124, 509) 604
(1133, 509) 605
(1141, 510) 606
(1147, 511) 607
(1152, 512) 608
(1154, 513) 609
(1154, 513) 610
(1153, 513) 611
(1152, 513) 612
(1152, 514) 613
(1151, 514) 614
(1150, 514) 615
(1150, 514) 616
(1149, 514) 617
(1149, 514) 618
(1149, 514) 619
(1149, 514) 620
(1150, 513) 621
(1150, 513) 622
(1150, 513) 623
(1151, 513) 624
(1151, 512) 625
(1151, 512) 626
(1151, 512) 627
(1152, 512) 628
(1152, 512) 629
(1153, 512) 630
(1157, 513) 631
(1159, 513) 632
(1161, 513) 633
(1159, 513) 634
(1158, 513) 635
(1156, 513) 636
(1155, 514) 637
(1156, 514) 638
(1155, 514) 639
(1156, 515) 640
(1156, 515) 641
(1157, 516) 642
(1159, 517) 643
(1160, 518) 644
(1162, 519) 645
(1163, 519) 646
(1165, 520) 647
(1166, 521) 648
(1167, 522) 649
(1168, 523) 650
(1169, 523) 651
(1168, 524) 652
(1164, 525) 653
(1163, 525) 654
(1162, 527) 655
(1157, 528) 656
(1149, 528) 657
(1145, 529) 658
(1145, 530) 659
(1146, 532) 660
(1148, 534) 661
(1150, 536) 662
(1150, 537) 663
(1149, 538) 664
(1148, 539) 665
(1147, 541) 666
(1146, 542) 667
(1146, 543) 668
(1148, 544) 669
(1151, 544) 670
(1154, 545) 671
(1154, 546) 672
(1153, 546) 673
(1150, 547) 674
(1148, 548) 675
(1146, 549) 676
(1144, 549) 677
(1143, 550) 678
(1145, 549) 679
(1147, 549) 680
(1148, 548) 681
(1149, 548) 682
(325, 545) 592
(325, 545) 593
(325, 545) 594
(325, 545) 595
(324, 545) 596
(324, 545) 597
(323, 545) 598
(322, 545) 599
(321, 546) 600
(319, 546) 601
(313, 545) 602
(305, 544) 603
(298, 542) 604
(292, 541) 605
(287, 540) 606
(283, 539) 607
(279, 539) 608
(276, 538) 609
(274, 537) 610
(272, 536) 611
(270, 536) 612
(268, 535) 613
(264, 535) 614
(260, 535) 615
(257, 534) 616
(258, 534) 617
(259, 534) 618
(259, 534) 619
(260, 535) 620
(261, 535) 621
(261, 535) 622
(261, 535) 623
(262, 535) 624
(262, 535) 625
(263, 535) 626
(263, 535) 627
(263, 535) 628
(263, 535) 629
(264, 535) 630
(264, 535) 631
(264, 535) 632
(262, 534) 633
(261, 533) 634
(260, 532) 635
(252, 531) 636
(245, 530) 637
(238, 530) 638
(232, 530) 639
(227, 530) 640
(222, 530) 641
(215, 530) 642
(209, 530) 643
(203, 530) 644
(202, 530) 645
(200, 530) 646
(197, 530) 647
(194, 530) 648
(191, 530) 649
(189, 530) 650
(188, 529) 651
(187, 529) 652
(185, 528) 653
(183, 528) 654
(181, 527) 655
(177, 526) 656
(166, 525) 657
(155, 525) 658
(144, 524) 659
(130, 523) 660
(117, 521) 661
(98, 520) 662
(81, 518) 663
(66, 516) 664
(52, 514) 665
(40, 513) 666
(34, 511) 667
(28, 508) 668
(23, 506) 669
(18, 504) 670
(14, 502) 671
(14, 501) 672
(1931, 499) 673
(1928, 497) 674
(1925, 495) 675
(1922, 493) 676
(1920, 491) 677
(1918, 490) 678
(1916, 488) 679
(1914, 486) 680
(1912, 485) 681
(1911, 483) 682
(1910, 483) 683
(1910, 482) 684
(1911, 482) 685
(1912, 481) 686
(1912, 480) 687
(1913, 480) 688
(1914, 479) 689
(1914, 479) 690
(1915, 478) 691
(1916, 478) 692
(1916, 477) 693
(1916, 476) 694
(1917, 476) 695
(1917, 475) 696
(1917, 475) 697
(1918, 475) 698
(1918, 475) 699
(705, 571) 608
(710, 570) 609
(713, 569) 610
(712, 569) 611
(711, 569) 612
(709, 569) 613
(708, 569) 614
(707, 569) 615
(707, 569) 616
(706, 569) 617
(706, 569) 618
(706, 570) 619
(705, 570) 620
(705, 570) 621
(705, 570) 622
(705, 570) 623
(705, 570) 624
(704, 570) 625
(704, 570) 626
(704, 570) 627
(704, 570) 628
(704, 571) 629
(704, 571) 630
(704, 571) 631
(704, 571) 632
(706, 570) 633
(709, 569) 634
(711, 569) 635
(713, 568) 636
(714, 567) 637
(717, 566) 638
(720, 565) 639
(721, 564) 640
(721, 564) 641
(716, 563) 642
(710, 563) 643
(701, 563) 644
(692, 564) 645
(684, 564) 646
(683, 563) 647
(683, 563) 648
(681, 562) 649
(680, 561) 650
(681, 560) 651
(682, 559) 652
(683, 558) 653
(683, 557) 654
(677, 556) 655
(673, 556) 656
(667, 555) 657
(661, 555) 658
(655, 554) 659
(649, 554) 660
(636, 553) 661
(623, 551) 662
(611, 549) 663
(599, 548) 664
(588, 546) 665
(578, 544) 666
(573, 544) 667
(569, 543) 668
(565, 542) 669
(562, 541) 670
(559, 540) 671
(556, 539) 672
(554, 538) 673
(551, 537) 674
(549, 537) 675
(548, 536) 676
(546, 535) 677
(545, 534) 678
(543, 534) 679
(542, 533) 680
(541, 532) 681
(540, 532) 682
(533, 532) 683
(532, 531) 684
(529, 531) 685
(525, 531) 686
(513, 532) 687
(503, 533) 688
(494, 534) 689
(485, 534) 690
(478, 535) 691
(471, 536) 692
(465, 537) 693
(460, 537) 694
(455, 538) 695
(450, 539) 696
(446, 539) 697
(443, 540) 698
(436, 540) 699
(429, 541) 700
(423, 541) 701
(418, 542) 702
(413, 542) 703
(409, 543) 704
(405, 543) 705
(402, 544) 706
(399, 544) 707
(396, 544) 708
(394, 545) 709
(391, 545) 710
(393, 545) 711
(395, 545) 712
(397, 545) 713
(399, 545) 714
(401, 545) 715
(403, 545) 716
(404, 545) 717
(405, 545) 718
(410, 546) 719
(414, 546) 720
(419, 546) 721
(423, 546) 722
(430, 544) 723
(436, 543) 724
(442, 541) 725
(447, 540) 726
(452, 538) 727
(456, 537) 728
(460, 536) 729
(464, 534) 730
(467, 533) 731
(470, 532) 732
(473, 531) 733
(475, 529) 734
(482, 529) 735
(482, 529) 736
(482, 528) 737
(476, 528) 738
(470, 527) 739
(464, 527) 740
(458, 527) 741
(453, 526) 742
(448, 526) 743
(443, 525) 744
(439, 525) 745
(434, 525) 746
(428, 526) 747
(425, 525) 748
(416, 525) 749
(408, 525) 750
(401, 525) 751
(395, 525) 752
(389, 524) 753
(378, 525) 754
(368, 526) 755
(358, 527) 756
(351, 527) 757
(343, 528) 758
(335, 528) 759
(328, 528) 760
(329, 529) 761
(330, 530) 762
(330, 530) 763
(329, 531) 764
(328, 531) 765
(328, 531) 766
(328, 532) 767
(333, 532) 768
(338, 532) 769
(342, 532) 770
(346, 532) 771
(349, 532) 772
(352, 532) 773
(355, 532) 774
(355, 532) 775
(353, 532) 776
(349, 532) 777
(345, 532) 778
(342, 532) 779
(339, 531) 780
(336, 531) 781
(334, 531) 782
(332, 531) 783
(326, 531) 784
(321, 531) 785
(317, 531) 786
(314, 531) 787
(310, 531) 788
(307, 532) 789
(303, 532) 790
(1255, 517) 636
(1263, 516) 637
(1269, 516) 638
(1275, 515) 639
(1282, 515) 640
(1287, 515) 641
(1292, 514) 642
(1294, 514) 643
(1294, 514) 644
(1293, 515) 645
(1290, 515) 646
(1287, 515) 647
(1284, 516) 648
(1282, 516) 649
(1281, 516) 650
(1281, 516) 651
(1282, 517) 652
(1284, 517) 653
(1285, 517) 654
(1286, 518) 655
(1288, 518) 656
(1289, 518) 657
(1293, 519) 658
(1297, 519) 659
(1301, 520) 660
(1313, 520) 661
(1323, 521) 662
(1333, 522) 663
(1347, 522) 664
(1361, 522) 665
(1373, 522) 666
(1383, 522) 667
(1393, 522) 668
(1407, 523) 669
(1419, 523) 670
(1430, 524) 671
(1439, 525) 672
(1447, 525) 673
(1448, 525) 674
(1448, 526) 675
(1442, 526) 676
(1435, 526) 677
(1426, 526) 678
(1418, 527) 679
(1404, 526) 680
(1393, 526) 681
(1382, 525) 682
(1364, 525) 683
(1348, 525) 684
(1333, 525) 685
(1319, 524) 686
(1306, 524) 687
(1292, 524) 688
(1278, 524) 689
(1265, 524) 690
(1254, 523) 691
(1243, 523) 692
(1236, 523) 693
(1229, 523) 694
(1222, 523) 695
(1217, 523) 696
(1213, 522) 697
(1211, 522) 698
(1206, 522) 699
(1202, 522) 700
(1199, 521) 701
(1196, 522) 702
(1194, 522) 703
(1192, 522) 704
(1190, 521) 705
(1188, 521) 706
(1187, 521) 707
(1184, 520) 708
(1181, 519) 709
(1180, 518) 710
(1182, 517) 711
(1180, 517) 712
(1175, 517) 713
(1164, 516) 714
(1155, 515) 715
(1148, 515) 716
(1146, 513) 717
(1147, 512) 718
(1147, 511) 719
(1147, 511) 720
(1147, 510) 721
(1146, 510) 722
(1146, 509) 723
(1145, 508) 724
(1142, 507) 725
(1139, 505) 726
(1138, 504) 727
(1137, 502) 728
(1134, 502) 729
(1132, 501) 730
(1124, 501) 731
(1124, 500) 732
(1124, 499) 733
(1124, 498) 734
(1124, 498) 735
(1124, 497) 736
(1124, 497) 737
(1124, 496) 738
(1124, 496) 739
(1122, 496) 740
(1123, 496) 741
(1124, 496) 742
(1124, 496) 743
(1125, 496) 744
(1126, 496) 745
(1121, 496) 746
(1117, 496) 747
(1117, 497) 748
(1116, 497) 749
(1115, 496) 750
(1111, 496) 751
(1107, 496) 752
(1104, 496) 753
(1101, 496) 754
(1098, 496) 755
(1096, 495) 756
(1096, 495) 757
(1099, 496) 758
(1109, 495) 759
(1115, 495) 760
(1122, 495) 761
(1129, 495) 762
(1134, 495) 763
(1139, 495) 764
(1145, 494) 765
(1150, 494) 766
(1155, 494) 767
(1153, 494) 768
(1152, 494) 769
(1147, 493) 770
(1141, 494) 771
(1140, 493) 772
(1138, 493) 773
(1138, 493) 774
(1138, 493) 775
(1138, 494) 776
(1137, 493) 777
(1137, 493) 778
(1135, 493) 779
(1133, 492) 780
(1132, 491) 781
(1131, 490) 782
(1129, 490) 783
(1129, 490) 784
(1123, 491) 785
(1124, 491) 786
(1124, 491) 787
(1117, 491) 788
(1112, 490) 789
(1108, 490) 790
(888, 486) 643
(890, 486) 644
(889, 486) 645
(892, 486) 646
(896, 486) 647
(900, 486) 648
(903, 486) 649
(904, 486) 650
(906, 486) 651
(907, 486) 652
(908, 486) 653
(915, 486) 654
(919, 486) 655
(923, 486) 656
(927, 486) 657
(930, 487) 658
(933, 487) 659
(937, 487) 660
(941, 487) 661
(938, 487) 662
(935, 487) 663
(931, 487) 664
(928, 487) 665
(925, 486) 666
(921, 486) 667
(920, 486) 668
(918, 486) 669
(916, 486) 670
(914, 486) 671
(911, 486) 672
(901, 485) 673
(890, 485) 674
(881, 485) 675
(872, 484) 676
(863, 484) 677
(855, 484) 678
(849, 484) 679
(842, 483) 680
(837, 483) 681
(832, 483) 682
(825, 483) 683
(819, 483) 684
(813, 483) 685
(808, 483) 686
(804, 484) 687
(800, 484) 688
(796, 485) 689
(793, 485) 690
(790, 485) 691
(788, 486) 692
(786, 486) 693
(784, 486) 694
(782, 487) 695
(780, 487) 696
(779, 487) 697
(777, 488) 698
(771, 489) 699
(765, 491) 700
(760, 492) 701
(756, 493) 702
(752, 495) 703
(748, 496) 704
(745, 497) 705
(742, 499) 706
(739, 500) 707
(737, 501) 708
(735, 502) 709
(733, 503) 710
(730, 504) 711
(728, 506) 712
(726, 507) 713
(725, 508) 714
(723, 509) 715
(722, 510) 716
(721, 511) 717
(721, 512) 718
(727, 513) 719
(729, 515) 720
(736, 516) 721
