(480, 586) 49
(480, 586) 50
(480, 586) 51
(485, 585) 52
(485, 584) 53
(484, 583) 54
(484, 583) 55
(484, 582) 56
(486, 580) 57
(491, 579) 58
(490, 578) 59
(490, 577) 60
(492, 576) 61
(494, 575) 62
(503, 574) 63
(510, 574) 64
(516, 573) 65
(521, 573) 66
(529, 573) 67
(535, 573) 68
(541, 573) 69
(545, 572) 70
(547, 572) 71
(554, 572) 72
(561, 572) 73
(566, 571) 74
(572, 571) 75
(578, 571) 76
(582, 571) 77
(587, 571) 78
(594, 571) 79
(598, 572) 80
(600, 572) 81
(603, 572) 82
(606, 572) 83
(610, 572) 84
(614, 572) 85
(618, 573) 86
(625, 573) 87
(630, 574) 88
(634, 574) 89
(636, 574) 90
(638, 575) 91
(640, 575) 92
(642, 575) 93
(645, 575) 94
(642, 575) 95
(644, 575) 96
(646, 575) 97
(646, 575) 98
(646, 575) 99
(645, 575) 100
(646, 574) 101
(650, 574) 102
(653, 574) 103
(656, 573) 104
(661, 573) 105
(661, 573) 106
(660, 572) 107
(660, 572) 108
(663, 571) 109
(665, 570) 110
(666, 570) 111
(667, 569) 112
(668, 568) 113
(674, 567) 114
(679, 565) 115
(679, 564) 116
(677, 563) 117
(676, 562) 118
(675, 562) 119
(673, 561) 120
(673, 560) 121
(673, 559) 122
(673, 558) 123
(674, 558) 124
(676, 557) 125
(675, 556) 126
(675, 556) 127
(676, 555) 128
(676, 554) 129
(677, 554) 130
(676, 553) 131
(676, 552) 132
(674, 551) 133
(674, 550) 134
(676, 550) 135
(678, 549) 136
(677, 548) 137
(677, 548) 138
(677, 547) 139
(684, 546) 140
(686, 546) 141
(688, 545) 142
(689, 545) 143
(689, 545) 144
(687, 544) 145
(680, 542) 146
(679, 542) 147
(677, 541) 148
(677, 541) 149
(676, 540) 150
(675, 540) 151
(675, 539) 152
(675, 539) 153
(672, 538) 154
(669, 538) 155
(670, 538) 156
(673, 537) 157
(676, 537) 158
(673, 537) 159
(669, 537) 160
(663, 537) 161
(659, 537) 162
(656, 537) 163
(652, 537) 164
(649, 537) 165
(647, 537) 166
(647, 536) 167
(645, 535) 168
(639, 535) 169
(637, 535) 170
(635, 534) 171
(636, 534) 172
(636, 534) 173
(638, 534) 174
(640, 534) 175
(641, 535) 176
(643, 535) 177
(649, 534) 178
(653, 533) 179
(654, 533) 180
(654, 532) 181
(654, 532) 182
(654, 531) 183
(653, 530) 184
(654, 531) 185
(648, 530) 186
(647, 530) 187
(646, 530) 188
(646, 531) 189
(643, 530) 190
(643, 530) 191
(643, 530) 192
(643, 531) 193
(642, 531) 194
(642, 532) 195
(642, 532) 196
(639, 532) 197
(636, 532) 198
(636, 532) 199
(636, 532) 200
(636, 531) 201
(636, 531) 202
(637, 531) 203
(638, 531) 204
(640, 530) 205
(639, 530) 206
(639, 529) 207
(639, 528) 208
(639, 527) 209
(639, 527) 210
(642, 526) 211
(648, 525) 212
(656, 525) 213
(665, 524) 214
(673, 524) 215
(681, 524) 216
(688, 524) 217
(694, 523) 218
(699, 523) 219
(704, 523) 220
(709, 523) 221
(709, 522) 222
(712, 522) 223
(716, 522) 224
(724, 522) 225
(731, 522) 226
(737, 523) 227
(743, 523) 228
(748, 523) 229
(748, 523) 230
(748, 522) 231
(746, 521) 232
(743, 520) 233
(739, 519) 234
(735, 518) 235
(735, 517) 236
(735, 515) 237
(729, 515) 238
(723, 515) 239
(722, 514) 240
(720, 512) 241
(716, 512) 242
(715, 511) 243
(715, 509) 244
(707, 509) 245
(701, 509) 246
(699, 508) 247
(699, 508) 248
(695, 507) 249
(692, 506) 250
(692, 506) 251
(692, 506) 252
(693, 506) 253
(696, 506) 254
(697, 506) 255
(697, 507) 256
(697, 507) 257
(697, 507) 258
(704, 507) 259
(710, 507) 260
(716, 506) 261
(721, 506) 262
(718, 506) 263
(719, 506) 264
(718, 507) 265
(723, 507) 266
(726, 507) 267
(731, 508) 268
(734, 508) 269
(741, 508) 270
(749, 509) 271
(756, 510) 272
(763, 510) 273
(771, 510) 274
(777, 511) 275
(783, 511) 276
(788, 511) 277
(793, 511) 278
(797, 512) 279
(801, 512) 280
(804, 512) 281
(808, 513) 282
(810, 513) 283
(813, 513) 284
(815, 513) 285
(817, 514) 286
(819, 514) 287
(818, 514) 288
(816, 514) 289
(815, 513) 290
(814, 513) 291
(813, 513) 292
(812, 513) 293
(811, 513) 294
(811, 513) 295
(810, 513) 296
(810, 513) 297
(809, 513) 298
(809, 512) 299
(808, 512) 300
(808, 512) 301
(807, 512) 302
(807, 512) 303
(803, 513) 304
(1329, 502) 51
(1328, 500) 52
(1328, 499) 53
(1329, 499) 54
(1332, 498) 55
(1335, 497) 56
(1336, 497) 57
(1340, 495) 58
(1343, 495) 59
(1347, 494) 60
(1350, 493) 61
(1360, 492) 62
(1369, 491) 63
(1378, 490) 64
(1385, 489) 65
(1391, 489) 66
(1397, 488) 67
(1402, 487) 68
(1408, 486) 69
(1414, 485) 70
(1419, 484) 71
(1431, 483) 72
(1441, 482) 73
(1450, 481) 74
(1458, 480) 75
(1465, 479) 76
(1471, 478) 77
(1477, 477) 78
(1483, 476) 79
(1487, 476) 80
(1492, 475) 81
(1496, 474) 82
(1499, 473) 83
(1502, 472) 84
(1505, 472) 85
(1508, 471) 86
(1510, 470) 87
(1512, 469) 88
(1518, 468) 89
(1524, 466) 90
(1529, 464) 91
(1535, 461) 92
(1541, 458) 93
(1547, 456) 94
(1552, 453) 95
(1556, 450) 96
(1560, 448) 97
(1564, 445) 98
(1567, 443) 99
(1570, 440) 100
(1573, 438) 101
(1574, 436) 102
(1576, 434) 103
(1577, 432) 104
(1579, 430) 105
(1580, 428) 106
(1581, 426) 107
(1582, 424) 108
(1583, 423) 109
(1583, 421) 110
(1587, 421) 111
(1591, 420) 112
(1595, 420) 113
(1598, 419) 114
(1601, 418) 115
(1603, 419) 116
(1606, 422) 117
(1609, 424) 118
(1611, 427) 119
(861, 487) 72
(861, 486) 73
(861, 486) 74
(859, 485) 75
(859, 484) 76
(858, 483) 77
(857, 481) 78
(858, 480) 79
(858, 478) 80
(858, 475) 81
(854, 474) 82
(849, 474) 83
(845, 475) 84
(841, 475) 85
(837, 475) 86
(834, 475) 87
(831, 475) 88
(828, 475) 89
(826, 476) 90
(824, 476) 91
(822, 476) 92
(820, 476) 93
(819, 476) 94
(817, 476) 95
(816, 477) 96
(815, 477) 97
(814, 477) 98
(814, 478) 99
(815, 478) 100
(816, 479) 101
(817, 479) 102
(817, 480) 103
(816, 482) 104
(815, 484) 105
(814, 486) 106
(813, 488) 107
(811, 490) 108
(811, 493) 109
(816, 497) 110
(822, 500) 111
(830, 504) 112
(838, 509) 113
(845, 513) 114
(855, 518) 115
(864, 524) 116
(869, 528) 117
(874, 533) 118
(879, 537) 119
(883, 542) 120
(887, 546) 121
(890, 550) 122
(893, 554) 123
(896, 558) 124
(898, 562) 125
(901, 566) 126
(903, 570) 127
(904, 574) 128
(906, 577) 129
(907, 581) 130
(909, 584) 131
(910, 588) 132
(911, 591) 133
(912, 594) 134
(913, 598) 135
(914, 601) 136
(920, 604) 137
(923, 607) 138
(925, 610) 139
(934, 612) 140
(942, 615) 141
(949, 617) 142
(955, 619) 143
(952, 622) 144
(950, 624) 145
(949, 627) 146
(947, 629) 147
(946, 631) 148
(945, 633) 149
(945, 635) 150
(950, 637) 151
(952, 638) 152
(953, 639) 153
(955, 640) 154
(965, 642) 155
(969, 644) 156
(972, 646) 157
(975, 648) 158
(978, 649) 159
(981, 651) 160
(980, 653) 161
(978, 655) 162
(974, 657) 163
(971, 658) 164
(968, 660) 165
(964, 661) 166
(959, 662) 167
(951, 664) 168
(946, 665) 169
(936, 666) 170
(928, 666) 171
(920, 667) 172
(919, 669) 173
(915, 670) 174
(914, 671) 175
(911, 673) 176
(907, 675) 177
(908, 677) 178
(908, 679) 179
(905, 680) 180
(899, 681) 181
(893, 681) 182
(888, 681) 183
(882, 683) 184
(876, 685) 185
(871, 687) 186
(866, 689) 187
(862, 691) 188
(858, 692) 189
(854, 694) 190
(851, 696) 191
(848, 698) 192
(846, 700) 193
(843, 701) 194
(841, 703) 195
(839, 705) 196
(838, 706) 197
(843, 707) 198
(1242, 540) 74
(1243, 540) 75
(1243, 540) 76
(1240, 541) 77
(1240, 541) 78
(1240, 542) 79
(1240, 542) 80
(1242, 543) 81
(1243, 543) 82
(1245, 543) 83
(1246, 543) 84
(1247, 543) 85
(1247, 543) 86
(1243, 543) 87
(1239, 542) 88
(1237, 542) 89
(1234, 541) 90
(1232, 540) 91
(1231, 540) 92
(1232, 540) 93
(1234, 539) 94
(1238, 539) 95
(1244, 537) 96
(1248, 536) 97
(1252, 535) 98
(1256, 534) 99
(1263, 533) 100
(1270, 532) 101
(1276, 531) 102
(1281, 530) 103
(1285, 530) 104
(1290, 529) 105
(1298, 527) 106
(1305, 526) 107
(1311, 524) 108
(1316, 522) 109
(1322, 522) 110
(1331, 521) 111
(1340, 520) 112
(1346, 518) 113
(1351, 517) 114
(1356, 516) 115
(1361, 514) 116
(1365, 513) 117
(1369, 512) 118
(1373, 510) 119
(1376, 509) 120
(1375, 508) 121
(1374, 506) 122
(1373, 506) 123
(1372, 506) 124
(1373, 506) 125
(1374, 506) 126
(1375, 506) 127
(1375, 506) 128
(1376, 505) 129
(1376, 505) 130
(1377, 505) 131
(1377, 505) 132
(1378, 505) 133
(1378, 505) 134
(1378, 504) 135
(1378, 504) 136
(1379, 504) 137
(1379, 504) 138
(1379, 504) 139
(1379, 504) 140
(1379, 504) 141
(1376, 505) 142
(1373, 506) 143
(1371, 507) 144
(1371, 508) 145
(1371, 507) 146
(1376, 505) 147
(1378, 504) 148
(902, 706) 104
(902, 706) 105
(902, 706) 106
(910, 706) 107
(917, 706) 108
(920, 706) 109
(923, 707) 110
(933, 707) 111
(943, 707) 112
(951, 707) 113
(959, 707) 114
(965, 707) 115
(971, 707) 116
(977, 707) 117
(982, 707) 118
(980, 706) 119
(980, 705) 120
(981, 704) 121
(982, 704) 122
(988, 703) 123
(997, 702) 124
(1002, 702) 125
(1007, 701) 126
(1011, 701) 127
(1015, 702) 128
(1017, 702) 129
(1020, 703) 130
(1022, 703) 131
(1024, 704) 132
(1026, 704) 133
(1027, 705) 134
(1029, 705) 135
(1029, 706) 136
(1028, 707) 137
(1028, 707) 138
(1034, 707) 139
(1040, 707) 140
(1046, 707) 141
(1053, 706) 142
(1061, 705) 143
(1068, 704) 144
(1074, 703) 145
(1084, 701) 146
(1097, 697) 147
(1109, 694) 148
(1119, 690) 149
(1129, 686) 150
(1137, 682) 151
(1144, 678) 152
(1150, 672) 153
(1154, 667) 154
(1158, 662) 155
(1161, 657) 156
(1165, 651) 157
(1167, 646) 158
(1168, 640) 159
(1170, 634) 160
(1171, 629) 161
(1173, 624) 162
(1174, 619) 163
(1175, 614) 164
(1176, 609) 165
(1176, 604) 166
(1177, 599) 167
(1178, 594) 168
(1179, 590) 169
(1179, 585) 170
(1180, 581) 171
(1179, 577) 172
(1179, 574) 173
(1179, 571) 174
(1178, 568) 175
(1179, 565) 176
(1180, 562) 177
(1181, 559) 178
(1180, 556) 179
(1180, 553) 180
(1179, 551) 181
(1179, 548) 182
(1178, 545) 183
(1178, 543) 184
(1177, 541) 185
(1177, 538) 186
(1176, 536) 187
(1176, 534) 188
(1176, 531) 189
(1176, 529) 190
(1175, 527) 191
(1176, 525) 192
(1180, 522) 193
(1182, 518) 194
(27, 515) 110
(29, 515) 111
(28, 515) 112
(25, 514) 113
(24, 514) 114
(24, 514) 115
(24, 514) 116
(27, 513) 117
(33, 513) 118
(41, 513) 119
(50, 513) 120
(58, 513) 121
(66, 512) 122
(73, 510) 123
(79, 508) 124
(85, 505) 125
(90, 503) 126
(94, 500) 127
(97, 497) 128
(100, 494) 129
(103, 491) 130
(102, 488) 131
(99, 485) 132
(94, 482) 133
(91, 479) 134
(83, 477) 135
(77, 474) 136
(70, 471) 137
(62, 468) 138
(49, 464) 139
(35, 461) 140
(22, 457) 141
(21, 453) 142
(1937, 450) 143
(1926, 446) 144
(1916, 443) 145
(1910, 441) 146
(1905, 439) 147
(1896, 438) 148
(1889, 438) 149
(1882, 437) 150
(1876, 437) 151
(1878, 436) 152
(1880, 435) 153
(1882, 434) 154
(1884, 434) 155
(1885, 433) 156
(1885, 431) 157
(1885, 429) 158
(1887, 427) 159
(1886, 426) 160
(1885, 423) 161
(1885, 420) 162
(1886, 419) 163
(1889, 417) 164
(1889, 417) 165
(1890, 417) 166
(1891, 417) 167
(1891, 416) 168
(1891, 418) 169
(1889, 418) 170
(1884, 418) 171
(1878, 418) 172
(1867, 419) 173
(1857, 421) 174
(1848, 422) 175
(1839, 424) 176
(1832, 425) 177
(1825, 426) 178
(1818, 428) 179
(1813, 429) 180
(1807, 430) 181
(1803, 432) 182
(1799, 433) 183
(1792, 434) 184
(1784, 436) 185
(1776, 438) 186
(1767, 439) 187
(1762, 441) 188
(1759, 441) 189
(1759, 442) 190
(1758, 442) 191
(1757, 441) 192
(1756, 441) 193
(1755, 440) 194
(1755, 439) 195
(1754, 439) 196
(1754, 437) 197
(1756, 435) 198
(1762, 433) 199
(1152, 516) 113
(1152, 516) 114
(1152, 516) 115
(1146, 516) 116
(1142, 516) 117
(1136, 516) 118
(1130, 516) 119
(1125, 516) 120
(1116, 518) 121
(1108, 519) 122
(1101, 521) 123
(1095, 522) 124
(1089, 524) 125
(1084, 525) 126
(1079, 527) 127
(1074, 527) 128
(1069, 527) 129
(1065, 528) 130
(1061, 528) 131
(1056, 528) 132
(1052, 528) 133
(1049, 529) 134
(1046, 529) 135
(1043, 529) 136
(1041, 529) 137
(1038, 529) 138
(1036, 529) 139
(1034, 530) 140
(1033, 529) 141
(1023, 527) 142
(1009, 526) 143
(994, 525) 144
(981, 524) 145
(970, 523) 146
(959, 522) 147
(949, 522) 148
(941, 521) 149
(933, 520) 150
(926, 519) 151
(920, 518) 152
(914, 517) 153
(902, 517) 154
(892, 517) 155
(883, 516) 156
(875, 516) 157
(867, 516) 158
(860, 516) 159
(854, 516) 160
(849, 516) 161
(844, 515) 162
(840, 515) 163
(836, 515) 164
(832, 515) 165
(829, 515) 166
(826, 515) 167
(824, 514) 168
(821, 514) 169
(819, 514) 170
(817, 514) 171
(815, 513) 172
(813, 512) 173
(805, 511) 174
(800, 510) 175
(792, 510) 176
(787, 509) 177
(1425, 221) 146
(1425, 221) 147
(1425, 221) 148
(1425, 221) 149
(1425, 221) 150
(1425, 221) 151
(1425, 221) 152
(1425, 221) 153
(1425, 221) 154
(1425, 221) 155
(1425, 221) 156
(1427, 222) 157
(1430, 224) 158
(1432, 225) 159
(1433, 226) 160
(1435, 227) 161
(1436, 228) 162
(1438, 230) 163
(1439, 231) 164
(1440, 232) 165
(1441, 233) 166
(1442, 234) 167
(1444, 236) 168
(1444, 239) 169
(1443, 242) 170
(1442, 245) 171
(1442, 248) 172
(1441, 251) 173
(1441, 253) 174
(1440, 256) 175
(1440, 259) 176
(1440, 261) 177
(1439, 264) 178
(1439, 266) 179
(1439, 269) 180
(1439, 271) 181
(1438, 273) 182
(1438, 275) 183
(1438, 278) 184
(1438, 280) 185
(1434, 281) 186
(1430, 283) 187
(1427, 284) 188
(1424, 285) 189
(1421, 287) 190
(1419, 288) 191
(1417, 289) 192
(1415, 290) 193
(1413, 291) 194
(1411, 293) 195
(1410, 294) 196
(1409, 295) 197
(1407, 296) 198
(1406, 297) 199
(1405, 298) 200
(1401, 300) 201
(1398, 303) 202
(1395, 305) 203
(1392, 307) 204
(1393, 310) 205
(1396, 312) 206
(1400, 313) 207
(1404, 315) 208
(1408, 316) 209
(1411, 318) 210
(1419, 318) 211
(1427, 319) 212
(1435, 319) 213
(1445, 319) 214
(1453, 319) 215
(1460, 319) 216
(1467, 319) 217
(1473, 319) 218
(1478, 319) 219
(1483, 319) 220
(1487, 320) 221
(1491, 320) 222
(1495, 320) 223
(1498, 320) 224
(1501, 320) 225
(1503, 320) 226
(1506, 320) 227
(1508, 320) 228
(1510, 320) 229
(1511, 320) 230
(1513, 320) 231
(1514, 320) 232
(1515, 320) 233
(1517, 321) 234
(1522, 321) 235
(1529, 322) 236
(1529, 322) 237
(1523, 321) 238
(1518, 321) 239
(1511, 321) 240
(1505, 322) 241
(1500, 322) 242
(1495, 322) 243
(1490, 322) 244
(1486, 323) 245
(1483, 323) 246
(1480, 323) 247
(1477, 324) 248
(1474, 324) 249
(1472, 324) 250
(1465, 326) 251
(1459, 327) 252
(1453, 329) 253
(1454, 330) 254
(1461, 330) 255
(1468, 331) 256
(1477, 331) 257
(1487, 331) 258
(1497, 331) 259
(1505, 331) 260
(1516, 331) 261
(1527, 331) 262
(1535, 331) 263
(1543, 331) 264
(1549, 331) 265
(1555, 331) 266
(1560, 331) 267
(1565, 332) 268
(1563, 332) 269
(1564, 332) 270
(1564, 332) 271
(1559, 332) 272
(1555, 332) 273
(1551, 332) 274
(1545, 333) 275
(1541, 333) 276
(1536, 333) 277
(1532, 333) 278
(1530, 333) 279
(1528, 333) 280
(1526, 333) 281
(1526, 333) 282
(1529, 333) 283
(1534, 333) 284
(1539, 333) 285
(1543, 334) 286
(1547, 334) 287
(1550, 334) 288
(1553, 334) 289
(1556, 334) 290
(1558, 334) 291
(1561, 334) 292
(1563, 334) 293
(1564, 335) 294
(1566, 335) 295
(1567, 335) 296
(1569, 335) 297
(1570, 335) 298
(1571, 335) 299
(1572, 335) 300
(1573, 335) 301
(1573, 335) 302
(1566, 336) 303
(1560, 337) 304
(1559, 337) 305
(1553, 339) 306
(1544, 340) 307
(1537, 341) 308
(1530, 342) 309
(1524, 343) 310
(1517, 344) 311
(1512, 346) 312
(1507, 347) 313
(1504, 348) 314
(1502, 348) 315
(1502, 349) 316
(1502, 350) 317
(1507, 350) 318
(1513, 350) 319
(1513, 350) 320
(1512, 350) 321
(1508, 350) 322
(1505, 350) 323
(1502, 351) 324
(1499, 351) 325
(1496, 351) 326
(1496, 351) 327
(1498, 351) 328
(1502, 351) 329
(1506, 351) 330
(1509, 351) 331
(1508, 352) 332
(1508, 352) 333
(1506, 352) 334
(1498, 352) 335
(1492, 353) 336
(1489, 353) 337
(1485, 353) 338
(1482, 353) 339
(1478, 353) 340
(1475, 353) 341
(1473, 353) 342
(1470, 353) 343
(1468, 353) 344
(1466, 353) 345
(1464, 353) 346
(1463, 353) 347
(1461, 353) 348
(1460, 353) 349
(1459, 353) 350
(1458, 353) 351
(1458, 353) 352
(1458, 353) 353
(1459, 353) 354
(1459, 354) 355
(1459, 355) 356
(1450, 356) 357
(1442, 358) 358
(1428, 360) 359
(1414, 361) 360
(1402, 363) 361
(1391, 364) 362
(1381, 366) 363
(1372, 367) 364
(1364, 369) 365
(1357, 370) 366
(1350, 371) 367
(1344, 373) 368
(1339, 374) 369
(1338, 374) 370
(1338, 375) 371
(1336, 375) 372
(1335, 375) 373
(1332, 376) 374
(1412, 414) 170
(1412, 414) 171
(1412, 414) 172
(1412, 414) 173
(1412, 414) 174
(1412, 414) 175
(1412, 414) 176
(1412, 414) 177
(1412, 414) 178
(1412, 414) 179
(1412, 414) 180
(1412, 414) 181
(1412, 414) 182
(1412, 414) 183
(1412, 414) 184
(1410, 414) 185
(1409, 415) 186
(1409, 414) 187
(1410, 415) 188
(1414, 415) 189
(1417, 415) 190
(1420, 417) 191
(1422, 418) 192
(1431, 419) 193
(1437, 419) 194
(1442, 420) 195
(1447, 420) 196
(1452, 421) 197
(1456, 421) 198
(1459, 421) 199
(1462, 422) 200
(1465, 422) 201
(1468, 423) 202
(1470, 423) 203
(1472, 423) 204
(1482, 424) 205
(1492, 425) 206
(1502, 425) 207
(1512, 426) 208
(1520, 427) 209
(1528, 427) 210
(1538, 428) 211
(1548, 428) 212
(1560, 428) 213
(1572, 428) 214
(1582, 428) 215
(1592, 427) 216
(1601, 427) 217
(1608, 427) 218
(1615, 426) 219
(1622, 426) 220
(1627, 426) 221
(1632, 425) 222
(1637, 425) 223
(1641, 425) 224
(1645, 425) 225
(1648, 424) 226
(1651, 424) 227
(1654, 424) 228
(1656, 424) 229
(1665, 424) 230
(1673, 424) 231
(1681, 424) 232
(1693, 425) 233
(1703, 426) 234
(1713, 427) 235
(1722, 428) 236
(1731, 429) 237
(1739, 430) 238
(1746, 431) 239
(1752, 432) 240
(1758, 433) 241
(1763, 434) 242
(1763, 436) 243
(1763, 438) 244
(1763, 439) 245
(1763, 441) 246
(1762, 443) 247
(1762, 445) 248
(1762, 446) 249
(1762, 448) 250
(1768, 449) 251
(1921, 226) 178
(1921, 226) 179
(1921, 226) 180
(1921, 225) 181
(1921, 226) 182
(1921, 226) 183
(1923, 227) 184
(1923, 229) 185
(1922, 231) 186
(1920, 233) 187
(1918, 235) 188
(1915, 237) 189
(1912, 239) 190
(1909, 241) 191
(1910, 243) 192
(1911, 245) 193
(1914, 246) 194
(1918, 248) 195
(1921, 250) 196
(1923, 252) 197
(1924, 254) 198
(9, 256) 199
(14, 259) 200
(20, 263) 201
(25, 266) 202
(30, 269) 203
(34, 272) 204
(36, 274) 205
(41, 275) 206
(46, 277) 207
(50, 279) 208
(54, 280) 209
(58, 282) 210
(54, 283) 211
(48, 285) 212
(43, 287) 213
(38, 289) 214
(33, 291) 215
(29, 293) 216
(26, 294) 217
(23, 296) 218
(20, 298) 219
(17, 300) 220
(15, 301) 221
(16, 303) 222
(17, 305) 223
(19, 307) 224
(20, 309) 225
(20, 312) 226
(20, 314) 227
(20, 317) 228
(20, 319) 229
(20, 322) 230
(20, 324) 231
(21, 326) 232
(21, 328) 233
(21, 329) 234
(21, 331) 235
(27, 332) 236
(32, 334) 237
(31, 336) 238
(31, 337) 239
(33, 339) 240
(35, 341) 241
(39, 343) 242
(38, 345) 243
(37, 346) 244
(36, 347) 245
(35, 348) 246
(34, 350) 247
(33, 351) 248
(33, 352) 249
(32, 353) 250
(30, 354) 251
(29, 355) 252
(27, 357) 253
(26, 358) 254
(118, 424) 255
(118, 424) 256
(120, 424) 257
(121, 424) 258
(124, 423) 259
(128, 422) 260
(137, 421) 261
(146, 420) 262
(156, 419) 263
(166, 417) 264
(175, 415) 265
(183, 413) 266
(192, 411) 267
(199, 410) 268
(206, 408) 269
(206, 408) 270
(206, 407) 271
(205, 407) 272
(205, 406) 273
(205, 406) 274
(205, 406) 275
(205, 405) 276
(205, 405) 277
(205, 405) 278
(205, 404) 279
(205, 404) 280
(205, 404) 281
(204, 403) 282
(204, 403) 283
(204, 403) 284
(204, 402) 285
(204, 402) 286
(204, 402) 287
(204, 401) 288
(197, 401) 289
(190, 401) 290
(184, 401) 291
(177, 400) 292
(172, 400) 293
(168, 399) 294
(165, 399) 295
(164, 399) 296
(159, 398) 297
(154, 398) 298
(150, 397) 299
(147, 397) 300
(143, 396) 301
(140, 396) 302
(137, 396) 303
(137, 396) 304
(137, 396) 305
(140, 398) 306
(143, 399) 307
(145, 398) 308
(146, 397) 309
(147, 397) 310
(147, 396) 311
(147, 395) 312
(146, 394) 313
(144, 392) 314
(143, 391) 315
(142, 389) 316
(1854, 372) 255
(1853, 373) 256
(1852, 375) 257
(1853, 376) 258
(1853, 377) 259
(1854, 378) 260
(1858, 377) 261
(1861, 377) 262
(1862, 376) 263
(1867, 376) 264
(1871, 376) 265
(1876, 375) 266
(1880, 374) 267
(1883, 374) 268
(1883, 373) 269
(1882, 372) 270
(1879, 371) 271
(1878, 370) 272
(1881, 369) 273
(1886, 368) 274
(1890, 367) 275
(1894, 366) 276
(1898, 364) 277
(1895, 362) 278
(1888, 361) 279
(1880, 360) 280
(1871, 359) 281
(1862, 357) 282
(1854, 356) 283
(1844, 353) 284
(1835, 351) 285
(1827, 349) 286
(1820, 347) 287
(1815, 345) 288
(1810, 343) 289
(1805, 341) 290
(1801, 339) 291
(1801, 336) 292
(1804, 334) 293
(1808, 331) 294
(1811, 328) 295
(1814, 325) 296
(1817, 322) 297
(1819, 320) 298
(1819, 317) 299
(1817, 314) 300
(1813, 312) 301
(1810, 309) 302
(1812, 306) 303
(1814, 303) 304
(1816, 300) 305
(1817, 297) 306
(1819, 294) 307
(1820, 292) 308
(1822, 289) 309
(1823, 286) 310
(1824, 284) 311
(1825, 281) 312
(1825, 279) 313
(1826, 276) 314
(1827, 274) 315
(1827, 271) 316
(1827, 269) 317
(1824, 268) 318
(1819, 267) 319
(1814, 268) 320
(1805, 268) 321
(1796, 269) 322
(1788, 270) 323
(1781, 271) 324
(1774, 271) 325
(1769, 272) 326
(1763, 273) 327
(1759, 273) 328
(1754, 274) 329
(1749, 274) 330
(1744, 274) 331
(1740, 274) 332
(1737, 274) 333
(1737, 273) 334
(1738, 272) 335
(1738, 270) 336
(1739, 269) 337
(1739, 268) 338
(1739, 267) 339
(1740, 266) 340
(1740, 265) 341
(1740, 263) 342
(1740, 262) 343
(1741, 261) 344
(1741, 260) 345
(1741, 259) 346
(1744, 259) 347
(1747, 258) 348
(1749, 258) 349
(1751, 257) 350
(1752, 257) 351
(1753, 256) 352
(677, 501) 275
(676, 501) 276
(676, 502) 277
(676, 502) 278
(676, 502) 279
(679, 501) 280
(682, 501) 281
(684, 501) 282
(686, 501) 283
(686, 502) 284
(685, 502) 285
(685, 502) 286
(685, 502) 287
(680, 503) 288
(680, 504) 289
(680, 505) 290
(681, 505) 291
(684, 507) 292
(684, 508) 293
(682, 508) 294
(680, 509) 295
(679, 509) 296
(677, 510) 297
(676, 510) 298
(674, 511) 299
(671, 511) 300
(669, 512) 301
(667, 512) 302
(668, 512) 303
(670, 513) 304
(669, 513) 305
(670, 513) 306
(671, 514) 307
(672, 514) 308
(671, 515) 309
(670, 515) 310
(668, 515) 311
(666, 516) 312
(663, 517) 313
(661, 517) 314
(660, 518) 315
(659, 518) 316
(658, 518) 317
(658, 519) 318
(658, 519) 319
(658, 518) 320
(657, 517) 321
(656, 518) 322
(655, 518) 323
(652, 518) 324
(650, 518) 325
(649, 518) 326
(648, 517) 327
(647, 517) 328
(648, 517) 329
(652, 517) 330
(652, 516) 331
(650, 516) 332
(647, 516) 333
(645, 516) 334
(643, 516) 335
(642, 516) 336
(642, 516) 337
(642, 516) 338
(642, 516) 339
(642, 516) 340
(640, 516) 341
(640, 517) 342
(640, 517) 343
(639, 518) 344
(638, 518) 345
(635, 518) 346
(632, 518) 347
(632, 518) 348
(631, 518) 349
(631, 518) 350
(632, 519) 351
(635, 519) 352
(638, 519) 353
(639, 519) 354
(640, 519) 355
(643, 519) 356
(645, 518) 357
(646, 518) 358
(647, 518) 359
(650, 518) 360
(653, 518) 361
(657, 517) 362
(659, 517) 363
(661, 517) 364
(660, 516) 365
(660, 516) 366
(659, 515) 367
(658, 515) 368
(658, 515) 369
(657, 515) 370
(654, 515) 371
(656, 515) 372
(658, 515) 373
(660, 516) 374
(660, 516) 375
(661, 516) 376
(659, 516) 377
(659, 516) 378
(659, 516) 379
(660, 516) 380
(662, 516) 381
(662, 515) 382
(662, 515) 383
(660, 515) 384
(659, 515) 385
(660, 516) 386
(661, 517) 387
(662, 518) 388
(662, 519) 389
(663, 520) 390
(665, 520) 391
(666, 521) 392
(12, 362) 306
(11, 362) 307
(1932, 362) 308
(1929, 362) 309
(1924, 362) 310
(1920, 362) 311
(1917, 362) 312
(1914, 362) 313
(1910, 363) 314
(1911, 362) 315
(1912, 362) 316
(1913, 362) 317
(1913, 362) 318
(1914, 362) 319
(1915, 362) 320
(1915, 362) 321
(1918, 363) 322
(1921, 364) 323
(1925, 365) 324
(1925, 366) 325
(9, 368) 326
(11, 369) 327
(13, 371) 328
(14, 373) 329
(15, 374) 330
(17, 376) 331
(18, 377) 332
(19, 379) 333
(20, 381) 334
(21, 382) 335
(21, 383) 336
(22, 385) 337
(23, 386) 338
(23, 388) 339
(24, 389) 340
(24, 390) 341
(24, 391) 342
(25, 393) 343
(25, 394) 344
(25, 395) 345
(25, 396) 346
(22, 396) 347
(19, 396) 348
(16, 396) 349
(17, 396) 350
(24, 395) 351
(23, 395) 352
(22, 396) 353
(22, 396) 354
(21, 397) 355
(20, 397) 356
(16, 398) 357
(16, 399) 358
(1928, 400) 359
(1922, 401) 360
(1915, 402) 361
(1903, 403) 362
(1897, 404) 363
(1891, 405) 364
(1886, 406) 365
(1881, 407) 366
(1877, 408) 367
(1873, 409) 368
(1870, 410) 369
(1867, 411) 370
(1864, 412) 371
(1862, 413) 372
(1862, 414) 373
(1862, 413) 374
(1865, 413) 375
(1867, 412) 376
(1868, 411) 377
(1868, 410) 378
(1867, 410) 379
(1867, 410) 380
(1866, 409) 381
(1866, 409) 382
(1866, 408) 383
(1866, 408) 384
(1866, 408) 385
(1866, 407) 386
(1866, 407) 387
(1866, 406) 388
(1867, 405) 389
(1868, 404) 390
(1870, 403) 391
(1871, 402) 392
(1872, 401) 393
(1872, 400) 394
(1873, 399) 395
(1874, 398) 396
(1875, 397) 397
(1875, 396) 398
(1876, 395) 399
(1882, 394) 400
(1888, 393) 401
(1894, 392) 402
(1899, 390) 403
(1905, 390) 404
(1912, 390) 405
(1919, 389) 406
(1919, 388) 407
(13, 387) 408
(19, 386) 409
(25, 386) 410
(28, 385) 411
(30, 383) 412
(33, 383) 413
(34, 382) 414
(34, 380) 415
(31, 380) 416
(29, 380) 417
(26, 379) 418
(24, 379) 419
(22, 379) 420
(20, 379) 421
(18, 378) 422
(16, 378) 423
(15, 378) 424
(14, 378) 425
(13, 378) 426
(14, 377) 427
(16, 376) 428
(18, 376) 429
(20, 376) 430
(21, 376) 431
(22, 375) 432
(24, 375) 433
(25, 375) 434
(27, 375) 435
(28, 375) 436
(29, 375) 437
(30, 375) 438
(31, 375) 439
(32, 375) 440
(33, 375) 441
(34, 375) 442
(39, 374) 443
(997, 280) 310
(995, 280) 311
(992, 281) 312
(984, 282) 313
(971, 283) 314
(958, 284) 315
(945, 286) 316
(933, 288) 317
(922, 289) 318
(911, 291) 319
(902, 293) 320
(893, 295) 321
(885, 296) 322
(883, 299) 323
(880, 303) 324
(877, 307) 325
(875, 311) 326
(873, 315) 327
(869, 319) 328
(866, 323) 329
(862, 326) 330
(860, 330) 331
(857, 333) 332
(855, 336) 333
(853, 339) 334
(851, 343) 335
(849, 346) 336
(848, 349) 337
(847, 352) 338
(845, 355) 339
(844, 357) 340
(843, 360) 341
(842, 363) 342
(842, 366) 343
(847, 369) 344
(854, 372) 345
(860, 375) 346
(866, 377) 347
(867, 380) 348
(868, 383) 349
(873, 386) 350
(877, 388) 351
(881, 390) 352
(886, 392) 353
(890, 394) 354
(894, 396) 355
(898, 398) 356
(901, 400) 357
(903, 402) 358
(906, 404) 359
(908, 406) 360
(910, 408) 361
(912, 410) 362
(914, 411) 363
(915, 413) 364
(917, 415) 365
(916, 416) 366
(916, 416) 367
(917, 417) 368
(917, 418) 369
(917, 419) 370
(911, 420) 371
(908, 421) 372
(906, 421) 373
(904, 422) 374
(902, 422) 375
(900, 423) 376
(895, 422) 377
(891, 422) 378
(883, 422) 379
(877, 421) 380
(871, 420) 381
(865, 419) 382
(861, 419) 383
(857, 418) 384
(851, 417) 385
(845, 416) 386
(839, 414) 387
(833, 413) 388
(827, 412) 389
(822, 411) 390
(818, 410) 391
(814, 409) 392
(811, 408) 393
(808, 407) 394
(806, 406) 395
(803, 405) 396
(803, 404) 397
(803, 404) 398
(803, 404) 399
(806, 404) 400
(808, 404) 401
(810, 404) 402
(812, 404) 403
(814, 404) 404
(815, 404) 405
(816, 404) 406
(818, 404) 407
(825, 405) 408
(830, 406) 409
(835, 407) 410
(838, 408) 411
(841, 409) 412
(844, 410) 413
(845, 411) 414
(846, 412) 415
(847, 413) 416
(848, 414) 417
(849, 415) 418
(850, 415) 419
(850, 416) 420
(851, 417) 421
(852, 419) 422
(855, 421) 423
(860, 423) 424
(865, 425) 425
(870, 426) 426
(875, 428) 427
(878, 429) 428
(882, 431) 429
(885, 432) 430
(888, 434) 431
(891, 435) 432
(893, 436) 433
(893, 438) 434
(890, 440) 435
(886, 442) 436
(890, 443) 437
(891, 445) 438
(891, 446) 439
(888, 446) 440
(885, 447) 441
(883, 447) 442
(880, 448) 443
(878, 450) 444
(879, 451) 445
(880, 451) 446
(880, 452) 447
(879, 453) 448
(878, 454) 449
(877, 456) 450
(1514, 286) 339
(1516, 286) 340
(1520, 286) 341
(1526, 287) 342
(1540, 287) 343
(1545, 288) 344
(1549, 289) 345
(1554, 290) 346
(1560, 290) 347
(1564, 290) 348
(1567, 290) 349
(1569, 291) 350
(1570, 291) 351
(1576, 291) 352
(1585, 291) 353
(1594, 291) 354
(1598, 291) 355
(1602, 291) 356
(1606, 291) 357
(1608, 291) 358
(1610, 291) 359
(1616, 291) 360
(1621, 291) 361
(1626, 292) 362
(1630, 292) 363
(1635, 294) 364
(1636, 295) 365
(1641, 296) 366
(1646, 298) 367
(1648, 299) 368
(1657, 302) 369
(1664, 304) 370
(1671, 307) 371
(1680, 308) 372
(1687, 310) 373
(1694, 312) 374
(1700, 314) 375
(1705, 315) 376
(1710, 317) 377
(1715, 319) 378
(1719, 320) 379
(1722, 322) 380
(1726, 323) 381
(1728, 325) 382
(1731, 326) 383
(1733, 328) 384
(1736, 329) 385
(1737, 331) 386
(1739, 332) 387
(1741, 333) 388
(1742, 335) 389
(1743, 336) 390
(1745, 336) 391
(1747, 337) 392
(1747, 337) 393
(1744, 338) 394
(1737, 339) 395
(1728, 340) 396
(1720, 341) 397
(1715, 340) 398
(1714, 339) 399
(1710, 337) 400
(1706, 335) 401
(1709, 333) 402
(1712, 330) 403
(1716, 328) 404
(1717, 326) 405
(1718, 325) 406
(1719, 323) 407
(1720, 322) 408
(1720, 320) 409
(1721, 319) 410
(1722, 317) 411
(1722, 316) 412
(1723, 315) 413
(1723, 313) 414
(1723, 312) 415
(1724, 311) 416
(1724, 309) 417
(1724, 308) 418
(1725, 307) 419
(1725, 306) 420
(1729, 304) 421
(1732, 303) 422
(1735, 301) 423
(1736, 299) 424
(1737, 298) 425
(1739, 297) 426
(138, 366) 378
(133, 367) 379
(129, 369) 380
(123, 369) 381
(118, 369) 382
(112, 369) 383
(106, 369) 384
(102, 370) 385
(98, 369) 386
(95, 370) 387
(92, 370) 388
(89, 370) 389
(81, 370) 390
(74, 371) 391
(68, 371) 392
(62, 371) 393
(57, 371) 394
(52, 371) 395
(48, 371) 396
(44, 371) 397
(40, 372) 398
(37, 372) 399
(35, 374) 400
(34, 375) 401
(32, 377) 402
(30, 379) 403
(28, 381) 404
(27, 383) 405
(25, 385) 406
(24, 387) 407
(23, 389) 408
(22, 390) 409
(21, 392) 410
(20, 394) 411
(19, 395) 412
(19, 397) 413
(18, 399) 414
(18, 400) 415
(17, 402) 416
(17, 403) 417
(16, 405) 418
(16, 406) 419
(16, 408) 420
(21, 410) 421
(26, 412) 422
(31, 414) 423
(36, 416) 424
(40, 419) 425
(44, 421) 426
(47, 423) 427
(50, 426) 428
(57, 427) 429
(64, 429) 430
(69, 431) 431
(70, 433) 432
(71, 435) 433
(73, 437) 434
(75, 440) 435
(76, 442) 436
(78, 445) 437
(79, 447) 438
(80, 450) 439
(87, 453) 440
(94, 456) 441
(101, 458) 442
(107, 461) 443
(112, 464) 444
(118, 466) 445
(127, 470) 446
(137, 473) 447
(147, 477) 448
(156, 481) 449
(164, 485) 450
(172, 488) 451
(180, 492) 452
(188, 496) 453
(193, 499) 454
(199, 502) 455
(204, 505) 456
(210, 508) 457
(215, 511) 458
(221, 515) 459
(226, 518) 460
(232, 521) 461
(236, 524) 462
(241, 527) 463
(245, 530) 464
(249, 533) 465
(253, 535) 466
(256, 538) 467
(259, 541) 468
(262, 543) 469
(265, 546) 470
(267, 549) 471
(269, 551) 472
(271, 553) 473
(273, 556) 474
(274, 558) 475
(276, 560) 476
(277, 562) 477
(279, 564) 478
(763, 565) 385
(763, 565) 386
(763, 565) 387
(763, 565) 388
(763, 565) 389
(763, 565) 390
(763, 565) 391
(763, 565) 392
(756, 565) 393
(749, 564) 394
(744, 565) 395
(735, 565) 396
(726, 563) 397
(718, 562) 398
(711, 561) 399
(705, 559) 400
(701, 557) 401
(696, 555) 402
(690, 554) 403
(684, 552) 404
(681, 551) 405
(676, 550) 406
(675, 548) 407
(673, 547) 408
(670, 546) 409
(669, 544) 410
(667, 543) 411
(663, 541) 412
(660, 539) 413
(655, 536) 414
(649, 534) 415
(646, 532) 416
(642, 531) 417
(640, 529) 418
(637, 527) 419
(634, 525) 420
(632, 523) 421
(634, 522) 422
(637, 521) 423
(639, 521) 424
(644, 520) 425
(648, 520) 426
(652, 520) 427
(655, 520) 428
(657, 521) 429
(659, 521) 430
(659, 520) 431
(660, 518) 432
(662, 518) 433
(662, 518) 434
(662, 518) 435
(662, 518) 436
(662, 518) 437
(662, 518) 438
(661, 518) 439
(660, 517) 440
(660, 517) 441
(660, 516) 442
(660, 516) 443
(659, 517) 444
(658, 517) 445
(656, 517) 446
(655, 517) 447
(652, 518) 448
(650, 518) 449
(649, 519) 450
(649, 519) 451
(651, 519) 452
(651, 519) 453
(651, 519) 454
(649, 519) 455
(649, 519) 456
(650, 519) 457
(650, 519) 458
(651, 519) 459
(650, 520) 460
(650, 520) 461
(651, 520) 462
(652, 520) 463
(655, 519) 464
(657, 520) 465
(658, 520) 466
(658, 520) 467
(658, 520) 468
(658, 520) 469
(658, 520) 470
(658, 520) 471
(665, 521) 472
(671, 521) 473
(669, 521) 474
(668, 522) 475
(667, 522) 476
(666, 522) 477
(665, 521) 478
(664, 521) 479
(663, 521) 480
(663, 521) 481
(663, 521) 482
(662, 521) 483
(655, 520) 484
(646, 520) 485
(638, 520) 486
(630, 520) 487
(624, 519) 488
(626, 519) 489
(627, 519) 490
(631, 519) 491
(634, 519) 492
(639, 519) 493
(642, 518) 494
(643, 517) 495
(646, 515) 496
(650, 515) 497
(650, 514) 498
(648, 513) 499
(644, 512) 500
(641, 511) 501
(637, 511) 502
(635, 510) 503
(632, 509) 504
(630, 508) 505
(628, 507) 506
(626, 506) 507
(624, 505) 508
(622, 504) 509
(621, 504) 510
(620, 503) 511
(619, 502) 512
(618, 501) 513
(616, 501) 514
(616, 501) 515
(617, 502) 516
(618, 502) 517
(619, 503) 518
(620, 503) 519
(620, 504) 520
(621, 504) 521
(621, 504) 522
(625, 504) 523
(628, 504) 524
(631, 505) 525
(634, 505) 526
(635, 505) 527
(636, 505) 528
(636, 505) 529
(636, 506) 530
(634, 507) 531
(634, 507) 532
(636, 508) 533
(640, 508) 534
(643, 509) 535
(645, 509) 536
(647, 510) 537
(649, 511) 538
(649, 511) 539
(650, 510) 540
(652, 510) 541
(654, 509) 542
(655, 509) 543
(657, 508) 544
(659, 507) 545
(664, 506) 546
(665, 506) 547
(665, 505) 548
(666, 504) 549
(671, 503) 550
(676, 502) 551
(681, 501) 552
(685, 500) 553
(689, 498) 554
(689, 497) 555
(689, 496) 556
(686, 496) 557
(682, 495) 558
(679, 495) 559
(675, 494) 560
(674, 492) 561
(672, 490) 562
(670, 488) 563
(668, 487) 564
(664, 485) 565
(660, 483) 566
(656, 481) 567
(652, 479) 568
(648, 477) 569
(649, 476) 570
(650, 474) 571
(655, 473) 572
(659, 472) 573
(662, 471) 574
(663, 472) 575
(663, 472) 576
(663, 473) 577
(660, 474) 578
(655, 476) 579
(652, 478) 580
(650, 480) 581
(648, 481) 582
(646, 483) 583
(646, 484) 584
(650, 486) 585
(650, 487) 586
(652, 488) 587
(652, 489) 588
(653, 490) 589
(654, 490) 590
(653, 491) 591
(654, 492) 592
(654, 493) 593
(654, 494) 594
(652, 494) 595
(651, 495) 596
(652, 495) 597
(651, 496) 598
(651, 496) 599
(652, 497) 600
(652, 498) 601
(651, 498) 602
(650, 498) 603
(650, 499) 604
(648, 499) 605
(649, 499) 606
(650, 500) 607
(650, 501) 608
(650, 500) 609
(649, 500) 610
(648, 500) 611
(648, 500) 612
(647, 500) 613
(647, 500) 614
(647, 500) 615
(646, 500) 616
(645, 500) 617
(645, 500) 618
(646, 500) 619
(646, 500) 620
(647, 500) 621
(648, 500) 622
(647, 500) 623
(647, 499) 624
(646, 499) 625
(645, 499) 626
(645, 498) 627
(644, 498) 628
(644, 498) 629
(646, 498) 630
(647, 498) 631
(648, 498) 632
(648, 498) 633
(648, 498) 634
(649, 498) 635
(651, 498) 636
(653, 498) 637
(654, 498) 638
(655, 498) 639
(656, 498) 640
(656, 498) 641
(657, 498) 642
(657, 497) 643
(657, 497) 644
(656, 497) 645
(655, 497) 646
(655, 497) 647
(663, 497) 648
(668, 497) 649
(675, 497) 650
(683, 498) 651
(687, 498) 652
(689, 498) 653
(687, 498) 654
(683, 498) 655
(681, 498) 656
(679, 498) 657
(678, 498) 658
(677, 498) 659
(676, 498) 660
(676, 498) 661
(676, 498) 662
(674, 498) 663
(671, 498) 664
(670, 498) 665
(670, 498) 666
(670, 499) 667
(671, 499) 668
(675, 498) 669
(675, 498) 670
(674, 498) 671
(672, 498) 672
(672, 498) 673
(673, 499) 674
(674, 499) 675
(675, 499) 676
(673, 499) 677
(671, 497) 678
(670, 497) 679
(671, 497) 680
(672, 496) 681
(672, 496) 682
(670, 495) 683
(667, 495) 684
(665, 495) 685
(663, 494) 686
(662, 495) 687
(662, 495) 688
(665, 495) 689
(664, 495) 690
(667, 496) 691
(671, 496) 692
(675, 497) 693
(680, 498) 694
(680, 497) 695
(681, 497) 696
(684, 498) 697
(685, 497) 698
(689, 497) 699
(694, 496) 700
(704, 495) 701
(715, 495) 702
(723, 494) 703
(729, 494) 704
(733, 493) 705
(736, 492) 706
(740, 491) 707
(742, 491) 708
(745, 490) 709
(747, 489) 710
(750, 488) 711
(751, 488) 712
(753, 487) 713
(755, 486) 714
(756, 486) 715
(757, 485) 716
(757, 485) 717
(752, 484) 718
(743, 483) 719
(735, 483) 720
(727, 482) 721
(720, 482) 722
(714, 481) 723
(709, 481) 724
(704, 480) 725
(699, 480) 726
(696, 479) 727
(698, 479) 728
(697, 478) 729
(697, 477) 730
(696, 476) 731
(690, 476) 732
(684, 476) 733
(678, 476) 734
(674, 476) 735
(670, 476) 736
(666, 476) 737
(663, 475) 738
(660, 475) 739
(658, 475) 740
(655, 475) 741
(653, 475) 742
(651, 475) 743
(650, 475) 744
(648, 475) 745
(647, 475) 746
(646, 475) 747
(646, 475) 748
(648, 475) 749
(652, 475) 750
(655, 475) 751
(658, 475) 752
(661, 475) 753
(664, 475) 754
(664, 475) 755
(664, 475) 756
(664, 475) 757
(663, 475) 758
(662, 474) 759
(662, 474) 760
(662, 473) 761
(662, 473) 762
(662, 473) 763
(662, 473) 764
(661, 472) 765
(661, 472) 766
(661, 472) 767
(661, 472) 768
(661, 472) 769
(661, 472) 770
(662, 471) 771
(663, 471) 772
(664, 471) 773
(665, 471) 774
(666, 471) 775
(667, 471) 776
(672, 471) 777
(672, 471) 778
(670, 471) 779
(670, 471) 780
(669, 471) 781
(669, 471) 782
(669, 471) 783
(672, 472) 784
(674, 472) 785
(677, 472) 786
(675, 473) 787
(672, 473) 788
(669, 474) 789
(667, 475) 790
(667, 475) 791
(668, 475) 792
(668, 475) 793
(668, 475) 794
(668, 475) 795
(668, 475) 796
(668, 475) 797
(667, 475) 798
(666, 475) 799
(664, 476) 800
(662, 476) 801
(661, 476) 802
(662, 476) 803
(662, 475) 804
(663, 475) 805
(663, 475) 806
(663, 475) 807
(663, 475) 808
(663, 475) 809
(663, 475) 810
(663, 475) 811
(663, 475) 812
(664, 475) 813
(664, 475) 814
(664, 474) 815
(664, 474) 816
(664, 474) 817
(665, 474) 818
(665, 474) 819
(665, 474) 820
(672, 474) 821
(671, 474) 822
(670, 474) 823
(667, 474) 824
(665, 474) 825
(664, 474) 826
(662, 474) 827
(659, 474) 828
(657, 473) 829
(655, 473) 830
(653, 473) 831
(653, 473) 832
(654, 472) 833
(662, 471) 834
(666, 471) 835
(669, 471) 836
(672, 471) 837
(671, 472) 838
(672, 471) 839
(673, 471) 840
(673, 471) 841
(672, 470) 842
(671, 470) 843
(670, 470) 844
(668, 470) 845
(667, 470) 846
(665, 470) 847
(665, 469) 848
(665, 469) 849
(664, 469) 850
(660, 469) 851
(656, 469) 852
(656, 469) 853
(656, 469) 854
(658, 468) 855
(657, 468) 856
(656, 468) 857
(656, 467) 858
(653, 466) 859
(651, 465) 860
(650, 464) 861
(650, 463) 862
(648, 462) 863
(649, 460) 864
(655, 458) 865
(656, 457) 866
(658, 456) 867
(660, 456) 868
(661, 455) 869
(662, 455) 870
(662, 455) 871
(666, 454) 872
(669, 454) 873
(674, 453) 874
(678, 453) 875
(682, 453) 876
(686, 454) 877
(688, 454) 878
(687, 455) 879
(685, 456) 880
(681, 456) 881
(678, 457) 882
(676, 457) 883
(674, 458) 884
(674, 458) 885
(674, 458) 886
(672, 459) 887
(669, 459) 888
(666, 460) 889
(664, 460) 890
(664, 461) 891
(663, 461) 892
(663, 462) 893
(663, 463) 894
(663, 464) 895
(663, 465) 896
(663, 466) 897
(669, 466) 898
(676, 466) 899
(682, 466) 900
(689, 466) 901
(695, 466) 902
(700, 467) 903
(705, 467) 904
(710, 467) 905
(714, 467) 906
(717, 467) 907
(720, 467) 908
(723, 468) 909
(726, 468) 910
(728, 468) 911
(730, 468) 912
(732, 468) 913
(734, 468) 914
(736, 468) 915
(736, 469) 916
(732, 468) 917
(724, 468) 918
(715, 468) 919
(712, 467) 920
(704, 467) 921
(697, 467) 922
(691, 467) 923
(685, 467) 924
(677, 467) 925
(674, 467) 926
(670, 468) 927
(668, 469) 928
(663, 470) 929
(662, 469) 930
(660, 469) 931
(660, 469) 932
(660, 469) 933
(659, 469) 934
(658, 470) 935
(656, 471) 936
(655, 471) 937
(652, 472) 938
(649, 472) 939
(647, 473) 940
(643, 474) 941
(639, 475) 942
(637, 475) 943
(638, 475) 944
(640, 475) 945
(641, 474) 946
(641, 474) 947
(642, 473) 948
(641, 474) 949
(643, 474) 950
(645, 474) 951
(646, 473) 952
(648, 473) 953
(648, 474) 954
(649, 474) 955
(649, 474) 956
(650, 475) 957
(651, 474) 958
(652, 474) 959
(652, 474) 960
(652, 474) 961
(653, 474) 962
(653, 474) 963
(654, 474) 964
(654, 474) 965
(654, 474) 966
(655, 474) 967
(655, 473) 968
(655, 473) 969
(655, 473) 970
(656, 473) 971
(657, 473) 972
(658, 473) 973
(661, 472) 974
(662, 472) 975
(663, 472) 976
(664, 472) 977
(664, 472) 978
(665, 472) 979
(666, 472) 980
(666, 472) 981
(666, 472) 982
(666, 472) 983
(666, 472) 984
(667, 471) 985
(667, 471) 986
(667, 471) 987
(666, 471) 988
(665, 471) 989
(666, 471) 990
(668, 471) 991
(667, 471) 992
(665, 471) 993
(660, 470) 994
(660, 470) 995
(663, 470) 996
(667, 470) 997
(670, 469) 998
(673, 469) 999
(675, 468) 1000
(677, 467) 1001
(682, 466) 1002
(686, 466) 1003
(689, 465) 1004
(694, 464) 1005
(696, 464) 1006
(698, 463) 1007
(698, 463) 1008
(697, 463) 1009
(695, 463) 1010
(697, 463) 1011
(698, 462) 1012
(701, 463) 1013
(703, 463) 1014
(708, 463) 1015
(710, 463) 1016
(714, 464) 1017
(718, 464) 1018
(721, 465) 1019
(724, 466) 1020
(724, 467) 1021
(723, 467) 1022
(719, 468) 1023
(715, 469) 1024
(710, 469) 1025
(711, 469) 1026
(711, 469) 1027
(712, 469) 1028
(714, 469) 1029
(716, 470) 1030
(719, 470) 1031
(719, 470) 1032
(649, 303) 404
(649, 303) 405
(649, 303) 406
(648, 303) 407
(642, 303) 408
(631, 304) 409
(622, 304) 410
(615, 305) 411
(608, 306) 412
(603, 306) 413
(597, 307) 414
(592, 307) 415
(588, 308) 416
(585, 308) 417
(583, 309) 418
(581, 309) 419
(579, 309) 420
(577, 310) 421
(576, 310) 422
(574, 311) 423
(574, 311) 424
(576, 311) 425
(579, 312) 426
(582, 312) 427
(585, 312) 428
(582, 312) 429
(572, 313) 430
(558, 313) 431
(544, 313) 432
(530, 314) 433
(520, 314) 434
(504, 314) 435
(488, 314) 436
(471, 315) 437
(456, 315) 438
(443, 315) 439
(430, 316) 440
(420, 316) 441
(410, 316) 442
(402, 316) 443
(398, 315) 444
(395, 314) 445
(392, 313) 446
(388, 313) 447
(384, 315) 448
(382, 317) 449
(382, 319) 450
(383, 321) 451
(385, 324) 452
(389, 326) 453
(395, 329) 454
(401, 331) 455
(406, 333) 456
(410, 336) 457
(414, 338) 458
(418, 340) 459
(421, 342) 460
(424, 344) 461
(426, 347) 462
(429, 349) 463
(431, 351) 464
(434, 354) 465
(436, 358) 466
(439, 361) 467
(441, 364) 468
(443, 368) 469
(445, 371) 470
(444, 374) 471
(444, 377) 472
(444, 380) 473
(443, 383) 474
(443, 386) 475
(442, 388) 476
(442, 391) 477
(442, 394) 478
(437, 397) 479
(433, 399) 480
(430, 402) 481
(428, 405) 482
(426, 407) 483
(424, 410) 484
(423, 412) 485
(421, 415) 486
(420, 417) 487
(419, 419) 488
(418, 422) 489
(414, 423) 490
(414, 424) 491
(414, 425) 492
(414, 425) 493
(414, 426) 494
(410, 427) 495
(406, 428) 496
(397, 430) 497
(390, 431) 498
(384, 433) 499
(378, 434) 500
(372, 436) 501
(368, 437) 502
(359, 439) 503
(351, 440) 504
(343, 442) 505
(336, 443) 506
(327, 446) 507
(321, 447) 508
(315, 448) 509
(311, 450) 510
(309, 451) 511
(1248, 714) 411
(1250, 713) 412
(1253, 712) 413
(1255, 711) 414
(1257, 710) 415
(1259, 709) 416
(1261, 708) 417
(1261, 707) 418
(1261, 705) 419
(1259, 704) 420
(1259, 702) 421
(1260, 701) 422
(1260, 699) 423
(1260, 698) 424
(1260, 697) 425
(1260, 695) 426
(1260, 694) 427
(1260, 693) 428
(1261, 691) 429
(1261, 690) 430
(1261, 689) 431
(1261, 688) 432
(1261, 687) 433
(1261, 685) 434
(1264, 685) 435
(1267, 684) 436
(1269, 683) 437
(1275, 681) 438
(1279, 679) 439
(1283, 677) 440
(1286, 675) 441
(1289, 674) 442
(1292, 672) 443
(1295, 671) 444
(1296, 670) 445
(1299, 669) 446
(1299, 668) 447
(1300, 667) 448
(1303, 666) 449
(1306, 664) 450
(1308, 662) 451
(1310, 660) 452
(1312, 658) 453
(1314, 657) 454
(1315, 655) 455
(1317, 653) 456
(1318, 652) 457
(1319, 650) 458
(1320, 648) 459
(1321, 647) 460
(1322, 645) 461
(1323, 644) 462
(1323, 642) 463
(1319, 641) 464
(1313, 640) 465
(1302, 640) 466
(1293, 640) 467
(1284, 640) 468
(1276, 640) 469
(1269, 639) 470
(1262, 639) 471
(1256, 638) 472
(1251, 638) 473
(1246, 637) 474
(1242, 637) 475
(1238, 637) 476
(1235, 636) 477
(1232, 636) 478
(1229, 635) 479
(1230, 634) 480
(1362, 505) 451
(1362, 505) 452
(1362, 505) 453
(1362, 505) 454
(1362, 505) 455
(1358, 504) 456
(1356, 504) 457
(1355, 503) 458
(1354, 503) 459
(1353, 502) 460
(1354, 502) 461
(1354, 501) 462
(1356, 500) 463
(1357, 499) 464
(1357, 498) 465
(1358, 496) 466
(1359, 494) 467
(1362, 492) 468
(1364, 491) 469
(1371, 489) 470
(1377, 486) 471
(1379, 484) 472
(1382, 481) 473
(1389, 478) 474
(1395, 475) 475
(1401, 472) 476
(1407, 469) 477
(1412, 465) 478
(1416, 462) 479
(1421, 459) 480
(1425, 456) 481
(1428, 453) 482
(1432, 450) 483
(1432, 448) 484
(1432, 448) 485
(1431, 447) 486
(1429, 447) 487
(1430, 446) 488
(1431, 445) 489
(1431, 445) 490
(1432, 444) 491
(1432, 444) 492
(1433, 443) 493
(1433, 442) 494
(1434, 442) 495
(1434, 441) 496
(1434, 441) 497
(1428, 440) 498
(1423, 439) 499
(1419, 438) 500
(1416, 437) 501
(1413, 437) 502
(1410, 436) 503
(1408, 436) 504
(1407, 435) 505
(1406, 435) 506
(1404, 434) 507
(1403, 434) 508
(1402, 434) 509
(1402, 433) 510
(1400, 433) 511
(1400, 434) 512
(1398, 434) 513
(1396, 434) 514
(1394, 434) 515
(1393, 434) 516
(1391, 435) 517
(1389, 436) 518
(1388, 438) 519
(1386, 440) 520
(1385, 441) 521
(1384, 443) 522
(1379, 444) 523
(1374, 446) 524
(1370, 447) 525
(1367, 449) 526
(1364, 450) 527
(1362, 452) 528
(1354, 452) 529
(1348, 452) 530
(1342, 452) 531
(1337, 452) 532
(1332, 452) 533
(1328, 452) 534
(1324, 452) 535
(1320, 452) 536
(1317, 452) 537
(1317, 452) 538
(1320, 452) 539
(1326, 452) 540
(1331, 452) 541
(1335, 452) 542
(1340, 452) 543
(1346, 453) 544
(1353, 455) 545
(1361, 456) 546
(1366, 458) 547
(1374, 460) 548
(1384, 463) 549
(123, 491) 512
(122, 491) 513
(120, 491) 514
(119, 492) 515
(118, 492) 516
(116, 493) 517
(115, 493) 518
(114, 494) 519
(113, 494) 520
(112, 495) 521
(111, 495) 522
(110, 496) 523
(109, 496) 524
(109, 497) 525
(108, 497) 526
(108, 498) 527
(107, 498) 528
(105, 497) 529
(103, 496) 530
(102, 494) 531
(101, 493) 532
(101, 492) 533
(101, 491) 534
(101, 490) 535
(101, 489) 536
(101, 488) 537
(101, 487) 538
(101, 486) 539
(102, 485) 540
(102, 485) 541
(102, 484) 542
(102, 483) 543
(102, 482) 544
(102, 481) 545
(102, 481) 546
(102, 480) 547
(102, 479) 548
(102, 478) 549
(111, 478) 550
(118, 477) 551
(124, 477) 552
(130, 476) 553
(136, 476) 554
(140, 475) 555
(145, 475) 556
(148, 474) 557
(152, 474) 558
(155, 473) 559
(158, 473) 560
(160, 473) 561
(163, 472) 562
(165, 472) 563
(166, 471) 564
(168, 471) 565
(168, 471) 566
(167, 469) 567
(164, 468) 568
(161, 467) 569
(153, 467) 570
(146, 466) 571
(139, 466) 572
(133, 466) 573
(127, 466) 574
(126, 467) 575
(126, 467) 576
(125, 468) 577
(124, 469) 578
(123, 469) 579
(123, 470) 580
(123, 471) 581
(129, 472) 582
(136, 473) 583
(143, 474) 584
(148, 474) 585
(154, 474) 586
(159, 473) 587
(163, 473) 588
(167, 472) 589
(171, 471) 590
(177, 470) 591
(183, 467) 592
(188, 465) 593
(194, 463) 594
(200, 461) 595
(206, 459) 596
(212, 458) 597
(217, 456) 598
(222, 454) 599
(227, 452) 600
(231, 450) 601
(234, 449) 602
(237, 447) 603
(236, 444) 604
(236, 442) 605
(235, 439) 606
(235, 437) 607
(235, 436) 608
(902, 598) 514
(910, 598) 515
(918, 598) 516
(927, 598) 517
(938, 599) 518
(948, 600) 519
(956, 600) 520
(965, 601) 521
(973, 602) 522
(980, 602) 523
(990, 603) 524
(999, 603) 525
(1006, 604) 526
(1014, 604) 527
(1022, 605) 528
(1032, 605) 529
(1043, 604) 530
(1050, 604) 531
(1056, 604) 532
(1062, 604) 533
(1067, 604) 534
(1068, 605) 535
(1070, 606) 536
(1070, 607) 537
(1069, 608) 538
(1068, 609) 539
(1066, 610) 540
(1065, 611) 541
(1064, 612) 542
(1063, 613) 543
(1062, 614) 544
(1061, 615) 545
(1061, 616) 546
(1068, 616) 547
(1072, 616) 548
(1075, 616) 549
(1084, 616) 550
(1091, 615) 551
(1100, 614) 552
(1106, 613) 553
(1110, 612) 554
(1113, 612) 555
(1119, 610) 556
(1126, 609) 557
(1132, 608) 558
(1129, 607) 559
(1127, 606) 560
(1121, 606) 561
(1112, 605) 562
(1105, 604) 563
(1102, 603) 564
(1102, 603) 565
(1098, 602) 566
(1098, 602) 567
(1098, 602) 568
(1094, 601) 569
(1085, 600) 570
(1077, 599) 571
(1077, 599) 572
(1078, 599) 573
(1081, 598) 574
(1087, 598) 575
(1091, 597) 576
(1094, 597) 577
(1095, 597) 578
(1096, 597) 579
(1097, 597) 580
(1102, 597) 581
(1106, 597) 582
(1112, 597) 583
(1123, 596) 584
(1136, 594) 585
(1148, 592) 586
(1159, 590) 587
(1176, 589) 588
(1191, 588) 589
(1205, 586) 590
(1217, 585) 591
(1228, 584) 592
(1238, 582) 593
(1247, 581) 594
(1255, 580) 595
(1262, 579) 596
(1269, 578) 597
(1275, 577) 598
(1280, 575) 599
(1285, 574) 600
(1289, 573) 601
(1293, 572) 602
(1297, 571) 603
(1297, 570) 604
(1296, 570) 605
(1292, 570) 606
(1289, 570) 607
(1286, 570) 608
(1283, 569) 609
(1281, 569) 610
(1279, 569) 611
(1277, 568) 612
(1275, 568) 613
(1273, 567) 614
(1272, 567) 615
(1271, 567) 616
(1270, 566) 617
(1268, 566) 618
(1268, 566) 619
(1267, 565) 620
(1266, 565) 621
(1265, 565) 622
(1256, 564) 623
(1916, 536) 648
(1916, 537) 649
(1917, 538) 650
(1917, 540) 651
(1918, 542) 652
(1919, 544) 653
(1920, 546) 654
(1920, 548) 655
(1921, 550) 656
(1921, 552) 657
(1922, 553) 658
(1922, 555) 659
(1923, 557) 660
(1923, 558) 661
(4, 560) 662
(4, 562) 663
(4, 563) 664
(1924, 564) 665
(1923, 564) 666
(1922, 564) 667
(1921, 563) 668
(1920, 561) 669
(1920, 559) 670
(1919, 556) 671
(1919, 554) 672
(1919, 552) 673
(1918, 549) 674
(1918, 547) 675
(1917, 544) 676
(1917, 542) 677
(1917, 540) 678
(1916, 537) 679
(1916, 535) 680
(1915, 533) 681
(1915, 531) 682
(1914, 529) 683
(1914, 527) 684
(1913, 525) 685
(1913, 523) 686
(1913, 521) 687
(1912, 519) 688
(1912, 517) 689
(1911, 514) 690
(1910, 512) 691
(1909, 510) 692
(1908, 507) 693
(1906, 504) 694
(1905, 502) 695
(1903, 499) 696
(1901, 497) 697
(1900, 494) 698
(1898, 492) 699
(1897, 489) 700
(1896, 487) 701
(1895, 485) 702
(1894, 482) 703
(1894, 480) 704
(1893, 478) 705
(1892, 476) 706
(1892, 474) 707
(1891, 472) 708
(1891, 470) 709
(1890, 468) 710
(1890, 466) 711
(1888, 465) 712
(1886, 464) 713
(1884, 463) 714
(1883, 462) 715
(1880, 461) 716
(1876, 460) 717
(1871, 459) 718
(1866, 458) 719
(1862, 456) 720
(1863, 454) 721
(1153, 534) 648
(1152, 535) 649
(1152, 536) 650
(1153, 536) 651
(1153, 537) 652
(1154, 538) 653
(1154, 539) 654
(1154, 539) 655
(1154, 540) 656
(1152, 539) 657
(1149, 539) 658
(1143, 540) 659
(1143, 540) 660
(1139, 541) 661
(1139, 542) 662
(1138, 542) 663
(1130, 542) 664
(1123, 541) 665
(1116, 541) 666
(1110, 541) 667
(1104, 541) 668
(1100, 541) 669
(1100, 541) 670
(1101, 542) 671
(1098, 542) 672
(1093, 542) 673
(1089, 542) 674
(1086, 542) 675
(1083, 542) 676
(1080, 542) 677
(1082, 542) 678
(1089, 542) 679
(1101, 542) 680
(1112, 542) 681
(1122, 542) 682
(1131, 542) 683
(1139, 542) 684
(1146, 542) 685
(1153, 542) 686
(1154, 542) 687
(1152, 541) 688
(1151, 541) 689
(1151, 540) 690
(1149, 540) 691
(1148, 539) 692
(1147, 539) 693
(1143, 539) 694
(1139, 538) 695
(1135, 538) 696
(1135, 537) 697
(1135, 536) 698
(1136, 535) 699
(1142, 535) 700
(1149, 535) 701
(1160, 534) 702
(1172, 534) 703
(1182, 533) 704
(1191, 532) 705
(1192, 532) 706
(1192, 532) 707
(1192, 533) 708
(1194, 533) 709
(1194, 532) 710
(1193, 533) 711
(1191, 533) 712
(1181, 532) 713
(1172, 532) 714
(1163, 532) 715
(1154, 532) 716
(1145, 532) 717
(1145, 533) 718
(1146, 534) 719
(1146, 535) 720
(1144, 536) 721
(1140, 537) 722
(1136, 538) 723
(1133, 539) 724
(1129, 540) 725
(1127, 541) 726
(1119, 541) 727
(1112, 540) 728
(1112, 541) 729
(1111, 542) 730
(1110, 544) 731
(1108, 545) 732
(1105, 546) 733
(1103, 547) 734
(1099, 547) 735
(1095, 548) 736
(1091, 548) 737
(1088, 548) 738
(1085, 549) 739
(1083, 549) 740
(1082, 549) 741
(1081, 550) 742
(1080, 552) 743
(1079, 554) 744
(1079, 556) 745
(1078, 558) 746
(1080, 559) 747
(1360, 478) 671
(1360, 477) 672
(1360, 477) 673
(1360, 477) 674
(1361, 477) 675
(1362, 477) 676
(1363, 476) 677
(1364, 476) 678
(1365, 476) 679
(1366, 476) 680
(1367, 476) 681
(1367, 476) 682
(1368, 475) 683
(1368, 475) 684
(1369, 475) 685
(1369, 475) 686
(1370, 475) 687
(1370, 475) 688
(1370, 475) 689
(1371, 475) 690
(1371, 474) 691
(1371, 474) 692
(1371, 474) 693
(1371, 474) 694
(1364, 475) 695
(1358, 475) 696
(1352, 476) 697
(1342, 477) 698
(1333, 477) 699
(1325, 478) 700
(1318, 479) 701
(1311, 479) 702
(1305, 480) 703
(1294, 481) 704
(1280, 481) 705
(1268, 482) 706
(1257, 483) 707
(1242, 482) 708
(1229, 482) 709
(1216, 482) 710
(1205, 482) 711
(1195, 481) 712
(1186, 481) 713
(1178, 481) 714
(1171, 481) 715
(1165, 480) 716
(1159, 480) 717
(1154, 480) 718
(1149, 480) 719
(1145, 479) 720
(1141, 479) 721
(1137, 479) 722
(1128, 480) 723
(1120, 480) 724
(1112, 480) 725
(1105, 481) 726
(1099, 482) 727
(1093, 483) 728
(1088, 484) 729
(1084, 485) 730
(1080, 486) 731
(1076, 486) 732
(1073, 487) 733
(1070, 488) 734
(1067, 489) 735
(1065, 489) 736
(1055, 490) 737
(1046, 491) 738
(1039, 492) 739
(1032, 493) 740
(1025, 494) 741
(1020, 495) 742
(1014, 496) 743
(1010, 497) 744
(1006, 498) 745
(1002, 499) 746
(999, 500) 747
(996, 500) 748
(993, 501) 749
(990, 502) 750
(990, 503) 751
(990, 503) 752
(989, 503) 753
(992, 503) 754
(1173, 529) 821
(1173, 529) 822
(1173, 529) 823
(1175, 528) 824
(1176, 527) 825
(1176, 526) 826
(1171, 527) 827
(1168, 527) 828
(1164, 527) 829
(1155, 528) 830
(1148, 529) 831
(1142, 529) 832
(1136, 530) 833
(1130, 530) 834
(1126, 530) 835
(1121, 531) 836
(1117, 531) 837
(1117, 530) 838
(1112, 530) 839
(1110, 530) 840
(1110, 532) 841
(1110, 534) 842
(1110, 536) 843
(1110, 537) 844
(1110, 539) 845
(1110, 540) 846
(1115, 542) 847
(1120, 543) 848
(1124, 543) 849
(1128, 542) 850
(1131, 542) 851
(1134, 542) 852
(1137, 542) 853
(1135, 542) 854
(1132, 542) 855
(1130, 543) 856
(1124, 543) 857
(1118, 544) 858
(1112, 546) 859
(1110, 548) 860
(1106, 550) 861
(1101, 552) 862
(1104, 554) 863
(1105, 555) 864
(1109, 555) 865
(1115, 556) 866
(1115, 556) 867
(1117, 556) 868
(1119, 556) 869
(1119, 556) 870
(1116, 556) 871
(1116, 557) 872
(1116, 557) 873
(1114, 557) 874
(1114, 558) 875
(1114, 558) 876
(1119, 558) 877
(1122, 558) 878
(1124, 558) 879
(1127, 558) 880
(1125, 558) 881
(1123, 558) 882
(1122, 558) 883
(1120, 557) 884
(1119, 557) 885
(1119, 556) 886
(1118, 556) 887
(1118, 555) 888
(1117, 555) 889
(1113, 554) 890
(1110, 554) 891
(1106, 554) 892
(1102, 554) 893
(1096, 554) 894
(1088, 552) 895
(1081, 552) 896
(1075, 551) 897
(1067, 551) 898
(1060, 550) 899
(1049, 549) 900
(1045, 549) 901
(1042, 548) 902
(1040, 548) 903
(1037, 547) 904
(1035, 547) 905
(1033, 546) 906
(1031, 546) 907
(1029, 545) 908
(1028, 545) 909
(1027, 544) 910
(1026, 544) 911
(1025, 543) 912
(1017, 543) 913
(1009, 542) 914
(1003, 541) 915
(997, 541) 916
(998, 541) 917
(1005, 541) 918
(1008, 541) 919
(1013, 541) 920
(1020, 540) 921
(1026, 540) 922
(1031, 540) 923
(1036, 540) 924
(1043, 540) 925
(1048, 540) 926
(1053, 539) 927
(1058, 538) 928
(1066, 538) 929
(1073, 537) 930
(1079, 537) 931
(1084, 536) 932
(1089, 536) 933
(1095, 535) 934
(1093, 535) 935
(1092, 534) 936
(1090, 534) 937
(1088, 534) 938
(1080, 535) 939
(1074, 535) 940
(1068, 536) 941
(1062, 537) 942
(1058, 539) 943
(1055, 541) 944
(1052, 542) 945
(1050, 544) 946
(1048, 546) 947
(1049, 547) 948
(1050, 547) 949
(1051, 548) 950
(1052, 548) 951
(1053, 549) 952
(1053, 549) 953
(1054, 550) 954
(1055, 550) 955
(1055, 551) 956
(1056, 551) 957
(1056, 552) 958
(1055, 553) 959
(1054, 555) 960
(1267, 503) 829
(1266, 502) 830
(1265, 500) 831
(1265, 499) 832
(1265, 498) 833
(1264, 497) 834
(1266, 495) 835
(1267, 493) 836
(1266, 492) 837
(1265, 490) 838
(1265, 489) 839
(1268, 486) 840
(1272, 484) 841
(1276, 482) 842
(1280, 480) 843
(1283, 478) 844
(1286, 476) 845
(1289, 474) 846
(1291, 472) 847
(1293, 470) 848
(1295, 468) 849
(1297, 466) 850
(1298, 464) 851
(1300, 463) 852
(1301, 461) 853
(1305, 459) 854
(1308, 458) 855
(1311, 456) 856
(1314, 455) 857
(1316, 453) 858
(1318, 452) 859
(1320, 451) 860
(1322, 449) 861
(1324, 448) 862
(1325, 447) 863
(1326, 445) 864
(1332, 445) 865
(1338, 445) 866
(1342, 444) 867
(1347, 444) 868
(1349, 444) 869
(1352, 443) 870
(1354, 443) 871
(1356, 442) 872
(1358, 442) 873
(1359, 442) 874
(1361, 441) 875
(1362, 441) 876
(1363, 441) 877
(1364, 440) 878
(1365, 440) 879
(1366, 440) 880
(1367, 439) 881
(1367, 439) 882
(1368, 439) 883
(1369, 438) 884
(1369, 439) 885
(1370, 439) 886
(1372, 439) 887
(1374, 438) 888
(1376, 437) 889
(1376, 436) 890
(1378, 435) 891
(1380, 434) 892
(1382, 433) 893
(1385, 432) 894
(1390, 430) 895
(1391, 429) 896
(1391, 427) 897
(1393, 426) 898
(1395, 424) 899
(1397, 423) 900
(1399, 421) 901
(1401, 419) 902
(1403, 417) 903
(1408, 415) 904
(1413, 413) 905
(1418, 412) 906
