(664, 362) 20
(664, 362) 21
(664, 362) 22
(661, 363) 23
(657, 364) 24
(654, 365) 25
(649, 366) 26
(643, 368) 27
(635, 370) 28
(629, 372) 29
(623, 373) 30
(613, 373) 31
(605, 374) 32
(597, 374) 33
(589, 375) 34
(582, 376) 35
(582, 378) 36
(583, 380) 37
(584, 382) 38
(585, 384) 39
(586, 386) 40
(587, 387) 41
(587, 389) 42
(588, 391) 43
(588, 393) 44
(583, 394) 45
(578, 394) 46
(574, 395) 47
(570, 395) 48
(566, 396) 49
(563, 397) 50
(560, 397) 51
(557, 398) 52
(555, 398) 53
(553, 399) 54
(551, 399) 55
(549, 400) 56
(548, 400) 57
(547, 402) 58
(546, 404) 59
(545, 405) 60
(545, 407) 61
(544, 408) 62
(544, 410) 63
(543, 411) 64
(543, 413) 65
(542, 414) 66
(542, 416) 67
(542, 419) 68
(549, 422) 69
(554, 426) 70
(559, 429) 71
(557, 432) 72
(548, 435) 73
(533, 438) 74
(523, 440) 75
(507, 442) 76
(495, 443) 77
(483, 444) 78
(471, 446) 79
(463, 446) 80
(451, 448) 81
(441, 449) 82
(432, 450) 83
(422, 450) 84
(418, 451) 85
(414, 451) 86
(408, 452) 87
(410, 452) 88
(415, 454) 89
(415, 454) 90
(415, 456) 91
(413, 458) 92
(403, 461) 93
(394, 463) 94
(391, 466) 95
(384, 468) 96
(377, 471) 97
(373, 474) 98
(370, 476) 99
(362, 478) 100
(355, 479) 101
(350, 480) 102
(344, 482) 103
(339, 483) 104
(337, 485) 105
(335, 486) 106
(333, 488) 107
(331, 489) 108
(331, 490) 109
(332, 491) 110
(336, 492) 111
(344, 491) 112
(346, 492) 113
(347, 493) 114
(348, 493) 115
(350, 493) 116
(351, 493) 117
(353, 493) 118
(355, 493) 119
(356, 493) 120
(359, 494) 121
(362, 493) 122
(363, 492) 123
(364, 491) 124
(364, 490) 125
(365, 489) 126
(365, 490) 127
(363, 490) 128
(361, 491) 129
(361, 491) 130
(361, 492) 131
(362, 493) 132
(362, 493) 133
(365, 495) 134
(368, 496) 135
(372, 498) 136
(371, 499) 137
(371, 499) 138
(368, 500) 139
(365, 502) 140
(363, 503) 141
(361, 504) 142
(360, 505) 143
(358, 506) 144
(358, 507) 145
(359, 509) 146
(363, 510) 147
(365, 512) 148
(368, 512) 149
(369, 513) 150
(372, 512) 151
(376, 513) 152
(378, 513) 153
(378, 512) 154
(374, 513) 155
(367, 513) 156
(361, 513) 157
(357, 514) 158
(353, 514) 159
(349, 514) 160
(346, 514) 161
(346, 512) 162
(343, 512) 163
(343, 512) 164
(343, 512) 165
(343, 512) 166
(343, 512) 167
(343, 513) 168
(343, 514) 169
(342, 515) 170
(344, 516) 171
(347, 516) 172
(347, 516) 173
(346, 516) 174
(342, 517) 175
(337, 517) 176
(340, 516) 177
(343, 516) 178
(341, 517) 179
(341, 517) 180
(340, 518) 181
(340, 519) 182
(342, 519) 183
(345, 520) 184
(347, 521) 185
(349, 521) 186
(352, 521) 187
(355, 520) 188
(358, 520) 189
(360, 519) 190
(363, 518) 191
(364, 517) 192
(365, 516) 193
(366, 515) 194
(366, 513) 195
(367, 512) 196
(367, 510) 197
(367, 510) 198
(364, 510) 199
(361, 510) 200
(358, 510) 201
(356, 510) 202
(355, 510) 203
(353, 511) 204
(353, 510) 205
(353, 510) 206
(354, 509) 207
(358, 510) 208
(362, 510) 209
(366, 510) 210
(371, 510) 211
(374, 510) 212
(377, 510) 213
(381, 510) 214
(383, 510) 215
(390, 511) 216
(393, 512) 217
(393, 514) 218
(393, 515) 219
(392, 517) 220
(390, 520) 221
(384, 522) 222
(380, 524) 223
(377, 525) 224
(375, 527) 225
(373, 528) 226
(371, 529) 227
(366, 531) 228
(363, 532) 229
(360, 533) 230
(358, 535) 231
(356, 536) 232
(352, 536) 233
(348, 537) 234
(345, 538) 235
(1151, 607) 20
(1154, 607) 21
(1158, 607) 22
(1160, 607) 23
(1164, 606) 24
(1168, 607) 25
(1173, 607) 26
(1181, 606) 27
(1181, 607) 28
(1185, 607) 29
(1197, 606) 30
(1209, 605) 31
(1220, 605) 32
(1226, 605) 33
(1232, 605) 34
(1237, 606) 35
(1241, 606) 36
(1245, 606) 37
(1256, 606) 38
(1267, 605) 39
(1276, 604) 40
(1285, 603) 41
(1292, 603) 42
(1299, 603) 43
(1307, 602) 44
(1307, 602) 45
(1312, 602) 46
(1317, 601) 47
(1323, 601) 48
(1322, 600) 49
(1323, 600) 50
(1323, 600) 51
(1324, 599) 52
(1324, 599) 53
(1326, 598) 54
(1327, 597) 55
(1328, 597) 56
(1333, 596) 57
(1337, 595) 58
(1340, 594) 59
(1341, 592) 60
(1341, 591) 61
(1339, 589) 62
(1337, 588) 63
(1336, 587) 64
(1335, 585) 65
(1335, 584) 66
(1337, 583) 67
(1343, 582) 68
(1348, 581) 69
(1353, 580) 70
(1357, 579) 71
(1361, 578) 72
(1367, 577) 73
(1371, 576) 74
(1375, 576) 75
(1379, 575) 76
(1381, 574) 77
(1381, 573) 78
(1381, 572) 79
(1379, 571) 80
(1377, 570) 81
(1377, 570) 82
(1377, 569) 83
(1378, 568) 84
(1378, 567) 85
(1381, 566) 86
(1385, 565) 87
(1388, 563) 88
(1391, 562) 89
(1394, 561) 90
(1398, 560) 91
(1401, 560) 92
(1405, 559) 93
(1411, 559) 94
(1418, 559) 95
(1424, 558) 96
(1425, 556) 97
(1426, 555) 98
(1428, 554) 99
(1431, 554) 100
(1440, 553) 101
(1448, 553) 102
(1454, 553) 103
(1455, 554) 104
(1455, 555) 105
(1455, 555) 106
(1456, 556) 107
(1456, 557) 108
(1456, 558) 109
(1456, 559) 110
(1456, 560) 111
(1456, 560) 112
(1456, 561) 113
(1456, 562) 114
(1449, 562) 115
(1447, 562) 116
(1447, 561) 117
(1446, 561) 118
(1437, 561) 119
(1435, 561) 120
(1432, 560) 121
(1428, 560) 122
(1422, 560) 123
(1417, 560) 124
(1413, 560) 125
(1407, 561) 126
(1405, 561) 127
(1400, 562) 128
(1398, 563) 129
(1396, 563) 130
(1394, 563) 131
(1392, 562) 132
(1390, 562) 133
(1390, 562) 134
(1389, 562) 135
(1389, 563) 136
(1383, 562) 137
(1379, 561) 138
(1376, 561) 139
(1374, 560) 140
(1372, 560) 141
(1371, 559) 142
(1370, 558) 143
(1369, 557) 144
(1368, 558) 145
(1366, 557) 146
(1364, 557) 147
(1362, 556) 148
(1360, 555) 149
(1358, 554) 150
(1357, 554) 151
(1356, 553) 152
(1358, 552) 153
(1360, 552) 154
(1362, 551) 155
(1366, 551) 156
(1370, 550) 157
(1373, 549) 158
(1372, 548) 159
(1374, 547) 160
(1376, 546) 161
(1378, 545) 162
(1379, 544) 163
(1378, 543) 164
(1376, 541) 165
(1376, 540) 166
(1376, 539) 167
(1377, 537) 168
(1378, 536) 169
(1378, 534) 170
(1378, 533) 171
(1377, 532) 172
(1378, 531) 173
(1379, 529) 174
(1379, 528) 175
(1382, 527) 176
(1381, 526) 177
(1380, 524) 178
(1379, 523) 179
(1378, 522) 180
(1376, 520) 181
(1375, 518) 182
(1372, 517) 183
(1372, 516) 184
(1372, 515) 185
(1372, 514) 186
(1375, 512) 187
(1375, 512) 188
(1375, 511) 189
(1372, 510) 190
(1375, 510) 191
(1373, 511) 192
(1371, 510) 193
(1369, 510) 194
(1369, 509) 195
(1371, 509) 196
(1376, 509) 197
(1380, 509) 198
(1379, 510) 199
(1379, 512) 200
(1379, 513) 201
(1379, 514) 202
(1378, 516) 203
(1378, 517) 204
(1372, 519) 205
(1372, 522) 206
(1372, 525) 207
(1375, 529) 208
(1376, 532) 209
(1377, 536) 210
(1378, 539) 211
(1379, 542) 212
(1378, 546) 213
(1378, 550) 214
(1379, 555) 215
(1380, 559) 216
(1381, 564) 217
(1381, 568) 218
(1381, 573) 219
(1380, 578) 220
(1377, 582) 221
(1375, 587) 222
(1375, 591) 223
(1375, 596) 224
(1378, 600) 225
(1380, 604) 226
(1382, 608) 227
(1383, 612) 228
(1385, 616) 229
(1390, 619) 230
(1394, 622) 231
(1398, 626) 232
(1402, 629) 233
(1408, 631) 234
(1415, 633) 235
(1420, 635) 236
(1425, 636) 237
(1430, 638) 238
(1434, 640) 239
(1437, 642) 240
(1441, 645) 241
(1445, 648) 242
(1448, 652) 243
(1451, 655) 244
(1453, 658) 245
(1456, 661) 246
(1458, 664) 247
(1466, 666) 248
(1476, 669) 249
(1482, 671) 250
(1479, 674) 251
(1476, 677) 252
(1474, 679) 253
(1465, 681) 254
(1457, 683) 255
(1454, 685) 256
(1446, 687) 257
(1439, 689) 258
(1432, 691) 259
(1432, 693) 260
(1430, 694) 261
(1427, 696) 262
(1421, 698) 263
(1416, 699) 264
(1411, 701) 265
(1413, 703) 266
(1419, 705) 267
(1425, 708) 268
(1429, 710) 269
(1434, 712) 270
(1438, 714) 271
(1441, 716) 272
(1445, 718) 273
(1448, 719) 274
(1450, 721) 275
(1452, 723) 276
(1455, 725) 277
(1456, 727) 278
(1458, 728) 279
(1460, 730) 280
(1461, 731) 281
(1462, 733) 282
(1463, 735) 283
(1468, 736) 284
(1472, 738) 285
(1475, 740) 286
(1474, 742) 287
(1471, 743) 288
(1469, 745) 289
(1467, 747) 290
(1460, 747) 291
(1453, 748) 292
(1447, 748) 293
(1441, 749) 294
(1435, 750) 295
(1437, 751) 296
(1438, 752) 297
(1437, 753) 298
(1437, 754) 299
(1436, 755) 300
(1436, 756) 301
(1436, 757) 302
(1435, 757) 303
(1434, 758) 304
(1434, 758) 305
(1433, 759) 306
(1432, 759) 307
(1432, 760) 308
(1423, 760) 309
(1407, 761) 310
(1393, 761) 311
(1380, 762) 312
(1368, 762) 313
(1357, 762) 314
(1348, 763) 315
(1340, 763) 316
(1332, 764) 317
(1325, 764) 318
(1319, 764) 319
(1320, 765) 320
(1322, 765) 321
(1323, 765) 322
(1325, 765) 323
(1326, 766) 324
(1327, 766) 325
(1328, 766) 326
(1329, 767) 327
(1329, 767) 328
(1330, 767) 329
(1331, 767) 330
(1331, 768) 331
(1332, 768) 332
(1334, 768) 333
(541, 268) 73
(541, 268) 74
(541, 268) 75
(541, 268) 76
(539, 268) 77
(538, 268) 78
(538, 268) 79
(537, 269) 80
(536, 269) 81
(529, 270) 82
(523, 271) 83
(518, 273) 84
(520, 274) 85
(523, 276) 86
(525, 277) 87
(527, 279) 88
(528, 280) 89
(530, 282) 90
(531, 283) 91
(533, 285) 92
(534, 286) 93
(535, 287) 94
(536, 289) 95
(536, 290) 96
(536, 290) 97
(536, 291) 98
(533, 291) 99
(523, 290) 100
(514, 290) 101
(504, 289) 102
(495, 289) 103
(488, 289) 104
(481, 288) 105
(480, 287) 106
(480, 286) 107
(480, 285) 108
(480, 284) 109
(480, 283) 110
(480, 282) 111
(480, 281) 112
(475, 280) 113
(470, 279) 114
(465, 279) 115
(460, 278) 116
(455, 278) 117
(450, 277) 118
(444, 276) 119
(437, 276) 120
(430, 275) 121
(424, 275) 122
(418, 275) 123
(413, 274) 124
(408, 274) 125
(404, 273) 126
(394, 274) 127
(387, 274) 128
(381, 273) 129
(375, 273) 130
(369, 273) 131
(363, 272) 132
(358, 272) 133
(354, 271) 134
(350, 271) 135
(346, 271) 136
(343, 270) 137
(343, 270) 138
(344, 270) 139
(350, 270) 140
(360, 270) 141
(370, 270) 142
(378, 269) 143
(385, 269) 144
(393, 269) 145
(402, 269) 146
(410, 269) 147
(418, 269) 148
(425, 270) 149
(426, 269) 150
(425, 269) 151
(422, 269) 152
(418, 270) 153
(415, 270) 154
(412, 270) 155
(409, 270) 156
(407, 271) 157
(409, 270) 158
(411, 269) 159
(416, 269) 160
(421, 269) 161
(425, 269) 162
(429, 269) 163
(432, 269) 164
(441, 269) 165
(449, 269) 166
(457, 269) 167
(463, 270) 168
(470, 270) 169
(475, 270) 170
(480, 271) 171
(485, 271) 172
(489, 271) 173
(492, 272) 174
(495, 272) 175
(498, 273) 176
(501, 273) 177
(503, 274) 178
(505, 274) 179
(507, 274) 180
(509, 275) 181
(510, 275) 182
(512, 276) 183
(513, 276) 184
(513, 275) 185
(513, 274) 186
(514, 273) 187
(519, 273) 188
(522, 272) 189
(526, 271) 190
(532, 271) 191
(535, 270) 192
(534, 269) 193
(531, 267) 194
(528, 266) 195
(525, 265) 196
(523, 264) 197
(521, 262) 198
(519, 261) 199
(518, 260) 200
(516, 259) 201
(515, 258) 202
(513, 257) 203
(512, 256) 204
(511, 255) 205
(508, 254) 206
(504, 253) 207
(501, 252) 208
(499, 251) 209
(496, 251) 210
(494, 250) 211
(492, 249) 212
(490, 248) 213
(488, 248) 214
(487, 247) 215
(486, 246) 216
(485, 246) 217
(484, 245) 218
(483, 244) 219
(475, 245) 220
(467, 245) 221
(459, 245) 222
(452, 245) 223
(439, 245) 224
(429, 246) 225
(423, 246) 226
(419, 247) 227
(416, 248) 228
(412, 248) 229
(409, 248) 230
(406, 248) 231
(403, 248) 232
(401, 248) 233
(399, 249) 234
(397, 249) 235
(397, 249) 236
(402, 249) 237
(408, 249) 238
(413, 251) 239
(419, 251) 240
(424, 252) 241
(425, 253) 242
(428, 255) 243
(426, 255) 244
(426, 256) 245
(425, 259) 246
(423, 260) 247
(421, 262) 248
(419, 264) 249
(418, 266) 250
(418, 269) 251
(418, 272) 252
(421, 275) 253
(420, 278) 254
(420, 281) 255
(419, 284) 256
(419, 287) 257
(419, 289) 258
(419, 290) 259
(419, 292) 260
(417, 295) 261
(415, 298) 262
(412, 302) 263
(409, 304) 264
(407, 307) 265
(406, 309) 266
(404, 312) 267
(404, 314) 268
(405, 316) 269
(406, 317) 270
(408, 318) 271
(409, 319) 272
(410, 320) 273
(411, 321) 274
(419, 322) 275
(426, 323) 276
(432, 324) 277
(437, 324) 278
(442, 325) 279
(444, 324) 280
(452, 323) 281
(460, 322) 282
(468, 321) 283
(476, 321) 284
(484, 321) 285
(494, 322) 286
(500, 323) 287
(501, 322) 288
(505, 321) 289
(510, 320) 290
(518, 320) 291
(529, 320) 292
(537, 320) 293
(540, 319) 294
(540, 318) 295
(539, 318) 296
(538, 317) 297
(538, 317) 298
(538, 316) 299
(539, 316) 300
(539, 316) 301
(538, 316) 302
(538, 316) 303
(537, 316) 304
(537, 316) 305
(537, 316) 306
(536, 316) 307
(536, 315) 308
(536, 314) 309
(531, 313) 310
(526, 312) 311
(522, 311) 312
(514, 309) 313
(509, 308) 314
(501, 307) 315
(494, 306) 316
(488, 305) 317
(480, 303) 318
(470, 303) 319
(465, 301) 320
(460, 300) 321
(456, 299) 322
(445, 298) 323
(443, 297) 324
(439, 296) 325
(438, 295) 326
(438, 295) 327
(439, 295) 328
(440, 294) 329
(440, 294) 330
(440, 294) 331
(433, 295) 332
(427, 295) 333
(423, 295) 334
(420, 296) 335
(417, 296) 336
(414, 297) 337
(411, 297) 338
(409, 298) 339
(407, 298) 340
(406, 298) 341
(404, 299) 342
(402, 299) 343
(409, 300) 344
(813, 611) 103
(806, 611) 104
(799, 611) 105
(793, 611) 106
(789, 612) 107
(786, 612) 108
(785, 612) 109
(785, 613) 110
(788, 614) 111
(793, 615) 112
(798, 617) 113
(805, 618) 114
(812, 619) 115
(819, 620) 116
(825, 621) 117
(833, 623) 118
(840, 624) 119
(848, 626) 120
(855, 628) 121
(861, 631) 122
(870, 633) 123
(879, 635) 124
(887, 637) 125
(895, 639) 126
(902, 641) 127
(909, 643) 128
(916, 644) 129
(921, 646) 130
(927, 648) 131
(931, 649) 132
(936, 651) 133
(940, 653) 134
(944, 654) 135
(948, 656) 136
(952, 657) 137
(955, 659) 138
(962, 659) 139
(968, 659) 140
(974, 658) 141
(980, 658) 142
(985, 658) 143
(987, 659) 144
(989, 660) 145
(991, 661) 146
(993, 663) 147
(995, 664) 148
(997, 665) 149
(998, 666) 150
(1000, 667) 151
(1001, 668) 152
(1002, 669) 153
(1003, 670) 154
(1004, 671) 155
(1005, 672) 156
(1005, 673) 157
(998, 674) 158
(992, 675) 159
(986, 675) 160
(981, 676) 161
(976, 677) 162
(972, 678) 163
(969, 679) 164
(965, 680) 165
(962, 681) 166
(960, 682) 167
(954, 683) 168
(949, 684) 169
(944, 685) 170
(939, 686) 171
(935, 687) 172
(931, 688) 173
(928, 689) 174
(925, 690) 175
(922, 691) 176
(920, 692) 177
(917, 693) 178
(915, 694) 179
(913, 695) 180
(912, 696) 181
(910, 697) 182
(909, 698) 183
(908, 699) 184
(907, 700) 185
(906, 701) 186
(906, 701) 187
(906, 704) 188
(907, 706) 189
(907, 709) 190
(907, 711) 191
(907, 713) 192
(906, 715) 193
(906, 718) 194
(906, 720) 195
(906, 722) 196
(906, 724) 197
(906, 726) 198
(906, 728) 199
(906, 730) 200
(906, 732) 201
(906, 734) 202
(905, 735) 203
(905, 737) 204
(902, 739) 205
(897, 740) 206
(892, 742) 207
(886, 743) 208
(881, 745) 209
(876, 746) 210
(870, 748) 211
(864, 749) 212
(859, 751) 213
(854, 752) 214
(850, 753) 215
(846, 755) 216
(843, 756) 217
(836, 758) 218
(829, 760) 219
(823, 762) 220
(817, 764) 221
(812, 766) 222
(808, 768) 223
(804, 770) 224
(801, 771) 225
(797, 773) 226
(794, 775) 227
(792, 777) 228
(790, 778) 229
(787, 780) 230
(778, 781) 231
(772, 782) 232
(767, 783) 233
(764, 784) 234
(761, 785) 235
(759, 786) 236
(759, 786) 237
(759, 787) 238
(758, 787) 239
(759, 788) 240
(759, 788) 241
(759, 789) 242
(758, 789) 243
(756, 790) 244
(761, 790) 245
(765, 791) 246
(769, 791) 247
(772, 792) 248
(777, 793) 249
(782, 793) 250
(786, 794) 251
(789, 794) 252
(792, 795) 253
(795, 795) 254
(797, 796) 255
(799, 796) 256
(801, 796) 257
(803, 797) 258
(804, 797) 259
(806, 798) 260
(807, 798) 261
(808, 798) 262
(809, 799) 263
(817, 800) 264
(821, 800) 265
(824, 801) 266
(832, 801) 267
(838, 802) 268
(844, 803) 269
(849, 803) 270
(854, 804) 271
(858, 805) 272
(862, 805) 273
(865, 806) 274
(869, 806) 275
(871, 807) 276
(869, 808) 277
(1303, 688) 184
(1303, 688) 185
(1301, 688) 186
(1300, 688) 187
(1298, 688) 188
(1296, 688) 189
(1296, 688) 190
(1302, 688) 191
(1307, 688) 192
(1314, 687) 193
(1321, 687) 194
(1327, 687) 195
(1332, 687) 196
(1337, 687) 197
(1342, 687) 198
(1346, 687) 199
(1350, 687) 200
(1354, 687) 201
(1364, 686) 202
(1373, 686) 203
(1377, 685) 204
(1381, 685) 205
(1384, 684) 206
(1387, 684) 207
(1390, 683) 208
(1392, 683) 209
(1394, 682) 210
(1396, 681) 211
(1398, 681) 212
(1400, 680) 213
(1401, 680) 214
(1405, 679) 215
(1408, 679) 216
(1409, 678) 217
(1407, 677) 218
(1405, 676) 219
(1403, 675) 220
(1399, 674) 221
(1395, 672) 222
(1394, 671) 223
(1391, 670) 224
(1389, 668) 225
(1386, 667) 226
(1384, 666) 227
(1383, 664) 228
(1381, 663) 229
(1380, 662) 230
(1377, 660) 231
(1379, 658) 232
(1380, 656) 233
(1379, 652) 234
(1378, 649) 235
(1377, 645) 236
(1377, 642) 237
(1377, 639) 238
(1375, 636) 239
(1374, 632) 240
(1374, 629) 241
(1376, 627) 242
(1380, 624) 243
(1383, 622) 244
(1384, 620) 245
(1386, 617) 246
(1390, 615) 247
(1396, 613) 248
(1395, 610) 249
(1394, 608) 250
(1394, 605) 251
(1399, 602) 252
(1402, 599) 253
(1406, 596) 254
(1405, 595) 255
(1404, 593) 256
(1404, 592) 257
(1404, 590) 258
(1404, 588) 259
(1404, 586) 260
(1404, 584) 261
(1403, 581) 262
(1406, 579) 263
(1409, 578) 264
(1412, 577) 265
(1415, 577) 266
(1423, 576) 267
(1430, 576) 268
(1438, 576) 269
(1445, 576) 270
(1451, 576) 271
(1456, 577) 272
(1461, 577) 273
(1466, 577) 274
(1470, 577) 275
(1473, 577) 276
(1484, 576) 277
(1494, 575) 278
(1502, 575) 279
(1509, 574) 280
(1515, 573) 281
(1514, 572) 282
(1512, 571) 283
(1511, 570) 284
(1509, 568) 285
(1508, 567) 286
(1507, 566) 287
(1501, 566) 288
(1495, 566) 289
(1490, 566) 290
(1486, 566) 291
(1478, 565) 292
(1471, 563) 293
(1465, 562) 294
(1458, 561) 295
(1452, 559) 296
(1448, 558) 297
(1444, 556) 298
(1439, 555) 299
(1434, 553) 300
(1429, 551) 301
(1425, 550) 302
(1422, 548) 303
(1418, 546) 304
(1418, 544) 305
(1417, 543) 306
(1416, 541) 307
(1415, 540) 308
(1415, 538) 309
(1414, 537) 310
(1414, 535) 311
(1414, 533) 312
(1413, 532) 313
(1412, 531) 314
(1411, 529) 315
(1410, 528) 316
(1408, 527) 317
(1405, 525) 318
(1403, 524) 319
(1399, 523) 320
(1395, 522) 321
(1392, 522) 322
(1389, 520) 323
(1386, 519) 324
(1384, 518) 325
(1383, 517) 326
(1383, 515) 327
(1387, 514) 328
(1389, 513) 329
(1392, 511) 330
(1394, 510) 331
(1396, 509) 332
(1397, 508) 333
(1401, 507) 334
(1401, 506) 335
(1404, 506) 336
(1407, 506) 337
(1409, 505) 338
(1413, 506) 339
(1417, 506) 340
(1421, 506) 341
(1421, 506) 342
(1420, 505) 343
(1421, 504) 344
(1422, 504) 345
(1426, 503) 346
(1430, 503) 347
(1434, 503) 348
(1437, 503) 349
(1440, 502) 350
(1443, 502) 351
(1445, 502) 352
(1448, 501) 353
(1458, 501) 354
(1465, 500) 355
(1471, 499) 356
(1476, 497) 357
(1480, 494) 358
(1484, 492) 359
(1488, 490) 360
(1492, 488) 361
(1494, 485) 362
(1496, 481) 363
(1498, 478) 364
(1498, 475) 365
(1499, 473) 366
(1499, 472) 367
(1002, 553) 202
(1002, 553) 203
(1004, 553) 204
(1004, 553) 205
(1000, 553) 206
(997, 554) 207
(1001, 554) 208
(1001, 555) 209
(1001, 556) 210
(998, 556) 211
(994, 556) 212
(989, 557) 213
(984, 557) 214
(978, 557) 215
(973, 556) 216
(967, 556) 217
(962, 556) 218
(957, 555) 219
(952, 555) 220
(950, 553) 221
(946, 551) 222
(941, 550) 223
(934, 548) 224
(930, 547) 225
(923, 545) 226
(913, 542) 227
(904, 539) 228
(897, 536) 229
(890, 533) 230
(883, 531) 231
(878, 528) 232
(873, 525) 233
(868, 523) 234
(864, 520) 235
(861, 518) 236
(857, 515) 237
(854, 513) 238
(852, 510) 239
(849, 508) 240
(847, 506) 241
(845, 504) 242
(843, 501) 243
(835, 499) 244
(829, 497) 245
(822, 495) 246
(817, 493) 247
(815, 491) 248
(815, 488) 249
(816, 486) 250
(816, 484) 251
(816, 481) 252
(816, 478) 253
(817, 475) 254
(817, 472) 255
(816, 469) 256
(814, 466) 257
(811, 463) 258
(811, 461) 259
(812, 461) 260
(814, 460) 261
(816, 459) 262
(816, 458) 263
(816, 458) 264
(816, 457) 265
(818, 457) 266
(821, 456) 267
(824, 455) 268
(827, 454) 269
(829, 454) 270
(831, 453) 271
(833, 452) 272
(834, 451) 273
(841, 452) 274
(1193, 497) 207
(1186, 497) 208
(1180, 497) 209
(1173, 496) 210
(1168, 497) 211
(1160, 496) 212
(1158, 496) 213
(1154, 497) 214
(1151, 496) 215
(1143, 495) 216
(1134, 493) 217
(1125, 490) 218
(1120, 488) 219
(1112, 487) 220
(1105, 486) 221
(1099, 484) 222
(1093, 483) 223
(1087, 482) 224
(1083, 480) 225
(1084, 480) 226
(1086, 478) 227
(1092, 478) 228
(1092, 476) 229
(1092, 475) 230
(1091, 474) 231
(1091, 473) 232
(1090, 472) 233
(1090, 470) 234
(1084, 470) 235
(1080, 470) 236
(1072, 470) 237
(1066, 471) 238
(1060, 472) 239
(1054, 472) 240
(1049, 473) 241
(1044, 473) 242
(1039, 474) 243
(1039, 474) 244
(1040, 475) 245
(1043, 476) 246
(1045, 476) 247
(1047, 477) 248
(1047, 478) 249
(1047, 479) 250
(1046, 480) 251
(1045, 481) 252
(1042, 482) 253
(1039, 482) 254
(1034, 483) 255
(1029, 484) 256
(1024, 484) 257
(1020, 485) 258
(1016, 486) 259
(1012, 486) 260
(1009, 487) 261
(1006, 488) 262
(1003, 488) 263
(1001, 489) 264
(999, 490) 265
(997, 490) 266
(995, 491) 267
(993, 491) 268
(991, 492) 269
(987, 493) 270
(980, 494) 271
(976, 494) 272
(971, 494) 273
(108, 400) 315
(108, 400) 316
(108, 399) 317
(109, 399) 318
(109, 399) 319
(108, 399) 320
(108, 399) 321
(108, 399) 322
(108, 399) 323
(108, 399) 324
(108, 399) 325
(108, 399) 326
(103, 399) 327
(99, 400) 328
(96, 400) 329
(93, 401) 330
(91, 401) 331
(89, 402) 332
(87, 403) 333
(85, 403) 334
(84, 404) 335
(82, 404) 336
(81, 405) 337
(80, 405) 338
(79, 406) 339
(78, 406) 340
(77, 407) 341
(76, 407) 342
(76, 408) 343
(75, 408) 344
(74, 408) 345
(74, 409) 346
(73, 409) 347
(73, 410) 348
(73, 409) 349
(78, 408) 350
(83, 407) 351
(81, 407) 352
(78, 407) 353
(76, 407) 354
(74, 408) 355
(71, 409) 356
(67, 410) 357
(63, 411) 358
(60, 412) 359
(57, 413) 360
(55, 414) 361
(53, 414) 362
(48, 413) 363
(44, 413) 364
(41, 413) 365
(37, 413) 366
(34, 413) 367
(30, 413) 368
(27, 414) 369
(26, 414) 370
(24, 414) 371
(22, 415) 372
(22, 416) 373
(1931, 418) 374
(1924, 419) 375
(1917, 420) 376
(1909, 421) 377
(1902, 423) 378
(1896, 424) 379
(1891, 426) 380
(1885, 427) 381
(1877, 429) 382
(1868, 430) 383
(1860, 432) 384
(1852, 434) 385
(1843, 436) 386
(1833, 437) 387
(1823, 439) 388
(1813, 441) 389
(1803, 443) 390
(1797, 444) 391
(1791, 445) 392
(1786, 445) 393
(1780, 446) 394
(1774, 447) 395
(1769, 448) 396
(1769, 450) 397
(1769, 452) 398
(1767, 452) 399
(1763, 453) 400
(1761, 453) 401
(1758, 454) 402
(1756, 454) 403
(1754, 455) 404
(1753, 455) 405
(1751, 456) 406
(1750, 456) 407
(1748, 457) 408
(1747, 457) 409
(1746, 458) 410
(1745, 458) 411
(1744, 458) 412
(1744, 459) 413
(1743, 459) 414
(1736, 460) 415
(1731, 462) 416
(1728, 463) 417
(1726, 464) 418
(1385, 459) 346
(1384, 458) 347
(1384, 458) 348
(1383, 458) 349
(1382, 458) 350
(1381, 458) 351
(1378, 458) 352
(1375, 458) 353
(1373, 458) 354
(1371, 458) 355
(1368, 458) 356
(1368, 457) 357
(1372, 457) 358
(1378, 456) 359
(1383, 456) 360
(1388, 455) 361
(1389, 455) 362
(1389, 455) 363
(1385, 455) 364
(1381, 455) 365
(1378, 455) 366
(1375, 456) 367
(1377, 455) 368
(1379, 455) 369
(1380, 455) 370
(1382, 456) 371
(1384, 456) 372
(1384, 457) 373
(1382, 457) 374
(1381, 457) 375
(1381, 458) 376
(1380, 458) 377
(1377, 458) 378
(1374, 458) 379
(1371, 458) 380
(1367, 458) 381
(1363, 458) 382
(1363, 458) 383
(1359, 458) 384
(1352, 458) 385
(1340, 459) 386
(1323, 461) 387
(1308, 462) 388
(1294, 463) 389
(1281, 464) 390
(1270, 465) 391
(1260, 466) 392
(1246, 469) 393
(1237, 471) 394
(1232, 472) 395
(1227, 473) 396
(1224, 475) 397
(1217, 476) 398
(1210, 478) 399
(1198, 480) 400
(1187, 482) 401
(1182, 484) 402
(1172, 485) 403
(1163, 487) 404
(1159, 488) 405
(1155, 489) 406
(1151, 491) 407
(1147, 492) 408
(1141, 492) 409
(1136, 492) 410
(1131, 490) 411
(1126, 488) 412
(1122, 487) 413
(1117, 485) 414
(1114, 483) 415
(1105, 481) 416
(1094, 479) 417
(1084, 476) 418
(1074, 473) 419
(1066, 471) 420
(1057, 468) 421
(1049, 465) 422
(1041, 463) 423
(1039, 460) 424
(1036, 457) 425
(1033, 454) 426
(1031, 451) 427
(1028, 448) 428
(1026, 445) 429
(1025, 442) 430
(1023, 439) 431
(1022, 437) 432
(1022, 434) 433
(1021, 431) 434
(1021, 428) 435
(1021, 425) 436
(352, 633) 371
(351, 633) 372
(351, 634) 373
(350, 634) 374
(349, 634) 375
(344, 633) 376
(339, 632) 377
(336, 632) 378
(333, 631) 379
(331, 631) 380
(325, 630) 381
(322, 629) 382
(319, 628) 383
(318, 627) 384
(317, 625) 385
(316, 622) 386
(316, 620) 387
(316, 618) 388
(320, 615) 389
(325, 612) 390
(331, 608) 391
(337, 605) 392
(342, 601) 393
(347, 597) 394
(350, 593) 395
(353, 589) 396
(352, 586) 397
(350, 584) 398
(346, 583) 399
(346, 583) 400
(341, 582) 401
(339, 581) 402
(336, 581) 403
(333, 580) 404
(331, 580) 405
(328, 579) 406
(326, 578) 407
(326, 578) 408
(325, 578) 409
(325, 577) 410
(324, 578) 411
(322, 579) 412
(321, 579) 413
(320, 580) 414
(318, 580) 415
(317, 581) 416
(318, 581) 417
(320, 581) 418
(324, 581) 419
(327, 581) 420
(328, 581) 421
(330, 580) 422
(331, 580) 423
(337, 579) 424
(336, 579) 425
(336, 579) 426
(336, 578) 427
(336, 578) 428
(336, 578) 429
(338, 577) 430
(338, 577) 431
(337, 578) 432
(334, 578) 433
(333, 577) 434
(333, 577) 435
(333, 578) 436
(332, 578) 437
(332, 578) 438
(332, 579) 439
(331, 579) 440
(331, 579) 441
(331, 579) 442
(329, 579) 443
(328, 579) 444
(327, 578) 445
(324, 578) 446
(323, 577) 447
(322, 576) 448
(319, 575) 449
(315, 574) 450
(312, 572) 451
(308, 571) 452
(303, 569) 453
(299, 568) 454
(296, 567) 455
(290, 567) 456
(286, 567) 457
(282, 567) 458
(274, 566) 459
(273, 566) 460
(273, 565) 461
(266, 564) 462
(259, 563) 463
(254, 562) 464
(251, 561) 465
(249, 560) 466
(246, 559) 467
(243, 557) 468
(241, 556) 469
(239, 555) 470
(233, 554) 471
(227, 552) 472
(221, 551) 473
(223, 550) 474
(225, 548) 475
(227, 547) 476
(234, 546) 477
(232, 545) 478
(229, 543) 479
(78, 645) 382
(78, 645) 383
(72, 645) 384
(67, 644) 385
(62, 643) 386
(56, 642) 387
(51, 642) 388
(45, 641) 389
(40, 641) 390
(35, 640) 391
(29, 640) 392
(24, 640) 393
(19, 640) 394
(19, 640) 395
(1931, 639) 396
(1923, 639) 397
(1915, 638) 398
(1906, 638) 399
(1897, 637) 400
(1889, 637) 401
(1881, 635) 402
(1877, 633) 403
(1877, 630) 404
(1878, 627) 405
(1878, 624) 406
(1877, 622) 407
(1875, 620) 408
(1872, 618) 409
(1873, 618) 410
(1873, 618) 411
(1874, 618) 412
(1874, 618) 413
(1873, 617) 414
(1872, 617) 415
(1871, 617) 416
(1870, 616) 417
(1869, 616) 418
(1865, 615) 419
(1863, 614) 420
(1860, 612) 421
(1856, 610) 422
(1853, 608) 423
(1849, 607) 424
(1847, 605) 425
(1845, 603) 426
(1843, 601) 427
(1843, 600) 428
(1843, 600) 429
(1843, 598) 430
(1842, 597) 431
(1841, 595) 432
(1842, 594) 433
(1844, 594) 434
(1843, 595) 435
(1843, 595) 436
(1843, 596) 437
(1843, 597) 438
(1842, 598) 439
(1842, 599) 440
(1841, 601) 441
(1841, 602) 442
(1841, 603) 443
(1840, 604) 444
(1840, 605) 445
(1840, 606) 446
(1840, 607) 447
(1840, 608) 448
(1841, 607) 449
(1843, 606) 450
(1845, 606) 451
(1847, 605) 452
(1849, 606) 453
(1496, 404) 395
(1496, 404) 396
(1496, 404) 397
(1496, 404) 398
(1497, 404) 399
(1498, 404) 400
(1499, 404) 401
(1500, 404) 402
(1501, 404) 403
(1502, 405) 404
(1502, 405) 405
(1503, 405) 406
(1504, 405) 407
(1504, 405) 408
(1504, 405) 409
(1505, 405) 410
(1506, 407) 411
(1506, 409) 412
(1501, 412) 413
(1496, 414) 414
(1493, 416) 415
(1493, 419) 416
(1493, 422) 417
(1495, 425) 418
(1494, 428) 419
(1493, 431) 420
(1492, 433) 421
(1489, 436) 422
(1486, 438) 423
(1482, 441) 424
(1479, 443) 425
(1477, 445) 426
(1474, 447) 427
(1472, 449) 428
(1465, 450) 429
(1462, 452) 430
(1459, 454) 431
(1451, 456) 432
(1444, 457) 433
(1438, 459) 434
(1432, 460) 435
(1425, 461) 436
(1419, 463) 437
(1413, 464) 438
(1408, 465) 439
(1404, 466) 440
(1400, 468) 441
(1396, 469) 442
(1394, 470) 443
(1393, 472) 444
(1392, 473) 445
(1391, 475) 446
(1391, 476) 447
(1393, 477) 448
(1396, 478) 449
(1399, 480) 450
(1402, 481) 451
(1405, 482) 452
(1408, 483) 453
(1413, 482) 454
(1415, 482) 455
(1417, 481) 456
(1417, 481) 457
(1419, 480) 458
(1418, 479) 459
(1413, 479) 460
(1408, 478) 461
(1403, 477) 462
(1398, 476) 463
(1394, 475) 464
(1389, 475) 465
(1387, 475) 466
(1386, 475) 467
(1386, 475) 468
(1385, 475) 469
(1384, 475) 470
(1384, 475) 471
(1384, 475) 472
(1386, 475) 473
(1386, 476) 474
(1387, 476) 475
(1388, 476) 476
(1388, 476) 477
(1389, 476) 478
(1389, 477) 479
(1389, 477) 480
(1390, 477) 481
(1390, 478) 482
(1391, 479) 483
(1391, 480) 484
(1392, 481) 485
(1393, 482) 486
(1393, 483) 487
(1394, 484) 488
(1395, 485) 489
(1396, 486) 490
(1396, 488) 491
(1396, 488) 492
(1396, 488) 493
(1397, 487) 494
(1400, 487) 495
(1402, 486) 496
(1404, 486) 497
(1406, 485) 498
(1408, 485) 499
(1410, 485) 500
(1412, 486) 501
(1414, 487) 502
(1413, 487) 503
(1412, 487) 504
(1410, 488) 505
(1409, 488) 506
(1408, 488) 507
(1407, 488) 508
(1405, 488) 509
(1404, 488) 510
(1402, 487) 511
(1400, 487) 512
(1398, 487) 513
(1398, 487) 514
(1398, 487) 515
(1397, 487) 516
(1397, 487) 517
(1396, 487) 518
(1395, 487) 519
(1394, 488) 520
(1394, 489) 521
(1394, 489) 522
(1394, 490) 523
(1393, 491) 524
(1394, 492) 525
(1393, 492) 526
(1391, 493) 527
(1392, 493) 528
(1393, 493) 529
(1393, 493) 530
(1392, 492) 531
(1390, 492) 532
(1389, 491) 533
(1388, 491) 534
(1389, 490) 535
(1388, 490) 536
(1387, 490) 537
(1385, 490) 538
(1383, 490) 539
(1381, 490) 540
(1377, 489) 541
(1375, 488) 542
(1373, 488) 543
(1371, 487) 544
(1369, 487) 545
(1369, 487) 546
(1368, 488) 547
(1369, 488) 548
(1369, 488) 549
(1370, 488) 550
(1370, 488) 551
(1371, 488) 552
(1372, 488) 553
(1372, 488) 554
(1373, 488) 555
(1374, 488) 556
(1375, 487) 557
(1374, 487) 558
(1374, 486) 559
(1374, 486) 560
(1375, 486) 561
(1375, 486) 562
(1376, 486) 563
(1377, 487) 564
(1377, 487) 565
(1379, 486) 566
(1380, 486) 567
(1381, 486) 568
(1382, 486) 569
(1384, 486) 570
(1388, 486) 571
(1392, 485) 572
(1395, 485) 573
(1398, 485) 574
(1401, 484) 575
(1399, 484) 576
(1397, 483) 577
(1395, 482) 578
(1393, 482) 579
(1391, 481) 580
(1391, 481) 581
(1391, 481) 582
(1393, 482) 583
(1395, 482) 584
(1396, 483) 585
(1395, 483) 586
(1395, 483) 587
(1394, 483) 588
(1392, 483) 589
(1391, 483) 590
(1389, 483) 591
(1389, 483) 592
(1388, 483) 593
(1388, 483) 594
(1388, 482) 595
(1388, 482) 596
(1388, 482) 597
(1387, 482) 598
(1386, 483) 599
(1384, 483) 600
(1384, 484) 601
(1386, 483) 602
(1387, 483) 603
(1389, 482) 604
(1391, 482) 605
(1392, 481) 606
(1390, 481) 607
(1387, 481) 608
(1382, 480) 609
(1382, 480) 610
(1383, 479) 611
(1384, 479) 612
(1386, 478) 613
(1388, 478) 614
(1389, 477) 615
(1393, 477) 616
(1397, 477) 617
(1396, 477) 618
(1396, 476) 619
(1394, 475) 620
(1393, 475) 621
(1392, 473) 622
(1392, 473) 623
(1389, 473) 624
(1387, 473) 625
(1386, 472) 626
(1384, 472) 627
(1383, 472) 628
(1382, 471) 629
(1383, 471) 630
(1384, 471) 631
(1385, 471) 632
(1387, 472) 633
(1388, 472) 634
(1389, 471) 635
(1389, 471) 636
(1388, 471) 637
(1387, 472) 638
(1386, 471) 639
(1384, 471) 640
(1383, 471) 641
(1381, 471) 642
(1380, 470) 643
(1380, 470) 644
(1380, 470) 645
(1381, 470) 646
(1382, 471) 647
(1384, 471) 648
(1386, 471) 649
(1386, 472) 650
(1389, 472) 651
(1389, 473) 652
(1393, 474) 653
(1394, 473) 654
(1396, 472) 655
(1395, 472) 656
(1394, 472) 657
(1392, 471) 658
(1392, 471) 659
(1392, 471) 660
(1389, 470) 661
(1389, 469) 662
(1389, 469) 663
(1389, 469) 664
(1389, 469) 665
(1390, 469) 666
(1390, 469) 667
(1390, 469) 668
(1391, 469) 669
(1391, 469) 670
(1396, 471) 671
(1401, 472) 672
(1404, 473) 673
(1404, 474) 674
(1408, 476) 675
(1411, 477) 676
(1415, 478) 677
(1419, 478) 678
(1422, 480) 679
(1425, 480) 680
(1427, 481) 681
(1429, 481) 682
(1430, 482) 683
(1431, 483) 684
(1431, 483) 685
(1431, 484) 686
(1430, 484) 687
(1429, 483) 688
(1428, 483) 689
(1426, 482) 690
(1424, 482) 691
(1422, 481) 692
(1420, 481) 693
(1418, 481) 694
(1415, 480) 695
(1410, 480) 696
(1411, 480) 697
(1412, 479) 698
(1413, 478) 699
(1413, 478) 700
(1414, 477) 701
(1414, 476) 702
(1414, 476) 703
(1413, 475) 704
(1412, 474) 705
(1412, 474) 706
(1413, 473) 707
(1415, 472) 708
(1417, 472) 709
(1419, 471) 710
(1418, 472) 711
(1833, 428) 410
(1833, 427) 411
(1841, 427) 412
(1847, 426) 413
(1856, 426) 414
(1863, 425) 415
(1869, 424) 416
(1874, 423) 417
(1877, 422) 418
(1881, 421) 419
(1885, 421) 420
(1888, 420) 421
(1891, 419) 422
(1893, 419) 423
(1896, 418) 424
(1898, 417) 425
(1900, 416) 426
(1902, 416) 427
(1903, 415) 428
(1904, 415) 429
(1906, 414) 430
(1907, 413) 431
(1908, 413) 432
(1909, 412) 433
(1910, 412) 434
(1910, 411) 435
(1910, 411) 436
(1909, 410) 437
(1907, 410) 438
(1906, 410) 439
(1904, 410) 440
(1904, 410) 441
(1904, 409) 442
(1904, 409) 443
(1904, 409) 444
(1904, 409) 445
(1904, 409) 446
(1904, 409) 447
(1904, 409) 448
(1904, 409) 449
(1903, 409) 450
(1903, 409) 451
(1903, 408) 452
(1903, 408) 453
(1903, 408) 454
(1903, 408) 455
(1903, 408) 456
(1903, 408) 457
(1903, 408) 458
(1903, 408) 459
(1903, 409) 460
(1904, 410) 461
(1906, 411) 462
(1907, 412) 463
(1908, 413) 464
(1909, 414) 465
(1910, 415) 466
(1911, 416) 467
(1913, 417) 468
(1914, 418) 469
(1914, 419) 470
(1914, 420) 471
(1914, 421) 472
(1909, 423) 473
(1900, 425) 474
(1888, 427) 475
(1878, 429) 476
(1876, 430) 477
(1874, 431) 478
(1872, 432) 479
(1870, 433) 480
(1871, 433) 481
(1872, 433) 482
(1879, 433) 483
(1879, 432) 484
(1879, 431) 485
(1875, 430) 486
(1869, 429) 487
(1863, 427) 488
(1860, 426) 489
(1855, 426) 490
(1854, 424) 491
(1853, 423) 492
(1852, 422) 493
(1851, 420) 494
(1852, 418) 495
(1859, 417) 496
(1868, 414) 497
(1875, 412) 498
(1882, 410) 499
(1888, 408) 500
(1893, 406) 501
(1898, 403) 502
(1902, 401) 503
(1906, 399) 504
(1910, 397) 505
(1913, 395) 506
(1916, 394) 507
(1917, 393) 508
(1919, 392) 509
(1920, 391) 510
(1920, 392) 511
(1921, 392) 512
(1921, 392) 513
(1920, 393) 514
(1918, 393) 515
(1915, 393) 516
(1912, 393) 517
(1914, 393) 518
(1914, 392) 519
(12, 391) 520
(20, 390) 521
(26, 389) 522
(39, 388) 523
(46, 387) 524
(52, 386) 525
(64, 385) 526
(75, 385) 527
(85, 384) 528
(95, 383) 529
(104, 382) 530
(112, 381) 531
(120, 381) 532
(126, 380) 533
(132, 379) 534
(138, 378) 535
(142, 378) 536
(147, 377) 537
(151, 376) 538
(154, 376) 539
(157, 375) 540
(160, 374) 541
(163, 374) 542
(165, 373) 543
(167, 372) 544
(169, 372) 545
(169, 371) 546
(165, 371) 547
(163, 371) 548
(162, 371) 549
(160, 371) 550
(159, 371) 551
(158, 371) 552
(156, 371) 553
(155, 371) 554
(155, 371) 555
(155, 371) 556
(161, 371) 557
(168, 371) 558
(174, 371) 559
(180, 370) 560
(185, 370) 561
(183, 369) 562
(187, 369) 563
(186, 368) 564
(185, 367) 565
(184, 366) 566
(184, 365) 567
(183, 364) 568
(185, 364) 569
(791, 337) 438
(790, 337) 439
(788, 338) 440
(786, 339) 441
(783, 340) 442
(780, 341) 443
(776, 342) 444
(768, 343) 445
(764, 344) 446
(761, 345) 447
(757, 346) 448
(754, 348) 449
(752, 350) 450
(751, 352) 451
(751, 355) 452
(747, 358) 453
(745, 362) 454
(742, 365) 455
(742, 368) 456
(744, 372) 457
(747, 376) 458
(748, 380) 459
(747, 383) 460
(741, 386) 461
(735, 389) 462
(730, 392) 463
(720, 394) 464
(714, 396) 465
(708, 398) 466
(703, 400) 467
(698, 402) 468
(694, 404) 469
(690, 406) 470
(687, 407) 471
(684, 409) 472
(681, 411) 473
(678, 412) 474
(676, 414) 475
(674, 416) 476
(672, 417) 477
(671, 419) 478
(669, 420) 479
(661, 422) 480
(654, 423) 481
(647, 425) 482
(641, 426) 483
(635, 427) 484
(629, 429) 485
(623, 430) 486
(618, 431) 487
(614, 432) 488
(609, 433) 489
(605, 435) 490
(602, 436) 491
(599, 437) 492
(597, 437) 493
(595, 437) 494
(593, 437) 495
(591, 437) 496
(590, 437) 497
(589, 437) 498
(588, 437) 499
(587, 437) 500
(586, 437) 501
(585, 437) 502
(584, 437) 503
(584, 437) 504
(583, 438) 505
(582, 438) 506
(582, 438) 507
(579, 437) 508
(577, 436) 509
(578, 435) 510
(1881, 777) 455
(1880, 776) 456
(1879, 776) 457
(1879, 776) 458
(1879, 776) 459
(1879, 776) 460
(1879, 776) 461
(1879, 776) 462
(1878, 776) 463
(1878, 776) 464
(1878, 775) 465
(1878, 775) 466
(1878, 775) 467
(1878, 775) 468
(1878, 775) 469
(1883, 775) 470
(1889, 776) 471
(1894, 776) 472
(1898, 776) 473
(1902, 777) 474
(1906, 777) 475
(1909, 778) 476
(1912, 778) 477
(1914, 778) 478
(1917, 779) 479
(1919, 779) 480
(1921, 779) 481
(1922, 780) 482
(1924, 780) 483
(1925, 780) 484
(1926, 781) 485
(1927, 781) 486
(1927, 781) 487
(9, 781) 488
(10, 782) 489
(11, 782) 490
(12, 782) 491
(1932, 782) 492
(1926, 782) 493
(1921, 781) 494
(1917, 781) 495
(1913, 781) 496
(1910, 780) 497
(1907, 780) 498
(1904, 780) 499
(1902, 779) 500
(1900, 779) 501
(1898, 779) 502
(1898, 778) 503
(1898, 778) 504
(1898, 778) 505
(1898, 778) 506
(1898, 778) 507
(1898, 778) 508
(1898, 777) 509
(1898, 777) 510
(1898, 777) 511
(1898, 777) 512
(1898, 777) 513
(1901, 777) 514
(1903, 777) 515
(1905, 777) 516
(1906, 778) 517
(1906, 778) 518
(1906, 778) 519
(1907, 778) 520
(1907, 779) 521
(1907, 779) 522
(1907, 779) 523
(1908, 779) 524
(1908, 779) 525
(1908, 780) 526
(1908, 780) 527
(1908, 780) 528
(1909, 780) 529
(1910, 781) 530
(1911, 781) 531
(1911, 781) 532
(1912, 782) 533
(1641, 498) 455
(1641, 498) 456
(1641, 498) 457
(1641, 498) 458
(1641, 498) 459
(1641, 498) 460
(1641, 498) 461
(1641, 498) 462
(1640, 499) 463
(1639, 499) 464
(1640, 500) 465
(1640, 501) 466
(1642, 501) 467
(1644, 502) 468
(1646, 502) 469
(1648, 503) 470
(1650, 504) 471
(1652, 504) 472
(1653, 505) 473
(1655, 506) 474
(1656, 507) 475
(1658, 507) 476
(1663, 508) 477
(1667, 508) 478
(1670, 508) 479
(1680, 508) 480
(1689, 508) 481
(1697, 508) 482
(1704, 508) 483
(1710, 508) 484
(1716, 508) 485
(1721, 508) 486
(1726, 508) 487
(1730, 508) 488
(1734, 508) 489
(1737, 508) 490
(1740, 508) 491
(1743, 508) 492
(1745, 508) 493
(1748, 508) 494
(1750, 508) 495
(1751, 509) 496
(1753, 509) 497
(1754, 509) 498
(1756, 509) 499
(1758, 508) 500
(1760, 507) 501
(1762, 507) 502
(1764, 506) 503
(1765, 506) 504
(1766, 506) 505
(1768, 505) 506
(1769, 505) 507
(1771, 502) 508
(1770, 500) 509
(1770, 497) 510
(1766, 494) 511
(1762, 491) 512
(1758, 488) 513
(1747, 486) 514
(1737, 484) 515
(1729, 482) 516
(1721, 479) 517
(1721, 476) 518
(1722, 473) 519
(1724, 471) 520
(1726, 469) 521
(1727, 467) 522
(1727, 466) 523
(1727, 464) 524
(1726, 462) 525
(1724, 460) 526
(1724, 458) 527
(1723, 456) 528
(1722, 454) 529
(1721, 452) 530
(1721, 450) 531
(1720, 448) 532
(1720, 447) 533
(1719, 445) 534
(1719, 443) 535
(1714, 441) 536
(1714, 437) 537
(1715, 433) 538
(1715, 430) 539
(1713, 428) 540
(1711, 425) 541
(587, 488) 463
(581, 488) 464
(575, 487) 465
(570, 487) 466
(566, 486) 467
(562, 486) 468
(559, 485) 469
(555, 485) 470
(553, 484) 471
(550, 484) 472
(548, 483) 473
(546, 483) 474
(544, 483) 475
(542, 482) 476
(542, 482) 477
(543, 482) 478
(546, 483) 479
(548, 483) 480
(550, 483) 481
(551, 484) 482
(553, 484) 483
(554, 484) 484
(555, 485) 485
(556, 485) 486
(557, 485) 487
(558, 486) 488
(559, 486) 489
(560, 486) 490
(561, 487) 491
(561, 487) 492
(562, 487) 493
(562, 488) 494
(563, 488) 495
(563, 488) 496
(563, 488) 497
(561, 489) 498
(559, 490) 499
(558, 491) 500
(551, 493) 501
(544, 495) 502
(538, 496) 503
(533, 498) 504
(529, 500) 505
(524, 502) 506
(521, 504) 507
(517, 505) 508
(514, 507) 509
(511, 509) 510
(509, 510) 511
(507, 512) 512
(505, 513) 513
(505, 515) 514
(508, 517) 515
(512, 518) 516
(515, 520) 517
(518, 522) 518
(521, 524) 519
(523, 526) 520
(524, 527) 521
(525, 529) 522
(525, 530) 523
(527, 533) 524
(529, 536) 525
(530, 539) 526
(531, 542) 527
(533, 544) 528
(533, 547) 529
(534, 550) 530
(534, 552) 531
(534, 555) 532
(534, 557) 533
(534, 559) 534
(534, 562) 535
(534, 564) 536
(534, 566) 537
(533, 568) 538
(532, 570) 539
(531, 572) 540
(529, 574) 541
(527, 576) 542
(525, 578) 543
(524, 580) 544
(521, 582) 545
(517, 584) 546
(518, 586) 547
(523, 588) 548
(531, 592) 549
(537, 595) 550
(544, 598) 551
(550, 601) 552
(298, 492) 507
(297, 492) 508
(296, 492) 509
(295, 492) 510
(294, 492) 511
(293, 492) 512
(293, 492) 513
(292, 492) 514
(292, 493) 515
(298, 492) 516
(302, 491) 517
(307, 491) 518
(311, 492) 519
(315, 492) 520
(319, 492) 521
(330, 493) 522
(334, 493) 523
(334, 493) 524
(335, 493) 525
(336, 492) 526
(337, 492) 527
(338, 491) 528
(339, 490) 529
(340, 490) 530
(339, 489) 531
(338, 488) 532
(336, 486) 533
(335, 485) 534
(333, 484) 535
(331, 484) 536
(330, 483) 537
(328, 482) 538
(327, 481) 539
(326, 480) 540
(325, 480) 541
(324, 479) 542
(323, 478) 543
(323, 477) 544
(322, 477) 545
(322, 476) 546
(321, 475) 547
(321, 474) 548
(320, 474) 549
(320, 473) 550
(319, 472) 551
(320, 473) 552
(320, 475) 553
(317, 476) 554
(315, 477) 555
(312, 478) 556
(311, 480) 557
(311, 482) 558
(311, 483) 559
(310, 485) 560
(311, 487) 561
(314, 490) 562
(315, 491) 563
(317, 493) 564
(319, 494) 565
(322, 495) 566
(326, 496) 567
(326, 497) 568
(332, 498) 569
(337, 498) 570
(342, 499) 571
(346, 501) 572
(350, 503) 573
(351, 505) 574
(353, 506) 575
(356, 505) 576
(359, 505) 577
(364, 505) 578
(369, 505) 579
(373, 505) 580
(379, 504) 581
(385, 503) 582
(391, 502) 583
(396, 501) 584
(400, 501) 585
(403, 499) 586
(406, 498) 587
(411, 496) 588
(413, 494) 589
(414, 493) 590
(414, 491) 591
(409, 490) 592
(400, 488) 593
(396, 487) 594
(392, 487) 595
(391, 486) 596
(390, 485) 597
(393, 483) 598
(391, 483) 599
(389, 482) 600
(387, 482) 601
(385, 481) 602
(381, 479) 603
(408, 338) 579
(410, 338) 580
(411, 338) 581
(412, 338) 582
(413, 338) 583
(414, 338) 584
(415, 338) 585
(416, 338) 586
(417, 338) 587
(417, 338) 588
(418, 338) 589
(418, 338) 590
(419, 338) 591
(419, 338) 592
(420, 338) 593
(420, 338) 594
(420, 338) 595
(420, 339) 596
(421, 339) 597
(421, 339) 598
(429, 338) 599
(436, 337) 600
(443, 337) 601
(449, 336) 602
(455, 336) 603
(460, 335) 604
(465, 335) 605
(469, 334) 606
(473, 333) 607
(479, 333) 608
(485, 333) 609
(496, 334) 610
(507, 334) 611
(522, 334) 612
(539, 335) 613
(555, 336) 614
(571, 337) 615
(586, 338) 616
(600, 339) 617
(612, 341) 618
(623, 342) 619
(633, 343) 620
(642, 344) 621
(645, 345) 622
(646, 345) 623
(648, 346) 624
(649, 346) 625
(654, 347) 626
(658, 347) 627
(661, 347) 628
(667, 348) 629
(672, 349) 630
(675, 349) 631
(677, 350) 632
(679, 350) 633
(679, 350) 634
(682, 350) 635
(684, 350) 636
(686, 349) 637
(687, 349) 638
(688, 349) 639
(687, 349) 640
(686, 347) 641
(685, 346) 642
(268, 283) 592
(268, 283) 593
(268, 283) 594
(261, 284) 595
(256, 284) 596
(249, 284) 597
(244, 284) 598
(239, 284) 599
(234, 285) 600
(231, 285) 601
(228, 285) 602
(225, 285) 603
(223, 285) 604
(220, 286) 605
(219, 286) 606
(217, 286) 607
(215, 286) 608
(214, 286) 609
(209, 286) 610
(207, 287) 611
(207, 288) 612
(205, 288) 613
(203, 289) 614
(201, 290) 615
(199, 291) 616
(193, 293) 617
(189, 294) 618
(184, 296) 619
(178, 297) 620
(172, 298) 621
(162, 299) 622
(152, 301) 623
(144, 302) 624
(136, 302) 625
(129, 302) 626
(114, 302) 627
(100, 303) 628
(87, 303) 629
(76, 304) 630
(66, 304) 631
(59, 304) 632
(52, 305) 633
(46, 305) 634
(39, 304) 635
(32, 303) 636
(27, 302) 637
(27, 301) 638
(26, 300) 639
(25, 298) 640
(22, 297) 641
(19, 296) 642
(14, 295) 643
(13, 294) 644
(12, 293) 645
(13, 291) 646
(1929, 291) 647
(1925, 292) 648
(1920, 292) 649
(1920, 291) 650
(1922, 290) 651
(1922, 290) 652
(10, 290) 653
(13, 290) 654
(16, 290) 655
(21, 289) 656
(25, 288) 657
(26, 288) 658
(26, 288) 659
(25, 288) 660
(25, 288) 661
(25, 287) 662
(1856, 509) 592
(1856, 509) 593
(1856, 509) 594
(1856, 509) 595
(1851, 509) 596
(1846, 509) 597
(1839, 509) 598
(1833, 509) 599
(1822, 509) 600
(1812, 510) 601
(1803, 510) 602
(1795, 509) 603
(1788, 509) 604
(1782, 509) 605
(1776, 509) 606
(1768, 509) 607
(1757, 509) 608
(1748, 509) 609
(1740, 508) 610
(1733, 508) 611
(1726, 508) 612
(1720, 508) 613
(1715, 508) 614
(1714, 507) 615
(1712, 506) 616
(1709, 505) 617
(1705, 504) 618
(1702, 504) 619
(1700, 503) 620
(1698, 503) 621
(1696, 502) 622
(1694, 502) 623
(1692, 501) 624
(1689, 501) 625
(1689, 500) 626
(1690, 499) 627
(1692, 499) 628
(1695, 498) 629
(1697, 497) 630
(1699, 496) 631
(1701, 495) 632
(1703, 494) 633
(1706, 492) 634
(1710, 491) 635
(1713, 489) 636
(1716, 487) 637
(1719, 485) 638
(1724, 482) 639
(1729, 479) 640
(1734, 476) 641
(1739, 473) 642
(1744, 470) 643
(1750, 468) 644
(1755, 466) 645
(1761, 465) 646
(1766, 463) 647
(1770, 461) 648
(1774, 460) 649
(1778, 458) 650
(1781, 457) 651
(1784, 455) 652
(1787, 454) 653
(1789, 452) 654
(1791, 451) 655
(1793, 450) 656
(1795, 448) 657
(1796, 447) 658
(1798, 446) 659
(1801, 446) 660
(1803, 446) 661
(1805, 446) 662
(1805, 445) 663
(1805, 445) 664
(1805, 445) 665
(1804, 445) 666
(60, 779) 604
(60, 779) 605
(60, 779) 606
(55, 779) 607
(50, 779) 608
(46, 779) 609
(42, 779) 610
(38, 779) 611
(35, 779) 612
(31, 779) 613
(28, 779) 614
(25, 779) 615
(22, 779) 616
(19, 780) 617
(20, 780) 618
(22, 779) 619
(23, 779) 620
(23, 779) 621
(26, 779) 622
(26, 779) 623
(28, 778) 624
(30, 778) 625
(29, 778) 626
(28, 778) 627
(27, 778) 628
(26, 778) 629
(25, 777) 630
(24, 777) 631
(23, 777) 632
(23, 777) 633
(1933, 778) 634
(1927, 778) 635
(1922, 778) 636
(1918, 779) 637
(1914, 779) 638
(1911, 779) 639
(1907, 780) 640
(1905, 780) 641
(1902, 780) 642
(1900, 780) 643
(1898, 781) 644
(1896, 781) 645
(1895, 781) 646
(1895, 780) 647
(1896, 780) 648
(1899, 780) 649
(1902, 780) 650
(1908, 780) 651
(1915, 780) 652
(1920, 781) 653
(1922, 781) 654
(1923, 781) 655
(1923, 781) 656
(1925, 782) 657
(1926, 782) 658
(1927, 783) 659
(1927, 783) 660
(12, 783) 661
(16, 784) 662
(20, 784) 663
(23, 784) 664
(26, 784) 665
(28, 784) 666
(31, 784) 667
(33, 784) 668
(35, 784) 669
(36, 784) 670
(81, 391) 641
(83, 391) 642
(86, 390) 643
(86, 390) 644
(81, 388) 645
(76, 387) 646
(78, 387) 647
(81, 386) 648
(90, 385) 649
(97, 383) 650
(104, 382) 651
(110, 380) 652
(115, 379) 653
(127, 378) 654
(138, 377) 655
(147, 376) 656
(149, 374) 657
(149, 372) 658
(148, 371) 659
(145, 369) 660
(145, 368) 661
(145, 366) 662
(143, 365) 663
(142, 365) 664
(140, 364) 665
(140, 363) 666
(142, 362) 667
(143, 362) 668
(144, 361) 669
(144, 360) 670
(144, 359) 671
(145, 358) 672
(144, 358) 673
(142, 357) 674
(142, 356) 675
(142, 356) 676
(142, 355) 677
(146, 354) 678
(145, 353) 679
(144, 352) 680
(142, 350) 681
(142, 349) 682
(143, 348) 683
(146, 347) 684
(155, 346) 685
(163, 344) 686
(170, 342) 687
(181, 341) 688
(199, 340) 689
(215, 339) 690
(229, 338) 691
(242, 337) 692
(253, 337) 693
(263, 336) 694
(272, 335) 695
(281, 335) 696
(288, 334) 697
(295, 333) 698
(301, 333) 699
(306, 332) 700
(306, 332) 701
(305, 333) 702
(304, 333) 703
(302, 333) 704
(301, 333) 705
(295, 334) 706
(290, 334) 707
(290, 335) 708
(290, 334) 709
(291, 333) 710
(295, 332) 711
