(194, 768) 54
(191, 768) 55
(187, 767) 56
(189, 766) 57
(189, 765) 58
(188, 763) 59
(188, 761) 60
(187, 760) 61
(186, 758) 62
(186, 757) 63
(185, 756) 64
(185, 754) 65
(184, 753) 66
(184, 751) 67
(184, 750) 68
(184, 749) 69
(183, 747) 70
(188, 745) 71
(192, 743) 72
(196, 740) 73
(200, 738) 74
(203, 736) 75
(211, 734) 76
(217, 732) 77
(222, 730) 78
(226, 729) 79
(230, 727) 80
(234, 726) 81
(237, 724) 82
(240, 722) 83
(243, 721) 84
(245, 719) 85
(247, 718) 86
(252, 717) 87
(257, 716) 88
(260, 714) 89
(263, 713) 90
(271, 712) 91
(280, 710) 92
(282, 709) 93
(283, 709) 94
(283, 708) 95
(282, 707) 96
(280, 706) 97
(273, 705) 98
(272, 704) 99
(271, 702) 100
(269, 701) 101
(268, 700) 102
(267, 698) 103
(266, 697) 104
(264, 696) 105
(263, 694) 106
(263, 693) 107
(269, 693) 108
(275, 692) 109
(280, 692) 110
(285, 691) 111
(290, 691) 112
(294, 690) 113
(298, 690) 114
(301, 689) 115
(309, 689) 116
(317, 689) 117
(951, 447) 77
(950, 447) 78
(949, 447) 79
(947, 448) 80
(944, 448) 81
(941, 449) 82
(938, 449) 83
(935, 450) 84
(936, 450) 85
(936, 451) 86
(935, 452) 87
(933, 452) 88
(930, 452) 89
(926, 452) 90
(923, 452) 91
(920, 452) 92
(914, 452) 93
(912, 451) 94
(910, 450) 95
(908, 449) 96
(906, 448) 97
(908, 447) 98
(910, 447) 99
(908, 447) 100
(907, 447) 101
(907, 447) 102
(906, 448) 103
(906, 448) 104
(906, 449) 105
(906, 449) 106
(906, 450) 107
(906, 451) 108
(906, 451) 109
(906, 452) 110
(905, 452) 111
(905, 453) 112
(904, 453) 113
(903, 454) 114
(903, 454) 115
(903, 454) 116
(902, 455) 117
(901, 455) 118
(900, 456) 119
(898, 456) 120
(897, 456) 121
(895, 456) 122
(896, 457) 123
(898, 457) 124
(899, 458) 125
(900, 459) 126
(900, 459) 127
(900, 459) 128
(899, 460) 129
(900, 460) 130
(902, 461) 131
(903, 462) 132
(905, 462) 133
(905, 463) 134
(905, 463) 135
(906, 464) 136
(908, 465) 137
(911, 465) 138
(916, 465) 139
(920, 464) 140
(924, 464) 141
(926, 465) 142
(929, 465) 143
(931, 465) 144
(934, 465) 145
(937, 465) 146
(939, 465) 147
(942, 465) 148
(947, 465) 149
(952, 465) 150
(954, 465) 151
(955, 465) 152
(958, 465) 153
(960, 465) 154
(959, 465) 155
(959, 465) 156
(959, 465) 157
(959, 466) 158
(959, 466) 159
(956, 466) 160
(957, 466) 161
(956, 466) 162
(956, 466) 163
(956, 466) 164
(959, 467) 165
(962, 467) 166
(964, 467) 167
(965, 468) 168
(966, 468) 169
(967, 469) 170
(972, 469) 171
(973, 469) 172
(976, 470) 173
(978, 470) 174
(976, 471) 175
(975, 471) 176
(976, 472) 177
(979, 472) 178
(980, 473) 179
(983, 474) 180
(983, 475) 181
(983, 476) 182
(983, 478) 183
(982, 478) 184
(982, 479) 185
(982, 480) 186
(983, 481) 187
(982, 481) 188
(981, 482) 189
(983, 482) 190
(985, 482) 191
(993, 483) 192
(1001, 483) 193
(1011, 483) 194
(1020, 484) 195
(1028, 484) 196
(1032, 484) 197
(1037, 485) 198
(1041, 485) 199
(1038, 485) 200
(1036, 484) 201
(1033, 484) 202
(1033, 484) 203
(1035, 483) 204
(1038, 482) 205
(1035, 482) 206
(1033, 482) 207
(1030, 481) 208
(1028, 481) 209
(1026, 481) 210
(1023, 480) 211
(1019, 480) 212
(1015, 480) 213
(1011, 479) 214
(1008, 479) 215
(1005, 478) 216
(1002, 478) 217
(1000, 478) 218
(997, 477) 219
(995, 477) 220
(993, 476) 221
(994, 476) 222
(994, 476) 223
(989, 475) 224
(984, 475) 225
(981, 475) 226
(978, 475) 227
(975, 475) 228
(973, 474) 229
(970, 475) 230
(969, 475) 231
(969, 475) 232
(970, 474) 233
(970, 475) 234
(970, 475) 235
(970, 476) 236
(970, 477) 237
(971, 477) 238
(974, 478) 239
(979, 478) 240
(983, 478) 241
(988, 478) 242
(992, 478) 243
(995, 478) 244
(997, 477) 245
(1001, 476) 246
(1005, 475) 247
(1009, 474) 248
(1013, 473) 249
(1013, 472) 250
(1012, 472) 251
(1008, 472) 252
(1003, 472) 253
(1000, 472) 254
(994, 471) 255
(990, 470) 256
(987, 470) 257
(983, 470) 258
(980, 470) 259
(977, 470) 260
(974, 470) 261
(971, 470) 262
(969, 470) 263
(967, 470) 264
(966, 470) 265
(967, 470) 266
(969, 471) 267
(970, 471) 268
(976, 471) 269
(982, 471) 270
(987, 472) 271
(991, 472) 272
(991, 473) 273
(989, 474) 274
(986, 474) 275
(986, 475) 276
(982, 474) 277
(982, 475) 278
(981, 475) 279
(980, 475) 280
(979, 475) 281
(978, 475) 282
(979, 476) 283
(979, 476) 284
(978, 476) 285
(976, 476) 286
(973, 476) 287
(971, 477) 288
(969, 477) 289
(968, 477) 290
(967, 477) 291
(967, 477) 292
(968, 477) 293
(970, 477) 294
(974, 478) 295
(979, 478) 296
(979, 478) 297
(978, 479) 298
(977, 479) 299
(977, 480) 300
(976, 481) 301
(976, 481) 302
(975, 482) 303
(975, 483) 304
(974, 483) 305
(979, 483) 306
(985, 482) 307
(991, 482) 308
(997, 482) 309
(998, 482) 310
(999, 482) 311
(999, 482) 312
(999, 482) 313
(998, 482) 314
(998, 482) 315
(994, 483) 316
(989, 484) 317
(985, 485) 318
(980, 486) 319
(977, 488) 320
(974, 489) 321
(970, 490) 322
(964, 492) 323
(958, 494) 324
(952, 497) 325
(947, 500) 326
(942, 503) 327
(937, 506) 328
(368, 679) 168
(367, 679) 169
(367, 679) 170
(366, 679) 171
(366, 679) 172
(366, 679) 173
(359, 678) 174
(351, 677) 175
(351, 677) 176
(351, 677) 177
(353, 677) 178
(356, 677) 179
(358, 676) 180
(359, 676) 181
(359, 676) 182
(354, 676) 183
(356, 676) 184
(356, 675) 185
(348, 675) 186
(339, 675) 187
(334, 674) 188
(325, 674) 189
(316, 675) 190
(309, 675) 191
(302, 675) 192
(296, 675) 193
(291, 675) 194
(286, 675) 195
(281, 675) 196
(277, 675) 197
(274, 675) 198
(275, 675) 199
(275, 675) 200
(283, 675) 201
(291, 675) 202
(298, 676) 203
(304, 676) 204
(310, 676) 205
(315, 677) 206
(320, 677) 207
(324, 677) 208
(320, 677) 209
(317, 677) 210
(317, 678) 211
(323, 677) 212
(323, 677) 213
(323, 677) 214
(327, 677) 215
(335, 677) 216
(342, 677) 217
(346, 677) 218
(349, 678) 219
(352, 678) 220
(355, 678) 221
(358, 678) 222
(360, 679) 223
(362, 679) 224
(364, 679) 225
(365, 679) 226
(367, 679) 227
(368, 680) 228
(369, 680) 229
(370, 680) 230
(371, 680) 231
(372, 681) 232
(373, 681) 233
(373, 681) 234
(374, 681) 235
(374, 681) 236
(367, 682) 237
(363, 683) 238
(357, 683) 239
(351, 684) 240
(346, 684) 241
(342, 685) 242
(338, 685) 243
(335, 686) 244
(333, 687) 245
(334, 687) 246
(335, 688) 247
(337, 688) 248
(336, 689) 249
(337, 690) 250
(344, 690) 251
(353, 690) 252
(360, 690) 253
(371, 691) 254
(380, 692) 255
(389, 693) 256
(395, 693) 257
(401, 693) 258
(408, 694) 259
(416, 695) 260
(421, 695) 261
(434, 696) 262
(438, 697) 263
(441, 697) 264
(444, 698) 265
(447, 698) 266
(450, 699) 267
(452, 699) 268
(455, 699) 269
(452, 700) 270
(450, 700) 271
(447, 700) 272
(447, 701) 273
(441, 701) 274
(435, 701) 275
(435, 701) 276
(430, 701) 277
(433, 701) 278
(436, 700) 279
(438, 699) 280
(440, 698) 281
(441, 698) 282
(443, 697) 283
(444, 696) 284
(444, 696) 285
(443, 696) 286
(440, 697) 287
(438, 697) 288
(435, 698) 289
(433, 698) 290
(431, 699) 291
(429, 700) 292
(428, 700) 293
(426, 701) 294
(425, 701) 295
(426, 701) 296
(427, 701) 297
(427, 700) 298
(426, 700) 299
(422, 700) 300
(421, 700) 301
(420, 700) 302
(418, 700) 303
(417, 700) 304
(417, 699) 305
(416, 699) 306
(416, 699) 307
(416, 699) 308
(408, 700) 309
(409, 700) 310
(408, 700) 311
(406, 700) 312
(406, 700) 313
(403, 701) 314
(403, 701) 315
(402, 701) 316
(399, 701) 317
(398, 701) 318
(397, 702) 319
(394, 702) 320
(392, 702) 321
(393, 702) 322
(392, 701) 323
(398, 701) 324
(403, 700) 325
(408, 700) 326
(417, 700) 327
(419, 699) 328
(421, 699) 329
(422, 698) 330
(424, 697) 331
(425, 697) 332
(426, 696) 333
(427, 696) 334
(428, 695) 335
(429, 694) 336
(431, 694) 337
(434, 695) 338
(436, 696) 339
(439, 696) 340
(441, 697) 341
(440, 697) 342
(440, 698) 343
(440, 698) 344
(441, 697) 345
(440, 697) 346
(438, 695) 347
(439, 695) 348
(440, 695) 349
(440, 695) 350
(440, 695) 351
(440, 695) 352
(440, 695) 353
(439, 695) 354
(440, 695) 355
(440, 695) 356
(440, 695) 357
(440, 694) 358
(439, 693) 359
(439, 692) 360
(439, 692) 361
(439, 691) 362
(438, 690) 363
(439, 688) 364
(439, 688) 365
(443, 687) 366
(450, 686) 367
(457, 686) 368
(467, 686) 369
(476, 686) 370
(487, 686) 371
(497, 686) 372
(501, 686) 373
(506, 687) 374
(505, 687) 375
(505, 686) 376
(505, 687) 377
(502, 687) 378
(498, 687) 379
(495, 688) 380
(491, 689) 381
(491, 689) 382
(490, 690) 383
(490, 691) 384
(491, 691) 385
(492, 692) 386
(492, 693) 387
(491, 693) 388
(490, 694) 389
(484, 694) 390
(483, 694) 391
(483, 695) 392
(482, 695) 393
(476, 695) 394
(471, 695) 395
(466, 694) 396
(462, 694) 397
(458, 694) 398
(455, 693) 399
(451, 693) 400
(448, 692) 401
(445, 691) 402
(442, 691) 403
(440, 690) 404
(437, 689) 405
(435, 688) 406
(432, 688) 407
(430, 687) 408
(428, 686) 409
(427, 685) 410
(425, 684) 411
(424, 683) 412
(423, 681) 413
(422, 680) 414
(420, 679) 415
(419, 678) 416
(418, 678) 417
(418, 677) 418
(417, 677) 419
(412, 678) 420
(415, 678) 421
(417, 678) 422
(419, 679) 423
(418, 679) 424
(417, 679) 425
(419, 679) 426
(421, 679) 427
(423, 680) 428
(425, 680) 429
(428, 681) 430
(429, 681) 431
(430, 682) 432
(431, 682) 433
(433, 682) 434
(435, 683) 435
(435, 684) 436
(435, 684) 437
(434, 685) 438
(430, 685) 439
(424, 685) 440
(419, 686) 441
(414, 686) 442
(411, 686) 443
(408, 686) 444
(405, 687) 445
(402, 687) 446
(400, 687) 447
(398, 688) 448
(396, 688) 449
(394, 688) 450
(393, 688) 451
(392, 689) 452
(390, 689) 453
(389, 689) 454
(388, 690) 455
(389, 691) 456
(390, 692) 457
(393, 693) 458
(393, 694) 459
(393, 694) 460
(397, 695) 461
(401, 697) 462
(405, 698) 463
(408, 699) 464
(418, 701) 465
(923, 293) 190
(922, 293) 191
(921, 292) 192
(920, 292) 193
(918, 291) 194
(916, 291) 195
(913, 290) 196
(910, 289) 197
(906, 288) 198
(902, 287) 199
(895, 287) 200
(889, 288) 201
(883, 288) 202
(877, 288) 203
(872, 289) 204
(868, 289) 205
(864, 289) 206
(860, 289) 207
(857, 290) 208
(856, 289) 209
(853, 290) 210
(851, 290) 211
(849, 289) 212
(847, 289) 213
(846, 289) 214
(845, 289) 215
(843, 289) 216
(842, 289) 217
(841, 289) 218
(841, 289) 219
(841, 289) 220
(846, 288) 221
(852, 287) 222
(857, 286) 223
(862, 285) 224
(866, 285) 225
(870, 284) 226
(873, 283) 227
(876, 282) 228
(879, 281) 229
(881, 281) 230
(882, 280) 231
(883, 279) 232
(883, 280) 233
(884, 279) 234
(886, 279) 235
(887, 278) 236
(889, 277) 237
(892, 277) 238
(894, 276) 239
(897, 276) 240
(901, 275) 241
(906, 275) 242
(912, 275) 243
(917, 274) 244
(921, 274) 245
(925, 274) 246
(929, 274) 247
(932, 273) 248
(935, 273) 249
(937, 273) 250
(940, 273) 251
(942, 272) 252
(944, 272) 253
(946, 272) 254
(947, 272) 255
(950, 272) 256
(957, 273) 257
(968, 274) 258
(982, 275) 259
(994, 276) 260
(1005, 277) 261
(1011, 279) 262
(1019, 281) 263
(1300, 504) 204
(1301, 504) 205
(1304, 504) 206
(1307, 504) 207
(1310, 504) 208
(1311, 504) 209
(1313, 504) 210
(1314, 504) 211
(1317, 504) 212
(1324, 503) 213
(1334, 501) 214
(1344, 500) 215
(1353, 499) 216
(1362, 498) 217
(1367, 497) 218
(1374, 496) 219
(1380, 496) 220
(1386, 495) 221
(1399, 494) 222
(1414, 493) 223
(1429, 493) 224
(1441, 492) 225
(1455, 491) 226
(1467, 490) 227
(1480, 489) 228
(1491, 488) 229
(1502, 488) 230
(1513, 487) 231
(1526, 486) 232
(1539, 485) 233
(1551, 485) 234
(1562, 484) 235
(1573, 483) 236
(1583, 482) 237
(1592, 482) 238
(1599, 481) 239
(1606, 481) 240
(1617, 480) 241
(1628, 480) 242
(1638, 480) 243
(1648, 480) 244
(1656, 480) 245
(1664, 479) 246
(1671, 479) 247
(1677, 479) 248
(1683, 479) 249
(1694, 478) 250
(1705, 477) 251
(1714, 476) 252
(1729, 475) 253
(1737, 474) 254
(1744, 473) 255
(1750, 472) 256
(1756, 471) 257
(1761, 470) 258
(1764, 469) 259
(1767, 468) 260
(1776, 467) 261
(1789, 465) 262
(1801, 463) 263
(1813, 461) 264
(1823, 460) 265
(1833, 459) 266
(1841, 457) 267
(1849, 456) 268
(1855, 455) 269
(1862, 454) 270
(1867, 452) 271
(1872, 451) 272
(1876, 450) 273
(1879, 449) 274
(1882, 449) 275
(1884, 448) 276
(1885, 447) 277
(1887, 446) 278
(1888, 445) 279
(1890, 444) 280
(1891, 444) 281
(1892, 443) 282
(1893, 442) 283
(1897, 440) 284
(1898, 439) 285
(1898, 437) 286
(1898, 436) 287
(1898, 434) 288
(1896, 433) 289
(1890, 433) 290
(1883, 434) 291
(1875, 433) 292
(1869, 433) 293
(1865, 433) 294
(1861, 433) 295
(1856, 433) 296
(1852, 432) 297
(1848, 432) 298
(1844, 432) 299
(1845, 432) 300
(1273, 495) 243
(1273, 495) 244
(1275, 495) 245
(1278, 495) 246
(1281, 495) 247
(1286, 495) 248
(1291, 495) 249
(1297, 494) 250
(1303, 494) 251
(1309, 494) 252
(1315, 492) 253
(1320, 491) 254
(1324, 490) 255
(1327, 489) 256
(1330, 488) 257
(1330, 487) 258
(1328, 486) 259
(1330, 485) 260
(1332, 484) 261
(1330, 483) 262
(1330, 483) 263
(1329, 482) 264
(1329, 481) 265
(1330, 480) 266
(1333, 480) 267
(1338, 479) 268
(1336, 478) 269
(1335, 478) 270
(1334, 478) 271
(1334, 478) 272
(1334, 478) 273
(1334, 478) 274
(1335, 478) 275
(1335, 478) 276
(1332, 479) 277
(1321, 479) 278
(1311, 480) 279
(1303, 480) 280
(1295, 481) 281
(1281, 481) 282
(1274, 482) 283
(1269, 483) 284
(1269, 483) 285
(1269, 484) 286
(1269, 485) 287
(1269, 485) 288
(1269, 486) 289
(1270, 486) 290
(1270, 487) 291
(1271, 488) 292
(1272, 488) 293
(1275, 489) 294
(1278, 489) 295
(1278, 490) 296
(1277, 490) 297
(1274, 491) 298
(1274, 491) 299
(1270, 491) 300
(1270, 492) 301
(1272, 493) 302
(1274, 493) 303
(1275, 494) 304
(1277, 495) 305
(1278, 495) 306
(1279, 496) 307
(1281, 497) 308
(1282, 498) 309
(1284, 498) 310
(1284, 499) 311
(1281, 499) 312
(1276, 499) 313
(1271, 499) 314
(1267, 499) 315
(1264, 499) 316
(1261, 499) 317
(1258, 499) 318
(1256, 499) 319
(1253, 499) 320
(1251, 499) 321
(1249, 499) 322
(1248, 499) 323
(1246, 499) 324
(1246, 499) 325
(1251, 499) 326
(1255, 499) 327
(1255, 500) 328
(1251, 502) 329
(1247, 504) 330
(1242, 506) 331
(1237, 508) 332
(1231, 510) 333
(1224, 512) 334
(1217, 515) 335
(1211, 517) 336
(1206, 519) 337
(1201, 521) 338
(1196, 523) 339
(1193, 525) 340
(1189, 527) 341
(1186, 529) 342
(1183, 531) 343
(1182, 534) 344
(1181, 537) 345
(1181, 541) 346
(1180, 545) 347
(1180, 548) 348
(1172, 551) 349
(1165, 554) 350
(1160, 558) 351
(1157, 562) 352
(1154, 566) 353
(1155, 569) 354
(1152, 574) 355
(1150, 578) 356
(1148, 583) 357
(1147, 587) 358
(1148, 591) 359
(1148, 595) 360
(1148, 599) 361
(1148, 602) 362
(1148, 606) 363
(1149, 609) 364
(1148, 611) 365
(1147, 614) 366
(1146, 616) 367
(1146, 618) 368
(1145, 621) 369
(1144, 623) 370
(1144, 625) 371
(1143, 627) 372
(1143, 629) 373
(1143, 631) 374
(1142, 633) 375
(1142, 635) 376
(1142, 637) 377
(1142, 639) 378
(1141, 641) 379
(1141, 643) 380
(1141, 645) 381
(1141, 647) 382
(1141, 648) 383
(1135, 651) 384
(1131, 653) 385
(1129, 656) 386
(1127, 658) 387
(1126, 661) 388
(1126, 663) 389
(1125, 665) 390
(1125, 667) 391
(1123, 669) 392
(1122, 672) 393
(1119, 675) 394
(1117, 678) 395
(1114, 681) 396
(1114, 684) 397
(1115, 687) 398
(1118, 689) 399
(1124, 692) 400
(1129, 695) 401
(1134, 697) 402
(363, 473) 244
(363, 473) 245
(360, 473) 246
(356, 472) 247
(352, 472) 248
(347, 472) 249
(334, 472) 250
(330, 472) 251
(327, 471) 252
(324, 471) 253
(322, 471) 254
(321, 471) 255
(321, 472) 256
(324, 472) 257
(327, 471) 258
(328, 472) 259
(327, 472) 260
(327, 472) 261
(329, 471) 262
(332, 471) 263
(335, 471) 264
(337, 470) 265
(337, 470) 266
(333, 469) 267
(327, 469) 268
(322, 469) 269
(318, 469) 270
(320, 468) 271
(323, 468) 272
(329, 468) 273
(335, 467) 274
(346, 467) 275
(357, 466) 276
(367, 466) 277
(375, 464) 278
(381, 462) 279
(384, 461) 280
(387, 459) 281
(389, 457) 282
(391, 455) 283
(393, 454) 284
(394, 452) 285
(400, 451) 286
(405, 450) 287
(404, 450) 288
(403, 450) 289
(403, 450) 290
(404, 450) 291
(404, 449) 292
(405, 449) 293
(404, 449) 294
(399, 449) 295
(391, 449) 296
(385, 450) 297
(379, 450) 298
(377, 450) 299
(376, 450) 300
(375, 450) 301
(375, 449) 302
(375, 449) 303
(376, 447) 304
(378, 444) 305
(380, 442) 306
(382, 439) 307
(385, 436) 308
(387, 433) 309
(389, 431) 310
(391, 428) 311
(391, 424) 312
(391, 419) 313
(392, 415) 314
(393, 410) 315
(394, 406) 316
(394, 402) 317
(395, 397) 318
(399, 394) 319
(406, 390) 320
(413, 385) 321
(420, 381) 322
(425, 376) 323
(430, 372) 324
(437, 368) 325
(444, 363) 326
(450, 359) 327
(457, 355) 328
(468, 350) 329
(478, 346) 330
(480, 342) 331
(482, 338) 332
(485, 335) 333
(487, 331) 334
(490, 327) 335
(492, 324) 336
(494, 320) 337
(494, 317) 338
(494, 315) 339
(1586, 443) 273
(1591, 443) 274
(1588, 443) 275
(1583, 443) 276
(1583, 443) 277
(1585, 444) 278
(1587, 444) 279
(1586, 445) 280
(1585, 445) 281
(1584, 445) 282
(1583, 445) 283
(1583, 445) 284
(1584, 445) 285
(1586, 446) 286
(1589, 446) 287
(1589, 446) 288
(1590, 446) 289
(1593, 447) 290
(1593, 447) 291
(1591, 447) 292
(1586, 446) 293
(1581, 446) 294
(1577, 445) 295
(1573, 445) 296
(1568, 445) 297
(1564, 444) 298
(1561, 444) 299
(1555, 444) 300
(1548, 445) 301
(1542, 446) 302
(1537, 446) 303
(1533, 446) 304
(1529, 447) 305
(1532, 447) 306
(1536, 448) 307
(1539, 448) 308
(1539, 449) 309
(1537, 449) 310
(1534, 449) 311
(1531, 449) 312
(1525, 449) 313
(1522, 449) 314
(1521, 449) 315
(1516, 450) 316
(1512, 450) 317
(1514, 450) 318
(1517, 449) 319
(1519, 449) 320
(1527, 449) 321
(1534, 450) 322
(1542, 450) 323
(1549, 450) 324
(1556, 450) 325
(1557, 450) 326
(1557, 451) 327
(1557, 451) 328
(1556, 451) 329
(1555, 451) 330
(1554, 451) 331
(1553, 451) 332
(1552, 451) 333
(1551, 451) 334
(1550, 451) 335
(1549, 451) 336
(1545, 450) 337
(1540, 448) 338
(1535, 447) 339
(1530, 445) 340
(1526, 444) 341
(1523, 442) 342
(1519, 441) 343
(1516, 439) 344
(1513, 438) 345
(1511, 436) 346
(1503, 435) 347
(1501, 434) 348
(1499, 433) 349
(1498, 431) 350
(1493, 430) 351
(1481, 430) 352
(1474, 429) 353
(1469, 428) 354
(1466, 426) 355
(1462, 425) 356
(1460, 424) 357
(1457, 423) 358
(1455, 421) 359
(1453, 420) 360
(1451, 419) 361
(1450, 418) 362
(1449, 417) 363
(1448, 416) 364
(1446, 416) 365
(1444, 415) 366
(1443, 415) 367
(1442, 415) 368
(1442, 415) 369
(1441, 415) 370
(1441, 415) 371
(1441, 415) 372
(1441, 415) 373
(1440, 415) 374
(1440, 416) 375
(1434, 416) 376
(1430, 417) 377
(1426, 417) 378
(1426, 417) 379
(1421, 417) 380
(1415, 416) 381
(1410, 416) 382
(1410, 416) 383
(1412, 415) 384
(1412, 414) 385
(1413, 413) 386
(1414, 412) 387
(1414, 411) 388
(1414, 410) 389
(1414, 409) 390
(1415, 408) 391
(1418, 408) 392
(1421, 408) 393
(1423, 408) 394
(1426, 409) 395
(1428, 409) 396
(1430, 409) 397
(1431, 409) 398
(1433, 409) 399
(1438, 409) 400
(1442, 410) 401
(1446, 410) 402
(1450, 411) 403
(1453, 411) 404
(1461, 412) 405
(1463, 413) 406
(1464, 413) 407
(1466, 413) 408
(1467, 414) 409
(1468, 414) 410
(1469, 414) 411
(1470, 415) 412
(1475, 416) 413
(1480, 418) 414
(1484, 419) 415
(1487, 421) 416
(1491, 422) 417
(1493, 424) 418
(1496, 425) 419
(1496, 427) 420
(1496, 428) 421
(1496, 430) 422
(1496, 431) 423
(1496, 433) 424
(1496, 434) 425
(1496, 435) 426
(1500, 436) 427
(1504, 436) 428
(1507, 437) 429
(1509, 437) 430
(1511, 438) 431
(1512, 438) 432
(1512, 438) 433
(1511, 439) 434
(1510, 439) 435
(1509, 439) 436
(1509, 440) 437
(1508, 440) 438
(1507, 440) 439
(1507, 440) 440
(1507, 441) 441
(1499, 441) 442
(1492, 441) 443
(1486, 441) 444
(1473, 442) 445
(1461, 442) 446
(1456, 442) 447
(1452, 442) 448
(1447, 442) 449
(1444, 443) 450
(1440, 443) 451
(1432, 443) 452
(1426, 443) 453
(1420, 443) 454
(1415, 443) 455
(1410, 443) 456
(1406, 443) 457
(1402, 443) 458
(1399, 443) 459
(1395, 443) 460
(1393, 443) 461
(1390, 443) 462
(1388, 443) 463
(1386, 443) 464
(1384, 443) 465
(1382, 443) 466
(1374, 442) 467
(1366, 442) 468
(1360, 441) 469
(1354, 440) 470
(1348, 439) 471
(1343, 438) 472
(1339, 437) 473
(1335, 437) 474
(1331, 436) 475
(1328, 435) 476
(1325, 434) 477
(1322, 434) 478
(1320, 433) 479
(1318, 432) 480
(1315, 432) 481
(1314, 432) 482
(1313, 432) 483
(1314, 432) 484
(1314, 432) 485
(1315, 432) 486
(1319, 433) 487
(1322, 433) 488
(1321, 435) 489
(1320, 436) 490
(1319, 437) 491
(1319, 438) 492
(1318, 439) 493
(1318, 441) 494
(1317, 442) 495
(1317, 443) 496
(1317, 444) 497
(1316, 445) 498
(1316, 446) 499
(1316, 447) 500
(1316, 448) 501
(1315, 449) 502
(1315, 450) 503
(1315, 451) 504
(1319, 451) 505
(1323, 451) 506
(1323, 451) 507
(1322, 451) 508
(1322, 451) 509
(1322, 451) 510
(1322, 451) 511
(1318, 451) 512
(1313, 452) 513
(1309, 452) 514
(1305, 453) 515
(1305, 454) 516
(1305, 456) 517
(1307, 457) 518
(1309, 458) 519
(1309, 458) 520
(1309, 458) 521
(1310, 459) 522
(1312, 461) 523
(1312, 463) 524
(1312, 464) 525
(1313, 466) 526
(1314, 468) 527
(1315, 469) 528
(1316, 471) 529
(1317, 473) 530
(1317, 474) 531
(1318, 476) 532
(1318, 477) 533
(1318, 479) 534
(1317, 479) 535
(1316, 480) 536
(1314, 481) 537
(1313, 482) 538
(1312, 483) 539
(1311, 484) 540
(1307, 484) 541
(1303, 485) 542
(1300, 485) 543
(1297, 486) 544
(1295, 486) 545
(1293, 487) 546
(1291, 487) 547
(1290, 488) 548
(1288, 488) 549
(1287, 488) 550
(1286, 489) 551
(1285, 489) 552
(1285, 489) 553
(1290, 489) 554
(1294, 489) 555
(1298, 489) 556
(1301, 488) 557
(1301, 489) 558
(1301, 488) 559
(1301, 488) 560
(1299, 488) 561
(1296, 489) 562
(1293, 489) 563
(1291, 489) 564
(1287, 490) 565
(1284, 490) 566
(1281, 490) 567
(1279, 491) 568
(1277, 491) 569
(1275, 492) 570
(1273, 492) 571
(1271, 492) 572
(1270, 493) 573
(1269, 493) 574
(1268, 493) 575
(1266, 494) 576
(1266, 494) 577
(1264, 494) 578
(1263, 495) 579
(1263, 495) 580
(1262, 495) 581
(1262, 495) 582
(1265, 494) 583
(1267, 494) 584
(1267, 493) 585
(1266, 492) 586
(1264, 492) 587
(1264, 492) 588
(1263, 493) 589
(1262, 493) 590
(1262, 494) 591
(1261, 495) 592
(1259, 496) 593
(1257, 496) 594
(1256, 498) 595
(1255, 499) 596
(1253, 500) 597
(1252, 501) 598
(1248, 502) 599
(1245, 504) 600
(1243, 506) 601
(1241, 508) 602
(1239, 511) 603
(1240, 512) 604
(1244, 513) 605
(1248, 514) 606
(1251, 515) 607
(1254, 515) 608
(1257, 516) 609
(1259, 517) 610
(1262, 518) 611
(1264, 518) 612
(1265, 519) 613
(1267, 520) 614
(1270, 519) 615
(1273, 518) 616
(1275, 517) 617
(1275, 516) 618
(1272, 516) 619
(1268, 516) 620
(1263, 516) 621
(1259, 517) 622
(1254, 517) 623
(1253, 518) 624
(1252, 518) 625
(1251, 518) 626
(1250, 519) 627
(1249, 519) 628
(1248, 519) 629
(1247, 520) 630
(1242, 519) 631
(1236, 519) 632
(1230, 518) 633
(1224, 518) 634
(1217, 517) 635
(1210, 517) 636
(1200, 514) 637
(1186, 512) 638
(1172, 510) 639
(1158, 508) 640
(1146, 506) 641
(1135, 505) 642
(1126, 503) 643
(1117, 501) 644
(1109, 499) 645
(1101, 497) 646
(1093, 495) 647
(1085, 492) 648
(1078, 490) 649
(1072, 488) 650
(1062, 485) 651
(1054, 482) 652
(1044, 478) 653
(1035, 475) 654
(1025, 471) 655
(1017, 468) 656
(1009, 464) 657
(998, 461) 658
(988, 458) 659
(980, 454) 660
(972, 451) 661
(963, 448) 662
(955, 445) 663
(946, 442) 664
(938, 438) 665
(931, 435) 666
(924, 432) 667
(917, 429) 668
(911, 426) 669
(905, 423) 670
(898, 421) 671
(891, 419) 672
(882, 417) 673
(875, 416) 674
(868, 415) 675
(861, 414) 676
(853, 413) 677
(846, 412) 678
(839, 411) 679
(832, 411) 680
(825, 410) 681
(818, 409) 682
(813, 408) 683
(808, 407) 684
(803, 407) 685
(801, 405) 686
(798, 403) 687
(796, 401) 688
(794, 399) 689
(788, 396) 690
(783, 393) 691
(778, 392) 692
(773, 390) 693
(769, 389) 694
(764, 388) 695
(760, 387) 696
(756, 386) 697
(751, 386) 698
(747, 385) 699
(742, 385) 700
(738, 384) 701
(733, 385) 702
(729, 386) 703
(724, 388) 704
(720, 389) 705
(716, 391) 706
(712, 392) 707
(709, 394) 708
(706, 396) 709
(703, 398) 710
(701, 399) 711
(698, 401) 712
(696, 403) 713
(694, 405) 714
(692, 407) 715
(691, 409) 716
(689, 410) 717
(687, 412) 718
(680, 414) 719
(673, 414) 720
(666, 415) 721
(660, 416) 722
(655, 417) 723
(651, 418) 724
(649, 419) 725
(647, 420) 726
(647, 422) 727
(645, 422) 728
(642, 423) 729
(640, 423) 730
(638, 423) 731
(636, 424) 732
(635, 424) 733
(633, 424) 734
(632, 425) 735
(631, 425) 736
(630, 425) 737
(629, 426) 738
(628, 426) 739
(627, 426) 740
(626, 426) 741
(626, 427) 742
(626, 427) 743
(630, 427) 744
(633, 427) 745
(633, 427) 746
(640, 426) 747
(647, 426) 748
(646, 426) 749
(645, 427) 750
(645, 427) 751
(644, 428) 752
(644, 429) 753
(645, 429) 754
(644, 430) 755
(644, 431) 756
(643, 432) 757
(641, 433) 758
(638, 434) 759
(635, 435) 760
(632, 436) 761
(629, 437) 762
(627, 437) 763
(625, 437) 764
(625, 438) 765
(625, 438) 766
(627, 438) 767
(629, 438) 768
(629, 438) 769
(631, 438) 770
(633, 438) 771
(635, 439) 772
(636, 439) 773
(638, 439) 774
(639, 439) 775
(640, 439) 776
(641, 439) 777
(642, 439) 778
(643, 440) 779
(642, 441) 780
(641, 442) 781
(641, 443) 782
(640, 445) 783
(1059, 513) 424
(1064, 513) 425
(1071, 514) 426
(1076, 514) 427
(1081, 515) 428
(1086, 515) 429
(1094, 515) 430
(1101, 515) 431
(1106, 514) 432
(1112, 513) 433
(1117, 512) 434
(1122, 511) 435
(1126, 509) 436
(1130, 508) 437
(1132, 506) 438
(1134, 503) 439
(1136, 501) 440
(1138, 498) 441
(1139, 496) 442
(1140, 494) 443
(1141, 491) 444
(1142, 489) 445
(1143, 487) 446
(1144, 485) 447
(1144, 483) 448
(1139, 481) 449
(1135, 480) 450
(1131, 479) 451
(1126, 478) 452
(1121, 478) 453
(1122, 477) 454
(1121, 477) 455
(1118, 477) 456
(1115, 477) 457
(1115, 477) 458
(1115, 477) 459
(1115, 478) 460
(1115, 478) 461
(1118, 479) 462
(1120, 480) 463
(1122, 481) 464
(1124, 482) 465
(1126, 483) 466
(1128, 484) 467
(1129, 486) 468
(1130, 488) 469
(1131, 490) 470
(1132, 492) 471
(1133, 493) 472
(1134, 495) 473
(1135, 497) 474
(1135, 499) 475
(1136, 500) 476
(1136, 502) 477
(1137, 504) 478
(1137, 505) 479
(1140, 506) 480
(1139, 507) 481
(1137, 507) 482
(1134, 508) 483
(1132, 508) 484
(1130, 509) 485
(1128, 509) 486
(1127, 510) 487
(1125, 510) 488
(1124, 511) 489
(1123, 511) 490
(1122, 511) 491
(1121, 512) 492
(1120, 512) 493
(1113, 512) 494
(1108, 512) 495
(1105, 511) 496
(1103, 511) 497
(1103, 511) 498
(1104, 510) 499
(1107, 510) 500
(1110, 510) 501
(1113, 509) 502
(1117, 509) 503
(1122, 508) 504
(1130, 507) 505
(1138, 506) 506
(1146, 505) 507
(1153, 504) 508
(1160, 503) 509
(1166, 502) 510
(1165, 500) 511
(1165, 497) 512
(1165, 495) 513
(1165, 493) 514
(1165, 491) 515
(1165, 489) 516
(1165, 487) 517
(1165, 485) 518
(1165, 483) 519
(1165, 481) 520
(1166, 481) 521
(1168, 480) 522
(1169, 480) 523
(1169, 480) 524
(1169, 479) 525
(1168, 479) 526
(1168, 479) 527
(1172, 480) 528
(1177, 480) 529
(1181, 481) 530
(1184, 482) 531
(1187, 483) 532
(1190, 483) 533
(1192, 484) 534
(1187, 485) 535
(1131, 825) 425
(1132, 824) 426
(1133, 824) 427
(1134, 824) 428
(1133, 824) 429
(1129, 824) 430
(1125, 824) 431
(1122, 823) 432
(1125, 823) 433
(1131, 823) 434
(1139, 821) 435
(1148, 820) 436
(1156, 818) 437
(1163, 817) 438
(1170, 815) 439
(1176, 814) 440
(1181, 813) 441
(1185, 811) 442
(1190, 809) 443
(1193, 807) 444
(1197, 805) 445
(1206, 802) 446
(1214, 799) 447
(1221, 795) 448
(1228, 792) 449
(1232, 789) 450
(1236, 786) 451
(1234, 782) 452
(1231, 779) 453
(1231, 775) 454
(1232, 772) 455
(1236, 769) 456
(1239, 765) 457
(1241, 762) 458
(1238, 760) 459
(1236, 757) 460
(1233, 755) 461
(1232, 753) 462
(1231, 751) 463
(1232, 748) 464
(1234, 744) 465
(1234, 742) 466
(1235, 740) 467
(1235, 738) 468
(1238, 735) 469
(1245, 731) 470
(1251, 727) 471
(1257, 724) 472
(1261, 721) 473
(1265, 718) 474
(1267, 715) 475
(1268, 713) 476
(1270, 711) 477
(1271, 709) 478
(1272, 707) 479
(1273, 704) 480
(1274, 702) 481
(1275, 700) 482
(1276, 698) 483
(1276, 696) 484
(1277, 695) 485
(1277, 693) 486
(1278, 691) 487
(1278, 689) 488
(1279, 687) 489
(1279, 686) 490
(1280, 684) 491
(1281, 682) 492
(1282, 681) 493
(1284, 682) 494
(1287, 682) 495
(1290, 683) 496
(1293, 684) 497
(1296, 685) 498
(1299, 686) 499
(1302, 687) 500
(1304, 689) 501
(1306, 690) 502
(1308, 691) 503
(1309, 692) 504
(1311, 694) 505
(1311, 694) 506
(1312, 695) 507
(1312, 696) 508
(1306, 698) 509
(1301, 699) 510
(1298, 701) 511
(1294, 703) 512
(1292, 704) 513
(1288, 706) 514
(1286, 708) 515
(1165, 805) 439
(1164, 804) 440
(1163, 804) 441
(1161, 804) 442
(1157, 805) 443
(1154, 805) 444
(1151, 805) 445
(1149, 805) 446
(1147, 806) 447
(1145, 806) 448
(1144, 806) 449
(1140, 806) 450
(1136, 805) 451
(1132, 805) 452
(1128, 804) 453
(1124, 804) 454
(1125, 804) 455
(1123, 804) 456
(1120, 804) 457
(1118, 805) 458
(1117, 805) 459
(1115, 805) 460
(1113, 805) 461
(1112, 806) 462
(1111, 806) 463
(1110, 806) 464
(1110, 806) 465
(1111, 806) 466
(1113, 806) 467
(1115, 806) 468
(1117, 806) 469
(1118, 806) 470
(1122, 806) 471
(1132, 805) 472
(1142, 804) 473
(1150, 804) 474
(1158, 803) 475
(1165, 802) 476
(1171, 801) 477
(1176, 801) 478
(1178, 799) 479
(1177, 798) 480
(1176, 797) 481
(1176, 796) 482
(1175, 795) 483
(1175, 794) 484
(1174, 794) 485
(1172, 793) 486
(1170, 793) 487
(1168, 793) 488
(1165, 793) 489
(1162, 793) 490
(1160, 793) 491
(1157, 793) 492
(1154, 793) 493
(1148, 793) 494
(1142, 793) 495
(1138, 793) 496
(1130, 792) 497
(1121, 791) 498
(1112, 790) 499
(1110, 789) 500
(1916, 468) 463
(1914, 467) 464
(1914, 468) 465
(1915, 468) 466
(1915, 468) 467
(1916, 467) 468
(1917, 466) 469
(14, 464) 470
(17, 463) 471
(20, 461) 472
(25, 460) 473
(33, 458) 474
(37, 457) 475
(44, 456) 476
(51, 454) 477
(58, 452) 478
(68, 450) 479
(77, 448) 480
(85, 447) 481
(93, 445) 482
(102, 445) 483
(112, 445) 484
(126, 445) 485
(139, 445) 486
(150, 445) 487
(160, 445) 488
(170, 445) 489
(178, 445) 490
(183, 446) 491
(187, 447) 492
(190, 448) 493
(193, 448) 494
(195, 449) 495
(196, 449) 496
(198, 449) 497
(199, 449) 498
(200, 449) 499
(201, 448) 500
(202, 448) 501
(203, 447) 502
(205, 447) 503
(207, 446) 504
(209, 445) 505
(211, 444) 506
(214, 444) 507
(216, 443) 508
(216, 442) 509
(215, 442) 510
(212, 443) 511
(209, 443) 512
(206, 443) 513
(200, 443) 514
(195, 442) 515
(187, 440) 516
(180, 438) 517
(174, 436) 518
(168, 434) 519
(163, 432) 520
(160, 430) 521
(157, 428) 522
(156, 426) 523
(1628, 639) 536
(1629, 639) 537
(1632, 639) 538
(1637, 638) 539
(1642, 637) 540
(1648, 634) 541
(1654, 632) 542
(1657, 630) 543
(1663, 628) 544
(1667, 626) 545
(1672, 624) 546
(1676, 621) 547
(1680, 619) 548
(1683, 617) 549
(1686, 615) 550
(1688, 614) 551
(1690, 612) 552
(1692, 611) 553
(1694, 609) 554
(1704, 608) 555
(1712, 606) 556
(1720, 605) 557
(1728, 603) 558
(1734, 602) 559
(1734, 601) 560
(1735, 601) 561
(1736, 600) 562
(1737, 599) 563
(1738, 598) 564
(1738, 597) 565
(1738, 596) 566
(1738, 595) 567
(1737, 593) 568
(1734, 591) 569
(1728, 589) 570
(1722, 587) 571
(1717, 585) 572
(1713, 583) 573
(1709, 581) 574
(1705, 579) 575
(1702, 577) 576
(1699, 575) 577
(1694, 573) 578
(1688, 570) 579
(1683, 567) 580
(1677, 564) 581
(1672, 561) 582
(1670, 557) 583
(1670, 554) 584
(1671, 549) 585
(1672, 545) 586
(1666, 542) 587
(1661, 539) 588
(1655, 535) 589
(1650, 532) 590
(1644, 529) 591
(1632, 526) 592
(1617, 524) 593
(1602, 522) 594
(1589, 520) 595
(1579, 518) 596
(1569, 516) 597
(1560, 514) 598
(1552, 512) 599
(1544, 510) 600
(1538, 508) 601
(1532, 506) 602
(1526, 504) 603
(1516, 502) 604
(1506, 501) 605
(1498, 499) 606
(1490, 498) 607
(1484, 496) 608
(1477, 495) 609
(1472, 493) 610
(1467, 492) 611
(1463, 491) 612
(1459, 489) 613
(1455, 488) 614
(1452, 487) 615
(1449, 485) 616
(1446, 484) 617
(1444, 483) 618
(1442, 482) 619
(1440, 481) 620
(1438, 480) 621
(1436, 478) 622
(1435, 477) 623
(1429, 475) 624
(1425, 472) 625
(1421, 470) 626
(1416, 468) 627
(1412, 466) 628
(1409, 464) 629
(1407, 462) 630
(1406, 460) 631
(1406, 458) 632
(1412, 456) 633
(1424, 454) 634
(1435, 453) 635
(1446, 452) 636
(1457, 450) 637
(1470, 449) 638
(1482, 447) 639
(1492, 445) 640
(1503, 444) 641
(1512, 442) 642
(1519, 441) 643
(1283, 643) 606
(1283, 643) 607
(1283, 643) 608
(1284, 643) 609
(1285, 643) 610
(1287, 644) 611
(1288, 644) 612
(1290, 645) 613
(1292, 645) 614
(1294, 646) 615
(1296, 646) 616
(1297, 647) 617
(1299, 648) 618
(1301, 650) 619
(1302, 651) 620
(1303, 652) 621
(1304, 653) 622
(1304, 654) 623
(1303, 656) 624
(1303, 657) 625
(1302, 658) 626
(1302, 660) 627
(1302, 661) 628
(1302, 662) 629
(1301, 664) 630
(1301, 665) 631
(1301, 666) 632
(1301, 667) 633
(1300, 668) 634
(1300, 670) 635
(1300, 671) 636
(1300, 672) 637
(1303, 672) 638
(1302, 671) 639
(1302, 670) 640
(1302, 668) 641
(1301, 667) 642
(1301, 666) 643
(1301, 665) 644
(1301, 664) 645
(1301, 663) 646
(1300, 662) 647
(1300, 661) 648
(1300, 660) 649
(1300, 659) 650
(1293, 658) 651
(1288, 656) 652
(1282, 655) 653
(1277, 654) 654
(1272, 653) 655
(1268, 652) 656
(1263, 651) 657
(1258, 649) 658
(1251, 646) 659
(1243, 644) 660
(1237, 641) 661
(1232, 639) 662
(1226, 637) 663
(1221, 634) 664
(1215, 632) 665
(1208, 630) 666
(1198, 628) 667
(1187, 626) 668
(1177, 624) 669
(1166, 623) 670
(1155, 621) 671
(1142, 620) 672
(1129, 618) 673
(1116, 617) 674
(1104, 616) 675
(1092, 615) 676
(1083, 614) 677
(1074, 613) 678
(1061, 612) 679
(1054, 611) 680
(1048, 609) 681
(1043, 607) 682
(1038, 606) 683
(1034, 604) 684
(1030, 603) 685
(1027, 602) 686
(1025, 600) 687
(1022, 599) 688
(1020, 597) 689
(1018, 595) 690
(1017, 594) 691
(1015, 592) 692
(1014, 591) 693
(1013, 589) 694
(1011, 588) 695
(1011, 587) 696
(1010, 585) 697
(1009, 584) 698
(1009, 583) 699
(1008, 581) 700
(1008, 580) 701
(1008, 579) 702
(1008, 578) 703
(1008, 577) 704
(1008, 576) 705
(1008, 575) 706
(1008, 573) 707
(1009, 572) 708
(1010, 571) 709
(1010, 570) 710
(1011, 569) 711
(1012, 568) 712
(1012, 567) 713
(1013, 565) 714
(1013, 564) 715
(1014, 563) 716
(1018, 563) 717
(1868, 408) 622
(1865, 407) 623
(1862, 407) 624
(1858, 407) 625
(1855, 407) 626
(1854, 408) 627
(1852, 409) 628
(1848, 410) 629
(1844, 411) 630
(1837, 412) 631
(1829, 414) 632
(1821, 414) 633
(1812, 413) 634
(1804, 413) 635
(1797, 413) 636
(1789, 413) 637
(1781, 413) 638
(1775, 413) 639
(1769, 413) 640
(1764, 413) 641
(1759, 413) 642
(1754, 413) 643
(1751, 412) 644
(1747, 412) 645
(1744, 412) 646
(1741, 412) 647
(1738, 412) 648
(1736, 412) 649
(1734, 412) 650
(1732, 412) 651
(1728, 411) 652
(1724, 410) 653
(1722, 409) 654
(1721, 409) 655
(1721, 408) 656
(1719, 407) 657
(1716, 406) 658
(1715, 405) 659
(1713, 405) 660
(1712, 404) 661
(1711, 403) 662
(1711, 403) 663
(1715, 402) 664
(1720, 402) 665
(1725, 402) 666
(1730, 401) 667
(1735, 401) 668
(1739, 401) 669
(1744, 400) 670
(1748, 400) 671
(1753, 400) 672
(1760, 399) 673
(1768, 398) 674
(1776, 398) 675
(1784, 397) 676
(1791, 396) 677
(1798, 396) 678
(1804, 395) 679
(1808, 394) 680
(1811, 394) 681
(1815, 393) 682
(1818, 392) 683
(1821, 392) 684
(1824, 391) 685
(1827, 390) 686
(1830, 390) 687
(1833, 389) 688
(1836, 388) 689
(1836, 388) 690
(1836, 387) 691
(1837, 387) 692
(855, 832) 669
(855, 832) 670
(855, 832) 671
(855, 832) 672
(855, 832) 673
(855, 832) 674
(848, 831) 675
(839, 829) 676
(836, 829) 677
(834, 828) 678
(832, 827) 679
(833, 827) 680
(833, 826) 681
(833, 825) 682
(834, 825) 683
(834, 824) 684
(833, 824) 685
(828, 823) 686
(822, 822) 687
(816, 821) 688
(816, 820) 689
(815, 819) 690
(815, 818) 691
(814, 817) 692
(814, 816) 693
(813, 815) 694
(813, 815) 695
(805, 814) 696
(804, 813) 697
(802, 813) 698
(799, 812) 699
(791, 811) 700
(790, 810) 701
(790, 810) 702
(790, 809) 703
(790, 809) 704
(789, 808) 705
(786, 808) 706
(783, 807) 707
(780, 807) 708
(778, 807) 709
(776, 806) 710
(776, 806) 711
(778, 806) 712
(781, 805) 713
(784, 805) 714
(785, 804) 715
(785, 804) 716
(781, 803) 717
(775, 802) 718
(771, 801) 719
(767, 800) 720
(762, 798) 721
(759, 797) 722
(755, 795) 723
(752, 793) 724
(752, 792) 725
(754, 791) 726
(758, 789) 727
(761, 788) 728
(765, 787) 729
(764, 785) 730
(761, 784) 731
(754, 781) 732
(747, 778) 733
(742, 776) 734
(737, 773) 735
(734, 771) 736
(734, 768) 737
(486, 748) 683
(486, 748) 684
(487, 748) 685
(488, 748) 686
(488, 748) 687
(489, 749) 688
(489, 749) 689
(489, 749) 690
(485, 749) 691
(480, 749) 692
(476, 749) 693
(472, 750) 694
(469, 750) 695
(466, 750) 696
(463, 750) 697
(461, 750) 698
(459, 750) 699
(457, 751) 700
(455, 751) 701
(454, 751) 702
(452, 751) 703
(451, 751) 704
(450, 751) 705
(449, 751) 706
(448, 752) 707
(440, 752) 708
(438, 751) 709
(437, 751) 710
(435, 751) 711
(434, 750) 712
(433, 750) 713
(432, 750) 714
(431, 750) 715
(430, 749) 716
(429, 749) 717
(429, 749) 718
(428, 748) 719
(427, 748) 720
(427, 748) 721
(427, 748) 722
(431, 747) 723
(435, 746) 724
(439, 746) 725
(442, 745) 726
(446, 745) 727
(448, 744) 728
(451, 744) 729
(453, 743) 730
(455, 742) 731
(456, 742) 732
(458, 742) 733
(467, 742) 734
(472, 742) 735
(476, 742) 736
(479, 742) 737
(484, 742) 738
(488, 741) 739
(492, 741) 740
(495, 741) 741
(498, 741) 742
(500, 741) 743
(502, 741) 744
(504, 741) 745
(506, 740) 746
(507, 740) 747
(508, 740) 748
(510, 739) 749
(511, 739) 750
(512, 738) 751
(513, 736) 752
(514, 735) 753
(514, 734) 754
(515, 733) 755
(516, 732) 756
(516, 730) 757
(517, 729) 758
(517, 728) 759
(518, 727) 760
(518, 726) 761
(520, 726) 762
(522, 727) 763
(522, 727) 764
(523, 727) 765
(527, 727) 766
(529, 726) 767
(531, 726) 768
(531, 725) 769
(530, 724) 770
(529, 723) 771
(528, 722) 772
(527, 721) 773
(527, 720) 774
(526, 719) 775
(524, 719) 776
(523, 718) 777
(522, 717) 778
(521, 716) 779
(520, 715) 780
(519, 715) 781
(519, 715) 782
(521, 715) 783
(519, 715) 784
(519, 715) 785
(517, 714) 786
(517, 714) 787
(516, 714) 788
(518, 714) 789
(519, 714) 790
(520, 714) 791
(518, 714) 792
(518, 713) 793
(515, 713) 794
(514, 713) 795
(505, 713) 796
(500, 713) 797
(496, 712) 798
(492, 712) 799
(488, 712) 800
(484, 712) 801
(481, 711) 802
(478, 711) 803
(476, 711) 804
(476, 711) 805
(477, 711) 806
(480, 711) 807
(486, 711) 808
(491, 711) 809
(499, 712) 810
(501, 712) 811
(507, 713) 812
(512, 713) 813
(517, 714) 814
(522, 714) 815
(527, 715) 816
(531, 715) 817
(533, 715) 818
(535, 715) 819
(537, 715) 820
(540, 715) 821
(543, 716) 822
(545, 716) 823
(547, 717) 824
(549, 717) 825
(549, 717) 826
(551, 718) 827
(554, 718) 828
(554, 719) 829
(555, 720) 830
(556, 720) 831
(558, 721) 832
(563, 722) 833
(567, 723) 834
(567, 724) 835
(566, 725) 836
(565, 725) 837
(565, 726) 838
(564, 726) 839
(563, 727) 840
(561, 727) 841
(561, 727) 842
(562, 727) 843
(564, 727) 844
(565, 728) 845
(564, 728) 846
(563, 729) 847
(563, 729) 848
(570, 729) 849
(577, 729) 850
(587, 730) 851
(597, 730) 852
(605, 731) 853
(613, 731) 854
(620, 732) 855
(626, 732) 856
(624, 733) 857
(623, 733) 858
(616, 733) 859
(613, 733) 860
(611, 733) 861
(609, 733) 862
(603, 733) 863
(601, 732) 864
(596, 732) 865
(593, 732) 866
(592, 732) 867
(592, 731) 868
(593, 732) 869
(591, 731) 870
(590, 729) 871
(584, 729) 872
(579, 728) 873
(574, 727) 874
(570, 726) 875
(566, 725) 876
(563, 725) 877
(561, 724) 878
(558, 723) 879
(556, 722) 880
(553, 722) 881
(550, 722) 882
(547, 722) 883
(545, 722) 884
(543, 722) 885
(541, 722) 886
(539, 721) 887
(537, 721) 888
(535, 721) 889
(534, 721) 890
(533, 721) 891
(532, 721) 892
(531, 721) 893
(531, 721) 894
(530, 721) 895
(529, 720) 896
(529, 720) 897
(535, 721) 898
(540, 721) 899
(545, 721) 900
(553, 721) 901
(560, 721) 902
(566, 722) 903
(567, 722) 904
(568, 722) 905
(568, 722) 906
(568, 722) 907
(568, 722) 908
(563, 722) 909
(559, 721) 910
(560, 722) 911
(559, 722) 912
(558, 723) 913
(557, 723) 914
(556, 723) 915
(556, 723) 916
(556, 724) 917
(561, 724) 918
(567, 724) 919
(569, 724) 920
(574, 724) 921
(578, 724) 922
(581, 725) 923
(585, 725) 924
(589, 726) 925
(593, 726) 926
(598, 727) 927
(602, 727) 928
(600, 728) 929
(598, 728) 930
(588, 728) 931
(582, 727) 932
(575, 727) 933
(575, 727) 934
(574, 728) 935
(574, 727) 936
(574, 727) 937
(574, 727) 938
(573, 725) 939
(570, 724) 940
(568, 723) 941
(568, 721) 942
(568, 720) 943
(567, 718) 944
(567, 716) 945
(561, 714) 946
(556, 712) 947
(554, 711) 948
(551, 711) 949
(553, 710) 950
(555, 708) 951
(557, 707) 952
(558, 706) 953
(560, 704) 954
(560, 703) 955
(559, 703) 956
(557, 702) 957
(550, 702) 958
(549, 703) 959
(547, 703) 960
(546, 704) 961
(545, 704) 962
(545, 705) 963
(546, 706) 964
(547, 707) 965
(547, 709) 966
(549, 710) 967
(551, 711) 968
(552, 713) 969
(554, 714) 970
(557, 716) 971
(557, 717) 972
(557, 718) 973
(560, 718) 974
(565, 719) 975
(1062, 757) 710
(1065, 756) 711
(1065, 756) 712
(1064, 758) 713
(1062, 759) 714
(1060, 760) 715
(1058, 761) 716
(1057, 762) 717
(1055, 764) 718
(1054, 765) 719
(1053, 766) 720
(1052, 767) 721
(1051, 768) 722
(1050, 769) 723
(1049, 770) 724
(1049, 771) 725
(1048, 772) 726
(1047, 773) 727
(1047, 774) 728
(1047, 775) 729
(1046, 776) 730
(1046, 776) 731
(1045, 777) 732
(1044, 777) 733
(1035, 777) 734
(1028, 777) 735
(1021, 778) 736
(1015, 778) 737
(1011, 778) 738
(1013, 778) 739
(1013, 778) 740
(1012, 779) 741
(1012, 779) 742
(1013, 780) 743
(1016, 780) 744
(1017, 781) 745
(1017, 781) 746
(1018, 781) 747
(1019, 781) 748
(1019, 782) 749
(1020, 782) 750
(1020, 782) 751
(1021, 783) 752
(1021, 783) 753
(1021, 783) 754
(1021, 783) 755
(1021, 784) 756
(1019, 784) 757
(1017, 784) 758
(1014, 784) 759
(1012, 783) 760
(1009, 783) 761
(1009, 783) 762
(1009, 782) 763
(1009, 782) 764
(1008, 782) 765
(1008, 781) 766
(1007, 780) 767
(1000, 780) 768
(996, 779) 769
(993, 778) 770
(991, 777) 771
(982, 777) 772
(977, 777) 773
(970, 776) 774
(970, 775) 775
(970, 774) 776
(970, 774) 777
(969, 773) 778
(969, 772) 779
(969, 771) 780
(969, 771) 781
(969, 770) 782
(969, 769) 783
(969, 769) 784
(968, 768) 785
(968, 767) 786
(971, 767) 787
(974, 767) 788
(979, 766) 789
(984, 766) 790
(988, 766) 791
(986, 765) 792
(984, 764) 793
(983, 762) 794
(982, 761) 795
(978, 761) 796
(975, 760) 797
(970, 760) 798
(965, 761) 799
(968, 762) 800
(971, 762) 801
(974, 763) 802
(976, 764) 803
(979, 764) 804
(981, 765) 805
(984, 766) 806
(987, 766) 807
(987, 767) 808
(989, 767) 809
(991, 768) 810
(993, 769) 811
(996, 770) 812
(997, 770) 813
(1000, 771) 814
(1004, 771) 815
(1008, 770) 816
(1012, 770) 817
(1015, 770) 818
(1018, 769) 819
(1021, 769) 820
(1026, 768) 821
(1030, 768) 822
(1034, 766) 823
(1038, 764) 824
(829, 478) 738
(828, 478) 739
(829, 477) 740
(830, 477) 741
(830, 476) 742
(830, 476) 743
(830, 476) 744
(830, 475) 745
(830, 475) 746
(830, 475) 747
(830, 475) 748
(835, 475) 749
(839, 476) 750
(843, 476) 751
(853, 477) 752
(855, 477) 753
(857, 478) 754
(859, 478) 755
(861, 479) 756
(862, 480) 757
(864, 480) 758
(873, 481) 759
(882, 481) 760
(889, 482) 761
(904, 483) 762
(918, 484) 763
(930, 485) 764
(943, 486) 765
(951, 487) 766
(960, 487) 767
(970, 487) 768
(979, 487) 769
(987, 486) 770
(994, 487) 771
(999, 488) 772
(1005, 489) 773
(1009, 489) 774
(1014, 490) 775
(1017, 491) 776
(1015, 491) 777
(1014, 491) 778
(1015, 492) 779
(1016, 493) 780
(1016, 493) 781
(1014, 492) 782
(1011, 491) 783
(1011, 491) 784
(1011, 492) 785
(1011, 493) 786
(1013, 494) 787
(1014, 494) 788
(1016, 495) 789
(1017, 495) 790
(1018, 496) 791
(1019, 496) 792
(1020, 497) 793
(1021, 497) 794
(1021, 498) 795
(1021, 498) 796
(1022, 499) 797
(1022, 499) 798
(1022, 500) 799
(1023, 500) 800
(1023, 501) 801
(1023, 501) 802
(1024, 501) 803
(1024, 502) 804
(1024, 502) 805
(1024, 503) 806
(1025, 503) 807
(1025, 503) 808
(1025, 504) 809
(1025, 504) 810
(1025, 505) 811
(1025, 505) 812
(1025, 505) 813
(1025, 506) 814
(1025, 506) 815
(1025, 506) 816
(1025, 507) 817
(1025, 507) 818
(1025, 507) 819
(1025, 508) 820
(1025, 508) 821
(1025, 508) 822
(1025, 509) 823
(1025, 509) 824
(1032, 510) 825
(1039, 511) 826
(1044, 513) 827
(1042, 513) 828
(1040, 515) 829
(1037, 517) 830
(1284, 486) 773
(1284, 486) 774
(1285, 486) 775
(1285, 485) 776
(1286, 485) 777
(1286, 484) 778
(1286, 484) 779
(1286, 483) 780
(1289, 482) 781
(1291, 481) 782
(1294, 480) 783
(1296, 478) 784
(1299, 477) 785
(1302, 475) 786
(1304, 473) 787
(1307, 471) 788
(1310, 469) 789
(1318, 467) 790
(1325, 465) 791
(1333, 463) 792
(1341, 460) 793
(1348, 458) 794
(1356, 456) 795
(1364, 454) 796
(1371, 451) 797
(1378, 449) 798
(1392, 447) 799
(1407, 445) 800
(1422, 444) 801
(1441, 443) 802
(1458, 442) 803
(1473, 442) 804
(1488, 441) 805
(1495, 440) 806
(1502, 438) 807
(1504, 437) 808
(1506, 436) 809
(1508, 435) 810
(1511, 434) 811
(1513, 433) 812
(1515, 432) 813
(1525, 431) 814
(1537, 431) 815
(1547, 430) 816
(1557, 430) 817
(1566, 429) 818
(1573, 429) 819
(1579, 428) 820
(1584, 428) 821
(1588, 427) 822
(1593, 427) 823
(1593, 428) 824
(1595, 428) 825
(1595, 428) 826
(1595, 428) 827
(1593, 428) 828
(1588, 429) 829
(1584, 429) 830
(1578, 430) 831
(1572, 430) 832
(1560, 431) 833
(1550, 431) 834
(1541, 432) 835
(1533, 432) 836
(1525, 433) 837
(1518, 433) 838
(1512, 434) 839
(1507, 434) 840
(1502, 435) 841
(1497, 435) 842
(1498, 434) 843
(1497, 434) 844
(1496, 433) 845
(1496, 432) 846
(1501, 433) 847
(1501, 433) 848
(1505, 434) 849
(1503, 434) 850
(1501, 435) 851
(1495, 436) 852
(1487, 437) 853
(1480, 437) 854
(1473, 438) 855
(1467, 439) 856
(1462, 439) 857
(1462, 441) 858
(1467, 442) 859
(1467, 443) 860
(1471, 444) 861
(1476, 444) 862
(1482, 445) 863
(1487, 445) 864
(1490, 446) 865
(1492, 447) 866
(1496, 447) 867
(1500, 448) 868
(1503, 448) 869
(1504, 449) 870
(1505, 449) 871
(1506, 449) 872
(1506, 449) 873
(1506, 449) 874
(1506, 449) 875
(1506, 450) 876
(1506, 450) 877
(1506, 450) 878
(1505, 450) 879
(1504, 450) 880
(1503, 450) 881
(1502, 450) 882
(1500, 451) 883
(1498, 451) 884
(1497, 451) 885
(1498, 451) 886
(1499, 451) 887
(1499, 451) 888
(1500, 452) 889
(1501, 452) 890
(1501, 452) 891
(1502, 452) 892
(1502, 452) 893
(1502, 453) 894
(1503, 453) 895
(1503, 453) 896
(1503, 453) 897
(1503, 453) 898
(1504, 453) 899
(1504, 453) 900
(1504, 454) 901
(1504, 454) 902
(1504, 454) 903
(1498, 453) 904
(1492, 452) 905
(1486, 452) 906
(1480, 451) 907
(1475, 451) 908
(1470, 450) 909
(1465, 450) 910
(1461, 449) 911
(1457, 448) 912
(1454, 448) 913
(1455, 448) 914
(1457, 447) 915
(1459, 447) 916
(1460, 446) 917
(1462, 446) 918
(1464, 446) 919
(1466, 445) 920
(1467, 445) 921
(1469, 445) 922
(1470, 444) 923
(1471, 444) 924
(1472, 444) 925
(1473, 444) 926
(1473, 444) 927
(1474, 444) 928
(1474, 444) 929
(1475, 444) 930
(1476, 444) 931
(1476, 444) 932
(1476, 444) 933
(1477, 444) 934
(1477, 444) 935
(1477, 444) 936
(1477, 444) 937
(1477, 444) 938
(1477, 444) 939
(1476, 444) 940
(1476, 444) 941
(1476, 444) 942
(1476, 444) 943
(1476, 445) 944
(1476, 445) 945
(1475, 445) 946
(1475, 445) 947
(1475, 445) 948
(1475, 445) 949
(1474, 445) 950
(1474, 445) 951
(1473, 445) 952
(1472, 445) 953
(1472, 445) 954
(1471, 445) 955
(1470, 445) 956
(1469, 445) 957
(1468, 446) 958
(1468, 446) 959
(1467, 446) 960
(1466, 446) 961
(1465, 446) 962
(1464, 446) 963
(1464, 446) 964
(1463, 446) 965
(1462, 446) 966
(1462, 446) 967
(1456, 447) 968
(1451, 448) 969
(1447, 448) 970
(1443, 448) 971
(1439, 448) 972
(1436, 448) 973
(1433, 448) 974
(1432, 448) 975
(1432, 448) 976
(1431, 448) 977
(1431, 448) 978
(1431, 447) 979
(1431, 447) 980
(1431, 447) 981
(1431, 447) 982
(1436, 447) 983
(1440, 447) 984
(1445, 447) 985
(1448, 448) 986
(1453, 447) 987
(1461, 446) 988
(1467, 445) 989
(1470, 445) 990
(1469, 444) 991
(1467, 443) 992
(1462, 442) 993
(1456, 441) 994
(1453, 440) 995
(1449, 439) 996
(1447, 439) 997
(1441, 439) 998
(1429, 439) 999
(1418, 439) 1000
(1408, 440) 1001
(1401, 441) 1002
(1393, 441) 1003
(1384, 441) 1004
(1376, 441) 1005
(1921, 326) 792
(1921, 325) 793
(1920, 325) 794
(1918, 325) 795
(1912, 325) 796
(1905, 325) 797
(1899, 325) 798
(1892, 325) 799
(1885, 325) 800
(1878, 324) 801
(1870, 324) 802
(1856, 323) 803
(1843, 322) 804
(1831, 322) 805
(1818, 323) 806
(1804, 326) 807
(1791, 328) 808
(1782, 329) 809
(1771, 331) 810
(1764, 332) 811
(1757, 334) 812
(1750, 335) 813
(1743, 336) 814
(1738, 337) 815
(1733, 338) 816
(1728, 339) 817
(1724, 340) 818
(1720, 341) 819
(1717, 342) 820
(1713, 343) 821
(1711, 344) 822
(1708, 344) 823
(1706, 345) 824
(1704, 346) 825
(1702, 347) 826
(1701, 348) 827
(1701, 349) 828
(1703, 349) 829
(1708, 349) 830
(1713, 349) 831
(1718, 349) 832
(1723, 350) 833
(1727, 350) 834
(1732, 350) 835
(1737, 350) 836
(1742, 350) 837
(1750, 351) 838
(1758, 351) 839
(1765, 352) 840
(1772, 352) 841
(1779, 352) 842
(1784, 353) 843
(1790, 353) 844
(1794, 354) 845
(1798, 354) 846
(1802, 354) 847
(1805, 355) 848
(1808, 355) 849
(1811, 355) 850
(1813, 356) 851
(1815, 356) 852
(1817, 356) 853
(1819, 356) 854
(1820, 357) 855
(1822, 357) 856
(1823, 357) 857
(1824, 357) 858
(1825, 358) 859
(1826, 358) 860
(1827, 358) 861
(1827, 358) 862
(1828, 359) 863
(1829, 359) 864
(1829, 359) 865
(1830, 359) 866
(1835, 359) 867
(1841, 358) 868
(1846, 358) 869
(1851, 357) 870
(1856, 357) 871
(1860, 357) 872
(1865, 356) 873
(1871, 355) 874
(1881, 355) 875
(1885, 354) 876
(1890, 354) 877
(1894, 353) 878
(1897, 352) 879
(1901, 351) 880
(1904, 351) 881
(1906, 350) 882
(1909, 349) 883
(1911, 349) 884
(1913, 348) 885
(1914, 347) 886
(1916, 347) 887
(1917, 346) 888
(1919, 345) 889
(1920, 345) 890
(1920, 344) 891
(1916, 344) 892
(1911, 343) 893
(1905, 343) 894
(1900, 342) 895
(1895, 341) 896
(679, 442) 861
(676, 442) 862
(670, 442) 863
(667, 442) 864
(665, 441) 865
(663, 441) 866
(661, 441) 867
(660, 441) 868
(657, 441) 869
(649, 441) 870
(640, 441) 871
(633, 441) 872
(625, 441) 873
(618, 441) 874
(614, 441) 875
(611, 441) 876
(607, 441) 877
(604, 440) 878
(603, 440) 879
(603, 439) 880
(602, 437) 881
(602, 436) 882
(603, 435) 883
(603, 434) 884
(604, 433) 885
(605, 431) 886
(606, 430) 887
(606, 429) 888
(607, 428) 889
(606, 427) 890
(605, 426) 891
(604, 425) 892
(595, 425) 893
(582, 425) 894
(570, 424) 895
(558, 424) 896
(546, 424) 897
(533, 424) 898
(517, 423) 899
(501, 422) 900
(486, 421) 901
(471, 420) 902
(460, 419) 903
(450, 418) 904
(440, 417) 905
(431, 417) 906
(426, 416) 907
(413, 416) 908
(401, 416) 909
(391, 416) 910
(375, 416) 911
(362, 416) 912
(350, 416) 913
(339, 416) 914
(329, 416) 915
(320, 415) 916
(312, 415) 917
(308, 414) 918
(305, 412) 919
(301, 410) 920
(299, 408) 921
(296, 406) 922
(294, 405) 923
(292, 403) 924
(291, 401) 925
(290, 400) 926
(289, 398) 927
(288, 396) 928
(288, 395) 929
(288, 393) 930
(287, 392) 931
(287, 392) 932
(286, 391) 933
(286, 390) 934
(285, 389) 935
(285, 388) 936
(285, 387) 937
(285, 386) 938
(285, 385) 939
(284, 384) 940
(284, 382) 941
(284, 381) 942
(284, 380) 943
(284, 378) 944
(284, 376) 945
(284, 375) 946
(284, 373) 947
(284, 372) 948
(284, 370) 949
(285, 368) 950
(287, 366) 951
(289, 363) 952
(291, 360) 953
(294, 358) 954
(296, 355) 955
(298, 353) 956
(301, 350) 957
(303, 348) 958
(305, 345) 959
(1032, 529) 890
(1033, 529) 891
(1035, 529) 892
(1036, 529) 893
(1037, 530) 894
(1038, 530) 895
(1039, 530) 896
(1040, 530) 897
(1040, 531) 898
(1036, 532) 899
(1032, 533) 900
(1028, 535) 901
(1025, 536) 902
(1022, 537) 903
(1022, 537) 904
(1022, 536) 905
(1023, 536) 906
(1025, 536) 907
(1027, 536) 908
(1030, 536) 909
(1032, 536) 910
(1034, 536) 911
(1036, 536) 912
(1038, 536) 913
(1040, 535) 914
(1042, 534) 915
(1043, 534) 916
(1045, 533) 917
(1046, 532) 918
(1047, 531) 919
(1048, 530) 920
(1048, 530) 921
(1049, 529) 922
(1046, 528) 923
(1043, 527) 924
(1041, 527) 925
(1038, 526) 926
(1036, 525) 927
(1033, 525) 928
(1031, 524) 929
(1030, 523) 930
(1028, 523) 931
(1026, 522) 932
(1025, 522) 933
(1024, 521) 934
(1023, 520) 935
(1022, 520) 936
(1022, 519) 937
(1022, 519) 938
(1021, 518) 939
(1021, 517) 940
(1021, 517) 941
(1022, 516) 942
(1022, 516) 943
(1022, 515) 944
(1022, 515) 945
(1022, 514) 946
(1022, 514) 947
(1022, 513) 948
(1022, 513) 949
(1022, 513) 950
(1022, 512) 951
(1022, 512) 952
(1021, 511) 953
(1021, 511) 954
(1020, 510) 955
(1020, 510) 956
(1019, 510) 957
(1019, 509) 958
(1018, 509) 959
(1018, 509) 960
(1017, 508) 961
(1016, 508) 962
(1016, 508) 963
(1015, 507) 964
(1015, 507) 965
(1015, 507) 966
(1014, 507) 967
(1014, 506) 968
(1014, 506) 969
(1013, 506) 970
(1013, 506) 971
(1013, 505) 972
(1013, 505) 973
(1013, 505) 974
(1012, 505) 975
(1012, 504) 976
(1012, 504) 977
(1012, 504) 978
(1012, 504) 979
(1012, 503) 980
(1012, 503) 981
(1020, 504) 982
(1033, 504) 983
(1045, 504) 984
(1055, 504) 985
(1064, 504) 986
(1073, 505) 987
(1080, 505) 988
(1086, 505) 989
(1091, 505) 990
(1096, 506) 991
(1101, 506) 992
(1481, 372) 892
(1476, 372) 893
(1472, 372) 894
(1464, 372) 895
(1457, 372) 896
(1450, 372) 897
(1444, 373) 898
(1439, 373) 899
(1438, 374) 900
(1437, 374) 901
(1436, 375) 902
(1431, 377) 903
(1427, 378) 904
(1424, 379) 905
(1420, 380) 906
(1417, 381) 907
(1414, 382) 908
(1406, 384) 909
(1398, 386) 910
(1386, 388) 911
(1374, 390) 912
(1364, 392) 913
(1351, 395) 914
(1340, 397) 915
(1329, 400) 916
(1320, 403) 917
(1312, 405) 918
(1306, 409) 919
(1300, 412) 920
(1293, 415) 921
(1287, 417) 922
(1281, 420) 923
(1277, 423) 924
(1272, 426) 925
(1268, 428) 926
(1265, 431) 927
(1261, 434) 928
(1259, 436) 929
(1256, 438) 930
(1254, 441) 931
(1251, 443) 932
(1250, 446) 933
(1248, 448) 934
(1246, 450) 935
(1247, 452) 936
(1248, 453) 937
(1250, 453) 938
(1252, 454) 939
(1255, 454) 940
(1257, 455) 941
(1264, 456) 942
(1270, 457) 943
(1275, 458) 944
(1278, 460) 945
(1280, 462) 946
(1282, 464) 947
(1280, 465) 948
(1279, 465) 949
(1277, 466) 950
(1276, 466) 951
(1275, 467) 952
(1274, 467) 953
(1274, 468) 954
(1273, 468) 955
(1272, 469) 956
(1271, 469) 957
(1270, 470) 958
(1269, 470) 959
(1267, 471) 960
(1266, 471) 961
(1265, 472) 962
(1038, 729) 972
(1038, 729) 973
(1037, 728) 974
(1037, 728) 975
(1036, 728) 976
(1036, 728) 977
(1036, 728) 978
(1035, 728) 979
(1035, 728) 980
(1035, 728) 981
(1035, 728) 982
(1034, 728) 983
(1034, 727) 984
(1034, 727) 985
(1034, 727) 986
(1034, 727) 987
(1034, 727) 988
(1033, 727) 989
(1033, 727) 990
(1033, 727) 991
(1033, 727) 992
(1033, 727) 993
(1033, 727) 994
(1035, 726) 995
(1033, 725) 996
(1030, 724) 997
(1027, 723) 998
(1020, 724) 999
(1014, 724) 1000
(1002, 725) 1001
(992, 727) 1002
(983, 728) 1003
(975, 729) 1004
(967, 730) 1005
(961, 731) 1006
(956, 732) 1007
(951, 733) 1008
(946, 734) 1009
(942, 735) 1010
(939, 736) 1011
(937, 738) 1012
(935, 739) 1013
(932, 740) 1014
(930, 741) 1015
(929, 743) 1016
(927, 744) 1017
(925, 745) 1018
(923, 747) 1019
(921, 748) 1020
(919, 749) 1021
(917, 751) 1022
(915, 752) 1023
(913, 754) 1024
(911, 755) 1025
(910, 756) 1026
(908, 758) 1027
(907, 759) 1028
(906, 761) 1029
(905, 762) 1030
(904, 763) 1031
(904, 765) 1032
(903, 766) 1033
(903, 767) 1034
(902, 768) 1035
(902, 770) 1036
(903, 771) 1037
(903, 772) 1038
(904, 773) 1039
(904, 774) 1040
(905, 775) 1041
(905, 776) 1042
(904, 778) 1043
(904, 779) 1044
(904, 780) 1045
(904, 781) 1046
(905, 782) 1047
(905, 783) 1048
(905, 784) 1049
(906, 784) 1050
(906, 785) 1051
(906, 786) 1052
(906, 787) 1053
(906, 788) 1054
(907, 788) 1055
(907, 789) 1056
(907, 790) 1057
(907, 790) 1058
(907, 791) 1059
(907, 792) 1060
(907, 792) 1061
(907, 793) 1062
(907, 794) 1063
(907, 794) 1064
(907, 795) 1065
(907, 795) 1066
(907, 796) 1067
(907, 796) 1068
(907, 797) 1069
(907, 797) 1070
(904, 797) 1071
(901, 797) 1072
(898, 796) 1073
(895, 796) 1074
(893, 796) 1075
(891, 795) 1076
(882, 795) 1077
(872, 794) 1078
(863, 794) 1079
(856, 793) 1080
(849, 793) 1081
(843, 792) 1082
(837, 792) 1083
(832, 791) 1084
(820, 790) 1085
(809, 789) 1086
(799, 789) 1087
(793, 787) 1088
(788, 785) 1089
(783, 784) 1090
(779, 782) 1091
(775, 780) 1092
(773, 779) 1093
(772, 777) 1094
(1471, 456) 1052
(1463, 455) 1053
(1453, 454) 1054
(1444, 453) 1055
(1435, 453) 1056
(1427, 452) 1057
(1420, 451) 1058
(1413, 450) 1059
(1407, 450) 1060
(1402, 449) 1061
(1396, 448) 1062
(1392, 448) 1063
(1387, 448) 1064
(1382, 447) 1065
(1378, 447) 1066
(1376, 446) 1067
(1374, 446) 1068
(1372, 446) 1069
(1370, 445) 1070
(1368, 445) 1071
(1366, 444) 1072
(1364, 444) 1073
(1362, 444) 1074
(1360, 443) 1075
(1358, 443) 1076
(1357, 443) 1077
(1355, 442) 1078
(1354, 442) 1079
(1353, 442) 1080
(1351, 441) 1081
(1350, 441) 1082
(1351, 440) 1083
(1352, 440) 1084
(1353, 439) 1085
(1354, 439) 1086
(1355, 438) 1087
(1356, 438) 1088
(1358, 437) 1089
(1359, 437) 1090
(1361, 436) 1091
(1362, 436) 1092
(1364, 435) 1093
(1367, 435) 1094
(1369, 434) 1095
(1372, 434) 1096
(1372, 434) 1097
(1373, 433) 1098
(1373, 433) 1099
(1374, 433) 1100
(1375, 432) 1101
(1376, 432) 1102
(1378, 432) 1103
(1377, 431) 1104
(1376, 431) 1105
(1374, 431) 1106
(1373, 430) 1107
(1372, 430) 1108
(1370, 430) 1109
(1368, 429) 1110
(1365, 429) 1111
(1363, 428) 1112
(1360, 428) 1113
(1359, 428) 1114
(1358, 428) 1115
(1356, 428) 1116
(1355, 428) 1117
(1354, 428) 1118
(1354, 428) 1119
(1356, 428) 1120
(1359, 428) 1121
(1362, 428) 1122
(1366, 428) 1123
(1367, 428) 1124
(1369, 428) 1125
(1369, 428) 1126
(1368, 429) 1127
(1368, 429) 1128
(1367, 429) 1129
(1366, 429) 1130
(1364, 429) 1131
(1356, 430) 1132
(1356, 430) 1133
(1356, 430) 1134
(1356, 430) 1135
(1356, 430) 1136
(1357, 430) 1137
(1357, 430) 1138
(1358, 429) 1139
(1359, 429) 1140
(1360, 429) 1141
(1361, 429) 1142
(1362, 429) 1143
(1362, 429) 1144
(1363, 429) 1145
(1364, 429) 1146
(1365, 429) 1147
(1366, 429) 1148
(1367, 429) 1149
(1368, 429) 1150
(1368, 428) 1151
(1369, 428) 1152
(1369, 428) 1153
(1370, 428) 1154
(1370, 428) 1155
(1371, 428) 1156
(1371, 428) 1157
(1371, 428) 1158
(1372, 427) 1159
(1372, 427) 1160
(1372, 427) 1161
(1372, 427) 1162
(1372, 427) 1163
(1372, 427) 1164
(1372, 427) 1165
(1372, 426) 1166
(1372, 426) 1167
(1372, 426) 1168
(1372, 426) 1169
(1371, 426) 1170
(1369, 427) 1171
(1367, 428) 1172
(1365, 429) 1173
(1364, 429) 1174
(1363, 430) 1175
(1362, 431) 1176
(1361, 432) 1177
(1360, 432) 1178
(1359, 433) 1179
(1359, 433) 1180
(1361, 434) 1181
(1364, 434) 1182
(1367, 434) 1183
(1369, 434) 1184
(1371, 435) 1185
(1373, 435) 1186
(1376, 436) 1187
(1378, 437) 1188
(1380, 437) 1189
(1382, 438) 1190
(1387, 438) 1191
(1392, 439) 1192
(1394, 439) 1193
(1395, 440) 1194
(1396, 440) 1195
(1397, 441) 1196
(1398, 441) 1197
(1403, 442) 1198
(1407, 443) 1199
(1412, 444) 1200
(1415, 444) 1201
(1419, 445) 1202
(1423, 445) 1203
(1427, 446) 1204
(1430, 446) 1205
(1434, 447) 1206
(1437, 447) 1207
(1440, 448) 1208
(1443, 448) 1209
(1448, 449) 1210
(1459, 450) 1211
(1463, 451) 1212
(1467, 452) 1213
(1471, 452) 1214
(1474, 453) 1215
(1476, 454) 1216
(1479, 455) 1217
(1481, 455) 1218
(1483, 456) 1219
(1485, 457) 1220
(1487, 457) 1221
(1485, 459) 1222
(1484, 461) 1223
(1483, 463) 1224
(1482, 464) 1225
(1482, 466) 1226
(1481, 468) 1227
(1480, 469) 1228
(1479, 471) 1229
(1479, 472) 1230
(1478, 474) 1231
(1478, 475) 1232
(1478, 477) 1233
(1477, 478) 1234
(1477, 479) 1235
(1477, 481) 1236
(1475, 481) 1237
(1473, 481) 1238
(1472, 481) 1239
(1471, 482) 1240
(1470, 482) 1241
(1469, 482) 1242
(1468, 482) 1243
(1467, 483) 1244
(1464, 483) 1245
(1461, 484) 1246
(1458, 485) 1247
(1456, 486) 1248
(1454, 487) 1249
(1452, 487) 1250
(1451, 488) 1251
(1447, 489) 1252
(1442, 491) 1253
(1439, 492) 1254
(1436, 493) 1255
(1433, 494) 1256
(1430, 495) 1257
(1428, 496) 1258
(1425, 496) 1259
(1423, 497) 1260
(1422, 498) 1261
(1420, 499) 1262
(1419, 500) 1263
(1417, 501) 1264
(1416, 502) 1265
(1415, 503) 1266
(1407, 503) 1267
(1400, 503) 1268
(1393, 503) 1269
(1387, 504) 1270
(1381, 504) 1271
(1376, 504) 1272
(1372, 505) 1273
(1368, 505) 1274
(1365, 505) 1275
(1361, 505) 1276
(1358, 506) 1277
(1354, 507) 1278
(1355, 509) 1279
(1360, 511) 1280
(1364, 514) 1281
(1369, 516) 1282
(1373, 519) 1283
(1371, 520) 1284
(1367, 522) 1285
(1363, 523) 1286
(1362, 525) 1287
(1362, 526) 1288
(1361, 528) 1289
(1360, 529) 1290
(1359, 530) 1291
(1357, 532) 1292
(1356, 533) 1293
(1355, 534) 1294
(1354, 535) 1295
(1353, 536) 1296
(1351, 537) 1297
(1348, 539) 1298
(1346, 540) 1299
(1343, 541) 1300
(1339, 543) 1301
(1334, 544) 1302
(1330, 545) 1303
(1327, 546) 1304
(1320, 547) 1305
(1317, 548) 1306
(1313, 549) 1307
(1309, 550) 1308
(1305, 550) 1309
(1301, 551) 1310
(1304, 551) 1311
(1306, 552) 1312
(1307, 552) 1313
(1309, 553) 1314
(1311, 553) 1315
(1312, 554) 1316
(1313, 554) 1317
(1313, 555) 1318
(1311, 555) 1319
(1308, 556) 1320
(1304, 556) 1321
(1300, 557) 1322
(1301, 557) 1323
(1303, 557) 1324
(1305, 557) 1325
(1307, 557) 1326
(1309, 557) 1327
(1310, 558) 1328
(1310, 558) 1329
(1311, 558) 1330
(1310, 559) 1331
(1308, 559) 1332
(1304, 560) 1333
(1299, 560) 1334
(1295, 561) 1335
(1288, 561) 1336
(1282, 562) 1337
(1276, 563) 1338
(1270, 563) 1339
(1265, 564) 1340
(1263, 565) 1341
(1261, 565) 1342
(1261, 566) 1343
(1262, 568) 1344
(1263, 569) 1345
(1265, 570) 1346
(1266, 571) 1347
(1273, 571) 1348
(1279, 571) 1349
(1284, 572) 1350
(1288, 572) 1351
(1292, 572) 1352
(1296, 573) 1353
(1300, 573) 1354
(1308, 573) 1355
(1318, 574) 1356
(1327, 574) 1357
(1336, 574) 1358
(1345, 574) 1359
(1349, 575) 1360
(1353, 576) 1361
(1358, 576) 1362
(1364, 576) 1363
(1369, 576) 1364
(1370, 576) 1365
(1372, 577) 1366
(1372, 577) 1367
(1373, 578) 1368
(1376, 578) 1369
(1379, 578) 1370
(1382, 577) 1371
(1382, 578) 1372
(1383, 578) 1373
(1385, 578) 1374
(1388, 578) 1375
(1390, 576) 1376
(1397, 574) 1377
(1400, 571) 1378
(1402, 567) 1379
(1403, 564) 1380
(1404, 561) 1381
(1405, 558) 1382
(1406, 555) 1383
(1407, 551) 1384
(1408, 549) 1385
(1408, 546) 1386
(1409, 543) 1387
(1410, 540) 1388
(1410, 537) 1389
(1410, 535) 1390
(1408, 532) 1391
(1400, 530) 1392
(1395, 527) 1393
(1391, 524) 1394
(1387, 521) 1395
(989, 599) 1055
(989, 599) 1056
(989, 599) 1057
(990, 599) 1058
(990, 599) 1059
(990, 598) 1060
(990, 597) 1061
(992, 597) 1062
(995, 598) 1063
(995, 597) 1064
(996, 599) 1065
(996, 600) 1066
(1001, 601) 1067
(1000, 601) 1068
(999, 602) 1069
(998, 603) 1070
(997, 604) 1071
(996, 605) 1072
(995, 606) 1073
(994, 607) 1074
(993, 607) 1075
(993, 608) 1076
(992, 609) 1077
(992, 610) 1078
(991, 611) 1079
(991, 611) 1080
(990, 612) 1081
(990, 613) 1082
(990, 614) 1083
(985, 615) 1084
(981, 617) 1085
(977, 618) 1086
(970, 620) 1087
(965, 623) 1088
(955, 625) 1089
(944, 627) 1090
(937, 630) 1091
(931, 632) 1092
(925, 635) 1093
(920, 637) 1094
(916, 639) 1095
(912, 641) 1096
(908, 644) 1097
(905, 646) 1098
(902, 648) 1099
(900, 650) 1100
(897, 652) 1101
(895, 654) 1102
(893, 656) 1103
(891, 658) 1104
(895, 661) 1105
(897, 664) 1106
(900, 667) 1107
(901, 670) 1108
(903, 673) 1109
(905, 675) 1110
(905, 678) 1111
(906, 681) 1112
(906, 683) 1113
(907, 686) 1114
(907, 688) 1115
(908, 691) 1116
(907, 693) 1117
(906, 696) 1118
(905, 698) 1119
(904, 701) 1120
(903, 703) 1121
(901, 705) 1122
(899, 706) 1123
(897, 707) 1124
(895, 708) 1125
(894, 709) 1126
(893, 710) 1127
(891, 712) 1128
(890, 713) 1129
(883, 714) 1130
(876, 716) 1131
(870, 718) 1132
(865, 719) 1133
(860, 721) 1134
(863, 723) 1135
(866, 725) 1136
(869, 726) 1137
(874, 728) 1138
(878, 730) 1139
(882, 732) 1140
(885, 734) 1141
(888, 736) 1142
(889, 738) 1143
(891, 739) 1144
(892, 741) 1145
(893, 742) 1146
(895, 744) 1147
(896, 746) 1148
(898, 747) 1149
(900, 748) 1150
(902, 750) 1151
(903, 751) 1152
(905, 753) 1153
(906, 754) 1154
(907, 755) 1155
(908, 756) 1156
(909, 758) 1157
(909, 759) 1158
(910, 760) 1159
(911, 761) 1160
(911, 762) 1161
(912, 764) 1162
(912, 765) 1163
(913, 766) 1164
(913, 767) 1165
(913, 768) 1166
(913, 769) 1167
(911, 770) 1168
(912, 771) 1169
(914, 772) 1170
(915, 774) 1171
(916, 775) 1172
(918, 776) 1173
(920, 776) 1174
(922, 777) 1175
(924, 778) 1176
(925, 779) 1177
(927, 780) 1178
(933, 780) 1179
(939, 781) 1180
(946, 781) 1181
(946, 782) 1182
(947, 782) 1183
(1162, 485) 1119
(1162, 485) 1120
(1162, 485) 1121
(1163, 485) 1122
(1165, 485) 1123
(1166, 485) 1124
(1167, 485) 1125
(1169, 486) 1126
(1170, 486) 1127
(1171, 486) 1128
(1171, 486) 1129
(1165, 487) 1130
(1158, 488) 1131
(1152, 490) 1132
(1147, 491) 1133
(1142, 492) 1134
(1131, 493) 1135
(1120, 493) 1136
(1106, 495) 1137
(1093, 496) 1138
(1081, 497) 1139
(1070, 498) 1140
(1061, 499) 1141
(1057, 500) 1142
(1049, 501) 1143
(1043, 502) 1144
(1037, 503) 1145
(1037, 504) 1146
(1033, 505) 1147
(1034, 506) 1148
(1034, 506) 1149
(1034, 507) 1150
(1032, 509) 1151
(1030, 511) 1152
(1028, 512) 1153
(1026, 513) 1154
(1023, 514) 1155
(1020, 516) 1156
(1018, 518) 1157
(1016, 518) 1158
(1014, 519) 1159
(1015, 521) 1160
(1022, 522) 1161
(1024, 522) 1162
(1027, 523) 1163
(1029, 523) 1164
(1031, 524) 1165
(1031, 524) 1166
(1029, 525) 1167
(1026, 526) 1168
(1024, 527) 1169
(1022, 528) 1170
(1023, 528) 1171
(1024, 529) 1172
(1027, 528) 1173
(1030, 527) 1174
(1041, 526) 1175
(1047, 525) 1176
(1059, 525) 1177
(1074, 524) 1178
(1090, 524) 1179
(1100, 523) 1180
(1110, 523) 1181
(1118, 522) 1182
(1126, 521) 1183
(1132, 521) 1184
(1138, 520) 1185
(1144, 519) 1186
(1152, 520) 1187
(1159, 521) 1188
(1166, 522) 1189
(1171, 523) 1190
(1177, 524) 1191
(1181, 525) 1192
(1185, 525) 1193
(1189, 526) 1194
(1193, 527) 1195
(1196, 528) 1196
(1199, 528) 1197
(1201, 529) 1198
(1203, 530) 1199
(1206, 532) 1200
(1209, 534) 1201
(1211, 536) 1202
(1213, 538) 1203
(1214, 540) 1204
(1219, 542) 1205
(1223, 544) 1206
(1225, 544) 1207
(1226, 544) 1208
(1228, 545) 1209
(1229, 545) 1210
(1231, 545) 1211
(1232, 545) 1212
(1233, 546) 1213
(1234, 546) 1214
(1235, 546) 1215
(1235, 546) 1216
(1236, 546) 1217
(1239, 547) 1218
(1241, 549) 1219
(1246, 549) 1220
(1249, 550) 1221
(1257, 551) 1222
(1265, 552) 1223
(1271, 553) 1224
(1275, 555) 1225
(1278, 557) 1226
(1283, 558) 1227
(1288, 558) 1228
(1288, 559) 1229
(1288, 560) 1230
(1286, 561) 1231
(1285, 561) 1232
(1283, 561) 1233
(1282, 562) 1234
(1281, 562) 1235
(1280, 561) 1236
(1281, 560) 1237
(1281, 559) 1238
(1282, 557) 1239
(1283, 556) 1240
(1284, 555) 1241
(1285, 553) 1242
(1285, 552) 1243
(1290, 551) 1244
(1293, 550) 1245
(1297, 548) 1246
(1300, 547) 1247
(1303, 546) 1248
(1305, 545) 1249
(1307, 544) 1250
(1309, 543) 1251
(1311, 542) 1252
(1313, 541) 1253
(1314, 540) 1254
(1314, 539) 1255
(1310, 538) 1256
(1309, 537) 1257
(1307, 536) 1258
(1304, 535) 1259
(1301, 533) 1260
(1298, 531) 1261
(1295, 529) 1262
(1293, 527) 1263
(1293, 527) 1264
(1292, 525) 1265
(1290, 524) 1266
(1290, 522) 1267
(1291, 521) 1268
(1294, 520) 1269
(1297, 519) 1270
(1298, 519) 1271
(1298, 518) 1272
(1298, 518) 1273
(1299, 518) 1274
(1304, 518) 1275
(1309, 518) 1276
(1309, 518) 1277
(1310, 517) 1278
(1310, 516) 1279
(1308, 515) 1280
(1307, 514) 1281
(349, 606) 1150
(353, 606) 1151
(359, 606) 1152
(364, 606) 1153
(368, 605) 1154
(372, 605) 1155
(372, 603) 1156
(370, 602) 1157
(368, 600) 1158
(366, 598) 1159
(363, 595) 1160
(360, 593) 1161
(358, 591) 1162
(355, 588) 1163
(352, 585) 1164
(350, 582) 1165
(347, 579) 1166
(345, 576) 1167
(342, 573) 1168
(339, 570) 1169
(337, 567) 1170
(334, 564) 1171
(331, 560) 1172
(331, 558) 1173
(330, 555) 1174
(327, 551) 1175
(324, 548) 1176
(320, 545) 1177
(316, 541) 1178
(312, 538) 1179
(308, 534) 1180
(304, 531) 1181
(301, 528) 1182
(298, 524) 1183
(294, 521) 1184
(291, 517) 1185
(288, 514) 1186
(284, 511) 1187
(276, 508) 1188
(264, 505) 1189
(254, 503) 1190
(244, 500) 1191
(234, 498) 1192
(225, 495) 1193
(217, 493) 1194
(209, 490) 1195
(200, 489) 1196
(192, 487) 1197
(185, 486) 1198
(178, 484) 1199
(172, 483) 1200
(166, 482) 1201
(161, 480) 1202
(156, 479) 1203
(151, 478) 1204
(146, 476) 1205
(139, 475) 1206
(132, 474) 1207
(126, 473) 1208
(120, 472) 1209
(115, 471) 1210
(110, 470) 1211
(105, 469) 1212
(100, 468) 1213
(101, 468) 1214
(101, 467) 1215
(100, 467) 1216
(99, 467) 1217
(97, 466) 1218
(89, 464) 1219
(82, 463) 1220
(76, 461) 1221
(68, 459) 1222
(62, 458) 1223
(56, 456) 1224
(50, 455) 1225
(45, 453) 1226
(1070, 709) 1184
(1066, 710) 1185
(1055, 711) 1186
(1043, 713) 1187
(1032, 714) 1188
(1025, 716) 1189
(1018, 717) 1190
(1010, 719) 1191
(1004, 721) 1192
(998, 723) 1193
(992, 725) 1194
(987, 726) 1195
(983, 728) 1196
(979, 730) 1197
(971, 730) 1198
(964, 731) 1199
(958, 731) 1200
(950, 731) 1201
(945, 731) 1202
(941, 731) 1203
(934, 731) 1204
(928, 732) 1205
(925, 733) 1206
(922, 734) 1207
(919, 736) 1208
(917, 737) 1209
(915, 738) 1210
(918, 740) 1211
(920, 742) 1212
(923, 743) 1213
(925, 745) 1214
(927, 747) 1215
(929, 748) 1216
(931, 750) 1217
(933, 751) 1218
(938, 752) 1219
(942, 752) 1220
(945, 753) 1221
(949, 754) 1222
(958, 755) 1223
(966, 755) 1224
(973, 756) 1225
(974, 757) 1226
(975, 758) 1227
(975, 759) 1228
(976, 759) 1229
(976, 760) 1230
(977, 761) 1231
(977, 761) 1232
(978, 762) 1233
(978, 763) 1234
(972, 764) 1235
(960, 764) 1236
(949, 765) 1237
(938, 766) 1238
(928, 766) 1239
(919, 767) 1240
(912, 767) 1241
(907, 767) 1242
(902, 768) 1243
(898, 768) 1244
(901, 769) 1245
(904, 770) 1246
(905, 771) 1247
(905, 772) 1248
(905, 773) 1249
(905, 774) 1250
(905, 775) 1251
(905, 775) 1252
(905, 776) 1253
(904, 777) 1254
(903, 778) 1255
(903, 779) 1256
(894, 779) 1257
(882, 780) 1258
(875, 780) 1259
(873, 781) 1260
(871, 782) 1261
(871, 783) 1262
(871, 783) 1263
(870, 784) 1264
(865, 785) 1265
(866, 785) 1266
(865, 785) 1267
(864, 786) 1268
(864, 786) 1269
(863, 786) 1270
(863, 786) 1271
(863, 786) 1272
(862, 786) 1273
(862, 787) 1274
(862, 787) 1275
(862, 787) 1276
(862, 787) 1277
(861, 787) 1278
(864, 786) 1279
(866, 785) 1280
(869, 783) 1281
(871, 782) 1282
(873, 781) 1283
(876, 780) 1284
(876, 780) 1285
(876, 779) 1286
(876, 778) 1287
(877, 778) 1288
(877, 777) 1289
(878, 776) 1290
(879, 776) 1291
(880, 775) 1292
(881, 774) 1293
(882, 773) 1294
(883, 773) 1295
(883, 772) 1296
(882, 770) 1297
(882, 769) 1298
(883, 767) 1299
(886, 764) 1300
(891, 762) 1301
(894, 761) 1302
(897, 759) 1303
(900, 757) 1304
(901, 755) 1305
(903, 753) 1306
(905, 752) 1307
(906, 750) 1308
(906, 748) 1309
(907, 746) 1310
(911, 743) 1311
(915, 741) 1312
(919, 739) 1313
(921, 737) 1314
(923, 735) 1315
(925, 734) 1316
(934, 732) 1317
(944, 729) 1318
(981, 671) 1201
(981, 671) 1202
(981, 671) 1203
(981, 671) 1204
(980, 669) 1205
(978, 667) 1206
(975, 666) 1207
(973, 665) 1208
(972, 663) 1209
(970, 662) 1210
(968, 660) 1211
(965, 659) 1212
(962, 657) 1213
(960, 656) 1214
(957, 654) 1215
(955, 653) 1216
(953, 651) 1217
(950, 650) 1218
(948, 649) 1219
(946, 647) 1220
(944, 645) 1221
(942, 643) 1222
(940, 641) 1223
(939, 640) 1224
(937, 638) 1225
(935, 636) 1226
(934, 635) 1227
(934, 633) 1228
(935, 633) 1229
(938, 632) 1230
(942, 630) 1231
(945, 628) 1232
(948, 626) 1233
(951, 624) 1234
(954, 622) 1235
(956, 621) 1236
(958, 619) 1237
(960, 617) 1238
(960, 615) 1239
(958, 614) 1240
(956, 613) 1241
(953, 612) 1242
(951, 611) 1243
(949, 609) 1244
(944, 608) 1245
(939, 607) 1246
(935, 607) 1247
(931, 606) 1248
(928, 606) 1249
(925, 605) 1250
(922, 605) 1251
(920, 604) 1252
(922, 602) 1253
(924, 601) 1254
(926, 600) 1255
(928, 599) 1256
(930, 598) 1257
(931, 597) 1258
(933, 596) 1259
(934, 595) 1260
(935, 595) 1261
(936, 594) 1262
(936, 593) 1263
(936, 593) 1264
(936, 592) 1265
(936, 592) 1266
(936, 591) 1267
(942, 591) 1268
(946, 590) 1269
(950, 589) 1270
(954, 588) 1271
(958, 587) 1272
(961, 586) 1273
(963, 585) 1274
(963, 585) 1275
(966, 586) 1276
(964, 586) 1277
(960, 587) 1278
(999, 448) 1279
(999, 447) 1280
(999, 447) 1281
(998, 445) 1282
(998, 442) 1283
(997, 440) 1284
(998, 438) 1285
(998, 436) 1286
(998, 434) 1287
(998, 431) 1288
(998, 429) 1289
(998, 427) 1290
(999, 425) 1291
(999, 423) 1292
(999, 421) 1293
(998, 419) 1294
(998, 417) 1295
(997, 415) 1296
(996, 413) 1297
(995, 411) 1298
(993, 409) 1299
(992, 408) 1300
(992, 406) 1301
(992, 405) 1302
(991, 404) 1303
(991, 403) 1304
(991, 402) 1305
(991, 401) 1306
(991, 400) 1307
(991, 399) 1308
(991, 398) 1309
(991, 397) 1310
(991, 396) 1311
(990, 395) 1312
(990, 395) 1313
(990, 394) 1314
(989, 393) 1315
(989, 392) 1316
(993, 393) 1317
(995, 392) 1318
(998, 391) 1319
(999, 390) 1320
(997, 389) 1321
(987, 388) 1322
(978, 387) 1323
(968, 387) 1324
(958, 386) 1325
(947, 385) 1326
(935, 385) 1327
(922, 384) 1328
(908, 384) 1329
(889, 384) 1330
(871, 385) 1331
(853, 385) 1332
(836, 385) 1333
(823, 386) 1334
(812, 386) 1335
(800, 386) 1336
(788, 387) 1337
(777, 387) 1338
(767, 388) 1339
(759, 388) 1340
(751, 389) 1341
(744, 389) 1342
(737, 390) 1343
(731, 390) 1344
(726, 390) 1345
(722, 391) 1346
(717, 391) 1347
(714, 391) 1348
(710, 392) 1349
(707, 392) 1350
(704, 393) 1351
(702, 393) 1352
(697, 392) 1353
(15, 792) 1291
(1932, 792) 1292
(1929, 791) 1293
(1925, 791) 1294
(1921, 790) 1295
(1917, 790) 1296
(1913, 789) 1297
(1910, 789) 1298
(1907, 788) 1299
(1904, 788) 1300
(1901, 787) 1301
(1899, 786) 1302
(1896, 786) 1303
(1893, 785) 1304
(1890, 785) 1305
(1887, 784) 1306
(1884, 783) 1307
(1881, 782) 1308
(1878, 782) 1309
(1874, 781) 1310
(1871, 780) 1311
(1868, 779) 1312
(1865, 778) 1313
(1862, 778) 1314
(1860, 777) 1315
(1857, 776) 1316
(1855, 775) 1317
(1853, 774) 1318
(1850, 773) 1319
(1849, 772) 1320
(1847, 771) 1321
(1839, 769) 1322
(1828, 767) 1323
(1817, 765) 1324
(1807, 763) 1325
(1797, 762) 1326
(1789, 760) 1327
(1781, 758) 1328
(1775, 756) 1329
(1768, 754) 1330
(1762, 753) 1331
(1752, 751) 1332
(1743, 749) 1333
(1734, 747) 1334
(1727, 746) 1335
(1719, 744) 1336
(1713, 743) 1337
(1707, 741) 1338
(1702, 740) 1339
(1697, 738) 1340
(1693, 737) 1341
(1693, 736) 1342
(1693, 735) 1343
(1693, 733) 1344
(1694, 732) 1345
(1694, 731) 1346
(1694, 730) 1347
(1694, 729) 1348
(1695, 728) 1349
(1695, 727) 1350
(1696, 726) 1351
(1695, 726) 1352
(1695, 725) 1353
(1695, 725) 1354
(1695, 725) 1355
(1695, 725) 1356
(1695, 725) 1357
(1694, 725) 1358
(1693, 725) 1359
(1693, 725) 1360
(1692, 725) 1361
(1691, 725) 1362
(1691, 725) 1363
(1690, 725) 1364
(1687, 725) 1365
(1685, 725) 1366
(1682, 726) 1367
(1679, 726) 1368
(1677, 727) 1369
(1674, 727) 1370
(1665, 728) 1371
(1656, 729) 1372
(1646, 730) 1373
(1636, 731) 1374
(1627, 732) 1375
(1618, 733) 1376
(1611, 734) 1377
(1604, 735) 1378
(1596, 736) 1379
(1588, 737) 1380
(1581, 738) 1381
(1574, 738) 1382
(1568, 739) 1383
(1563, 740) 1384
(1558, 741) 1385
(1554, 741) 1386
(1551, 742) 1387
(1549, 743) 1388
(1548, 744) 1389
(1549, 744) 1390
(1550, 745) 1391
(1553, 746) 1392
(1557, 746) 1393
(1562, 747) 1394
(1568, 747) 1395
(1575, 747) 1396
(1582, 748) 1397
(1591, 748) 1398
(1599, 748) 1399
(1609, 748) 1400
(1619, 748) 1401
(1629, 748) 1402
(1638, 748) 1403
(1648, 748) 1404
(622, 622) 1292
(624, 622) 1293
(626, 622) 1294
(629, 622) 1295
(631, 623) 1296
(632, 623) 1297
(635, 623) 1298
(637, 624) 1299
(635, 625) 1300
(633, 626) 1301
(629, 627) 1302
(625, 628) 1303
(621, 629) 1304
(618, 630) 1305
(614, 631) 1306
(611, 632) 1307
(609, 632) 1308
(607, 633) 1309
(605, 634) 1310
(603, 634) 1311
(602, 635) 1312
(601, 635) 1313
(600, 636) 1314
(599, 636) 1315
(599, 637) 1316
(599, 637) 1317
(599, 636) 1318
(600, 636) 1319
(601, 635) 1320
(601, 634) 1321
(602, 634) 1322
(602, 633) 1323
(603, 632) 1324
(603, 632) 1325
(603, 631) 1326
(604, 630) 1327
(604, 630) 1328
(604, 629) 1329
(600, 629) 1330
(597, 629) 1331
(594, 628) 1332
(591, 628) 1333
(588, 628) 1334
(585, 627) 1335
(583, 627) 1336
(583, 626) 1337
(583, 626) 1338
(584, 626) 1339
(586, 626) 1340
(587, 626) 1341
(588, 626) 1342
(589, 626) 1343
(591, 626) 1344
(593, 627) 1345
(595, 627) 1346
(596, 628) 1347
(596, 628) 1348
(593, 629) 1349
(588, 631) 1350
(583, 632) 1351
(579, 633) 1352
(574, 634) 1353
(571, 635) 1354
(569, 636) 1355
(566, 637) 1356
(564, 638) 1357
(560, 639) 1358
(556, 640) 1359
(552, 641) 1360
(549, 642) 1361
(546, 643) 1362
(542, 644) 1363
(539, 645) 1364
(537, 646) 1365
(534, 647) 1366
(534, 648) 1367
(535, 649) 1368
(537, 650) 1369
(545, 650) 1370
(547, 650) 1371
(552, 650) 1372
(555, 649) 1373
(558, 648) 1374
(561, 647) 1375
(563, 646) 1376
(563, 645) 1377
(561, 644) 1378
(556, 645) 1379
(551, 646) 1380
(547, 647) 1381
(543, 648) 1382
(540, 648) 1383
(537, 649) 1384
(534, 650) 1385
(532, 651) 1386
(530, 652) 1387
(528, 652) 1388
(526, 653) 1389
(526, 653) 1390
(526, 654) 1391
(532, 654) 1392
(537, 654) 1393
(547, 654) 1394
(560, 654) 1395
(565, 654) 1396
(574, 653) 1397
(966, 611) 1342
(965, 611) 1343
(965, 612) 1344
(965, 612) 1345
(963, 613) 1346
(958, 613) 1347
(953, 614) 1348
(951, 614) 1349
(951, 614) 1350
(951, 614) 1351
(950, 615) 1352
(950, 615) 1353
(948, 616) 1354
(947, 616) 1355
(944, 615) 1356
(939, 614) 1357
(936, 613) 1358
(934, 613) 1359
(936, 613) 1360
(937, 613) 1361
(937, 613) 1362
(937, 613) 1363
(936, 613) 1364
(936, 613) 1365
(936, 613) 1366
(940, 612) 1367
(944, 612) 1368
(948, 611) 1369
(951, 610) 1370
(954, 610) 1371
(963, 608) 1372
(969, 607) 1373
(975, 605) 1374
(980, 604) 1375
(989, 604) 1376
(997, 603) 1377
(1004, 603) 1378
(1007, 602) 1379
(1009, 600) 1380
(1011, 599) 1381
(1013, 598) 1382
(1014, 597) 1383
(1015, 596) 1384
(1016, 594) 1385
(1017, 593) 1386
(1018, 591) 1387
(1018, 590) 1388
(1018, 588) 1389
(1017, 587) 1390
(1016, 586) 1391
(1016, 584) 1392
(1015, 583) 1393
(1015, 582) 1394
(1014, 581) 1395
(1016, 579) 1396
(1019, 578) 1397
(1021, 577) 1398
(1025, 576) 1399
(1026, 574) 1400
(1026, 573) 1401
(1026, 571) 1402
(1026, 569) 1403
(1021, 566) 1404
(1018, 563) 1405
(1011, 560) 1406
(1002, 558) 1407
(993, 557) 1408
(980, 555) 1409
(970, 555) 1410
(962, 554) 1411
(954, 553) 1412
(947, 552) 1413
(940, 551) 1414
(935, 551) 1415
(930, 550) 1416
(925, 549) 1417
(921, 548) 1418
(920, 547) 1419
(918, 546) 1420
(911, 544) 1421
(906, 543) 1422
(902, 542) 1423
(902, 541) 1424
(904, 539) 1425
(907, 538) 1426
(910, 537) 1427
(916, 536) 1428
(922, 535) 1429
(928, 534) 1430
(931, 533) 1431
(936, 531) 1432
(941, 530) 1433
(941, 529) 1434
(941, 528) 1435
(941, 527) 1436
(942, 526) 1437
(942, 525) 1438
(941, 525) 1439
(948, 524) 1440
(956, 523) 1441
(963, 522) 1442
(970, 521) 1443
(976, 521) 1444
(981, 520) 1445
(986, 519) 1446
(991, 519) 1447
(991, 518) 1448
(994, 517) 1449
(996, 517) 1450
(997, 516) 1451
(999, 516) 1452
(999, 515) 1453
(997, 515) 1454
(998, 515) 1455
(998, 515) 1456
(996, 515) 1457
(991, 514) 1458
(987, 513) 1459
(984, 513) 1460
(979, 512) 1461
(975, 511) 1462
(973, 511) 1463
(962, 509) 1464
(953, 508) 1465
(945, 507) 1466
(937, 506) 1467
(930, 505) 1468
(924, 504) 1469
(919, 503) 1470
(914, 502) 1471
(909, 501) 1472
(905, 500) 1473
(902, 499) 1474
(899, 498) 1475
(896, 497) 1476
(893, 496) 1477
(893, 495) 1478
(896, 495) 1479
(899, 494) 1480
(902, 494) 1481
(913, 494) 1482
(921, 494) 1483
(929, 494) 1484
(935, 494) 1485
(935, 494) 1486
(942, 494) 1487
(944, 494) 1488
(952, 495) 1489
(955, 495) 1490
(956, 494) 1491
(956, 494) 1492
(958, 494) 1493
(959, 493) 1494
(960, 493) 1495
(955, 493) 1496
(958, 493) 1497
(960, 493) 1498
(962, 492) 1499
(965, 492) 1500
(967, 492) 1501
(970, 492) 1502
(973, 491) 1503
(978, 491) 1504
(983, 491) 1505
(987, 491) 1506
(988, 491) 1507
(991, 491) 1508
(993, 491) 1509
(996, 491) 1510
(999, 491) 1511
(1001, 491) 1512
(1003, 490) 1513
(1005, 490) 1514
(1003, 490) 1515
(1001, 490) 1516
(1000, 490) 1517
(1000, 490) 1518
(1000, 490) 1519
(1001, 490) 1520
(1002, 490) 1521
(1005, 490) 1522
(1006, 490) 1523
(1010, 490) 1524
(1009, 490) 1525
(1007, 490) 1526
(1003, 490) 1527
(1000, 490) 1528
(991, 488) 1529
(979, 487) 1530
(968, 485) 1531
(423, 441) 1358
(417, 441) 1359
(412, 441) 1360
(411, 441) 1361
(410, 441) 1362
(410, 441) 1363
(410, 442) 1364
(408, 443) 1365
(404, 444) 1366
(393, 444) 1367
(383, 445) 1368
(372, 446) 1369
(363, 447) 1370
(357, 449) 1371
(355, 452) 1372
(354, 455) 1373
(352, 459) 1374
(351, 462) 1375
(350, 465) 1376
(349, 468) 1377
(341, 470) 1378
(335, 472) 1379
(330, 474) 1380
(326, 476) 1381
(321, 478) 1382
(322, 479) 1383
(327, 481) 1384
(333, 483) 1385
(338, 485) 1386
(343, 487) 1387
(347, 489) 1388
(351, 491) 1389
(355, 493) 1390
(358, 495) 1391
(358, 496) 1392
(357, 496) 1393
(357, 497) 1394
(356, 496) 1395
(356, 496) 1396
(359, 496) 1397
(365, 497) 1398
(370, 497) 1399
(382, 497) 1400
(394, 498) 1401
(408, 499) 1402
(423, 499) 1403
(438, 500) 1404
(451, 501) 1405
(468, 502) 1406
(480, 502) 1407
(490, 502) 1408
(499, 503) 1409
(507, 503) 1410
(515, 503) 1411
(522, 504) 1412
(528, 504) 1413
(533, 504) 1414
(538, 505) 1415
(542, 505) 1416
(546, 505) 1417
(550, 505) 1418
(553, 506) 1419
(556, 506) 1420
(559, 506) 1421
(561, 507) 1422
(561, 507) 1423
(558, 507) 1424
(549, 507) 1425
(542, 507) 1426
(537, 507) 1427
(532, 507) 1428
(529, 507) 1429
(525, 507) 1430
(524, 507) 1431
(522, 506) 1432
(520, 506) 1433
(518, 505) 1434
(516, 505) 1435
(514, 505) 1436
(513, 504) 1437
(511, 504) 1438
(508, 503) 1439
(505, 503) 1440
(503, 502) 1441
(500, 502) 1442
(498, 502) 1443
(493, 502) 1444
(491, 501) 1445
(490, 501) 1446
(488, 500) 1447
(485, 500) 1448
(484, 500) 1449
(486, 499) 1450
(488, 498) 1451
(490, 497) 1452
(492, 497) 1453
(491, 496) 1454
(491, 496) 1455
(490, 495) 1456
(489, 495) 1457
(488, 494) 1458
(487, 494) 1459
(486, 494) 1460
(485, 493) 1461
(484, 492) 1462
(483, 492) 1463
(481, 492) 1464
(480, 492) 1465
(477, 492) 1466
(474, 493) 1467
(475, 493) 1468
(474, 493) 1469
(473, 493) 1470
(474, 493) 1471
(474, 493) 1472
(473, 493) 1473
(470, 493) 1474
(467, 493) 1475
(465, 493) 1476
(463, 492) 1477
(460, 492) 1478
(454, 493) 1479
(448, 495) 1480
(442, 496) 1481
(439, 496) 1482
(435, 496) 1483
(431, 497) 1484
(428, 497) 1485
(423, 498) 1486
(422, 499) 1487
(1461, 450) 1440
(1460, 450) 1441
(1460, 450) 1442
(1455, 450) 1443
(1450, 451) 1444
(1444, 451) 1445
(1439, 452) 1446
(1434, 452) 1447
(1430, 453) 1448
(1426, 453) 1449
(1427, 455) 1450
(1428, 456) 1451
(1430, 457) 1452
(1433, 459) 1453
(1436, 460) 1454
(1439, 462) 1455
(1441, 463) 1456
(1444, 465) 1457
(1446, 466) 1458
(1448, 468) 1459
(1449, 469) 1460
(1449, 469) 1461
(1458, 470) 1462
(1466, 471) 1463
(1466, 471) 1464
(1472, 472) 1465
(1475, 473) 1466
(1479, 473) 1467
(1490, 474) 1468
(1501, 475) 1469
(1515, 475) 1470
(1528, 476) 1471
(1535, 477) 1472
(1543, 477) 1473
(1553, 478) 1474
(1563, 478) 1475
(1574, 479) 1476
(1586, 479) 1477
(1596, 480) 1478
(1606, 481) 1479
(1615, 481) 1480
(1623, 482) 1481
(1629, 483) 1482
(1640, 483) 1483
(1650, 484) 1484
(1658, 484) 1485
(1666, 485) 1486
(1673, 485) 1487
(1680, 485) 1488
(1685, 486) 1489
(1690, 486) 1490
(1695, 487) 1491
(1699, 487) 1492
(1703, 487) 1493
(1706, 488) 1494
(1709, 488) 1495
(1712, 488) 1496
(1714, 489) 1497
(1717, 489) 1498
(1719, 489) 1499
(1720, 490) 1500
(1722, 490) 1501
(1723, 490) 1502
(1725, 491) 1503
(1725, 491) 1504
(1722, 490) 1505
(1718, 489) 1506
(1714, 489) 1507
(1711, 488) 1508
(1708, 487) 1509
(1706, 487) 1510
(1703, 486) 1511
(1701, 485) 1512
(1699, 485) 1513
(1698, 484) 1514
(1696, 483) 1515
(1692, 481) 1516
(1689, 480) 1517
(1686, 479) 1518
(1685, 478) 1519
(1683, 478) 1520
(1681, 477) 1521
(1678, 476) 1522
(325, 514) 1516
(325, 514) 1517
(325, 514) 1518
(325, 514) 1519
(325, 514) 1520
(325, 514) 1521
(324, 514) 1522
(324, 515) 1523
(323, 515) 1524
(316, 515) 1525
(310, 515) 1526
(308, 515) 1527
(305, 515) 1528
(303, 515) 1529
(301, 515) 1530
(297, 515) 1531
(295, 515) 1532
(293, 515) 1533
(290, 515) 1534
(289, 515) 1535
(289, 515) 1536
(289, 515) 1537
(289, 515) 1538
(288, 515) 1539
(290, 515) 1540
(290, 516) 1541
(290, 516) 1542
(290, 516) 1543
(290, 516) 1544
(290, 516) 1545
(290, 516) 1546
(289, 517) 1547
(289, 517) 1548
(288, 517) 1549
(288, 517) 1550
(287, 517) 1551
(287, 517) 1552
(287, 517) 1553
(287, 517) 1554
(285, 517) 1555
(285, 517) 1556
(286, 517) 1557
(285, 517) 1558
(283, 516) 1559
(279, 516) 1560
(282, 515) 1561
(284, 515) 1562
(287, 514) 1563
(289, 514) 1564
(291, 513) 1565
(293, 513) 1566
(295, 513) 1567
(296, 512) 1568
(298, 512) 1569
(298, 511) 1570
(295, 511) 1571
(291, 511) 1572
(288, 511) 1573
(285, 511) 1574
(282, 511) 1575
(280, 511) 1576
(277, 511) 1577
(275, 511) 1578
(275, 512) 1579
(276, 511) 1580
(276, 511) 1581
(275, 511) 1582
(272, 512) 1583
(269, 513) 1584
(267, 513) 1585
(265, 514) 1586
(264, 514) 1587
(263, 515) 1588
(262, 515) 1589
(261, 516) 1590
(262, 516) 1591
(264, 516) 1592
(262, 516) 1593
