(916, 495) 20
(916, 495) 21
(916, 495) 22
(916, 495) 23
(916, 495) 24
(917, 495) 25
(921, 494) 26
(925, 494) 27
(930, 494) 28
(934, 494) 29
(938, 494) 30
(942, 494) 31
(946, 494) 32
(949, 494) 33
(955, 494) 34
(959, 493) 35
(964, 494) 36
(969, 494) 37
(970, 493) 38
(973, 494) 39
(976, 494) 40
(978, 495) 41
(978, 495) 42
(979, 495) 43
(982, 495) 44
(987, 495) 45
(988, 495) 46
(988, 495) 47
(990, 495) 48
(992, 496) 49
(993, 496) 50
(996, 496) 51
(1003, 497) 52
(1009, 497) 53
(1015, 498) 54
(1020, 498) 55
(1029, 497) 56
(1040, 497) 57
(1047, 496) 58
(1058, 496) 59
(1068, 496) 60
(1078, 496) 61
(1086, 496) 62
(1095, 496) 63
(1101, 495) 64
(1104, 495) 65
(1106, 494) 66
(1107, 494) 67
(1109, 493) 68
(1113, 493) 69
(1121, 493) 70
(1127, 493) 71
(1134, 493) 72
(1139, 494) 73
(1145, 494) 74
(1151, 494) 75
(1154, 495) 76
(1157, 495) 77
(1160, 495) 78
(1162, 496) 79
(1166, 496) 80
(1171, 495) 81
(1170, 495) 82
(1168, 495) 83
(1167, 495) 84
(1171, 495) 85
(1174, 495) 86
(1174, 495) 87
(1175, 495) 88
(1177, 495) 89
(1184, 495) 90
(1183, 495) 91
(1183, 496) 92
(1181, 496) 93
(1179, 496) 94
(1177, 496) 95
(1177, 496) 96
(1180, 498) 97
(1184, 499) 98
(1188, 500) 99
(1192, 501) 100
(1195, 503) 101
(1197, 504) 102
(1199, 505) 103
(1201, 506) 104
(1203, 507) 105
(1205, 509) 106
(1206, 510) 107
(1208, 511) 108
(1209, 512) 109
(1210, 513) 110
(1211, 514) 111
(1212, 514) 112
(1213, 515) 113
(1214, 516) 114
(1215, 517) 115
(1215, 517) 116
(1216, 518) 117
(1216, 519) 118
(1216, 520) 119
(1217, 520) 120
(1217, 521) 121
(1217, 522) 122
(1217, 522) 123
(1217, 523) 124
(1218, 523) 125
(1218, 524) 126
(1218, 525) 127
(1219, 524) 128
(1221, 524) 129
(1221, 525) 130
(1222, 524) 131
(1223, 524) 132
(1224, 524) 133
(1223, 524) 134
(1222, 524) 135
(1220, 524) 136
(1220, 524) 137
(1219, 524) 138
(1222, 524) 139
(1221, 524) 140
(1220, 524) 141
(1220, 524) 142
(1220, 524) 143
(1218, 523) 144
(1218, 524) 145
(1218, 524) 146
(1219, 524) 147
(1221, 524) 148
(1222, 525) 149
(1223, 525) 150
(1227, 526) 151
(1230, 526) 152
(1232, 526) 153
(1233, 526) 154
(1233, 526) 155
(1232, 526) 156
(1231, 527) 157
(1228, 527) 158
(1226, 527) 159
(1226, 527) 160
(1224, 527) 161
(1222, 527) 162
(1222, 527) 163
(1219, 526) 164
(1219, 526) 165
(1219, 526) 166
(1219, 526) 167
(1221, 525) 168
(1220, 525) 169
(1221, 524) 170
(1221, 524) 171
(1224, 524) 172
(1225, 524) 173
(1225, 524) 174
(1226, 524) 175
(1221, 524) 176
(1216, 524) 177
(1211, 525) 178
(1209, 524) 179
(1209, 524) 180
(1206, 524) 181
(1205, 524) 182
(1204, 524) 183
(1199, 524) 184
(1198, 524) 185
(1198, 524) 186
(1195, 524) 187
(1189, 523) 188
(1185, 522) 189
(1181, 521) 190
(1179, 521) 191
(1174, 520) 192
(1170, 520) 193
(1168, 519) 194
(1170, 519) 195
(1175, 520) 196
(1179, 521) 197
(1178, 520) 198
(1181, 520) 199
(1185, 520) 200
(1189, 521) 201
(1194, 522) 202
(1197, 523) 203
(1203, 524) 204
(1204, 524) 205
(1205, 525) 206
(1207, 525) 207
(1209, 525) 208
(1209, 526) 209
(1209, 526) 210
(1209, 527) 211
(1210, 527) 212
(1210, 528) 213
(1210, 529) 214
(1210, 529) 215
(1211, 529) 216
(1211, 530) 217
(1211, 530) 218
(1211, 531) 219
(1211, 531) 220
(1211, 532) 221
(1211, 532) 222
(1211, 532) 223
(1213, 533) 224
(1213, 533) 225
(1208, 533) 226
(1208, 533) 227
(1209, 534) 228
(1210, 534) 229
(1210, 534) 230
(1211, 535) 231
(1211, 535) 232
(1212, 536) 233
(1212, 536) 234
(1213, 536) 235
(1213, 536) 236
(1213, 537) 237
(1213, 537) 238
(1213, 537) 239
(1213, 537) 240
(1213, 537) 241
(1213, 538) 242
(1213, 538) 243
(1212, 538) 244
(1212, 538) 245
(1212, 538) 246
(1212, 539) 247
(1212, 539) 248
(1212, 539) 249
(1212, 539) 250
(1205, 539) 251
(1200, 538) 252
(1194, 538) 253
(1188, 537) 254
(1191, 537) 255
(1191, 537) 256
(1189, 538) 257
(1187, 538) 258
(1186, 538) 259
(1184, 539) 260
(1184, 539) 261
(1189, 539) 262
(1194, 540) 263
(1198, 540) 264
(1202, 539) 265
(1207, 539) 266
(1211, 539) 267
(1211, 539) 268
(1210, 538) 269
(1210, 538) 270
(1211, 538) 271
(1216, 537) 272
(1216, 537) 273
(1216, 537) 274
(1222, 536) 275
(1222, 537) 276
(1224, 537) 277
(1225, 538) 278
(1227, 538) 279
(1228, 538) 280
(1230, 539) 281
(1230, 539) 282
(1231, 540) 283
(1230, 539) 284
(1226, 540) 285
(1223, 539) 286
(1220, 538) 287
(1218, 538) 288
(1215, 537) 289
(1214, 536) 290
(1211, 536) 291
(1208, 535) 292
(1205, 534) 293
(1202, 534) 294
(1199, 533) 295
(1197, 533) 296
(1195, 532) 297
(1194, 532) 298
(1192, 532) 299
(1191, 532) 300
(1190, 531) 301
(1188, 531) 302
(1186, 531) 303
(1184, 531) 304
(1182, 531) 305
(1181, 531) 306
(1181, 531) 307
(1179, 531) 308
(1177, 531) 309
(1174, 531) 310
(1173, 531) 311
(1168, 531) 312
(1167, 531) 313
(1161, 531) 314
(1149, 531) 315
(1137, 530) 316
(1127, 530) 317
(1117, 530) 318
(1109, 530) 319
(1101, 530) 320
(1103, 530) 321
(1106, 530) 322
(1110, 529) 323
(1110, 529) 324
(1108, 529) 325
(1103, 529) 326
(1098, 528) 327
(1094, 528) 328
(1091, 527) 329
(1087, 527) 330
(1084, 526) 331
(1082, 526) 332
(1079, 525) 333
(1077, 524) 334
(1075, 524) 335
(1074, 523) 336
(1072, 523) 337
(1071, 522) 338
(1069, 522) 339
(1068, 521) 340
(1064, 521) 341
(1060, 520) 342
(1056, 519) 343
(1053, 518) 344
(1050, 517) 345
(1048, 517) 346
(1045, 516) 347
(1047, 515) 348
(1048, 514) 349
(1050, 514) 350
(1051, 513) 351
(1052, 512) 352
(1053, 512) 353
(1054, 511) 354
(1054, 510) 355
(1055, 510) 356
(1056, 509) 357
(1056, 509) 358
(1057, 508) 359
(1057, 507) 360
(1055, 507) 361
(1054, 506) 362
(1052, 505) 363
(1051, 505) 364
(1050, 504) 365
(1049, 504) 366
(1048, 503) 367
(1047, 502) 368
(1046, 502) 369
(1045, 501) 370
(1044, 501) 371
(1044, 500) 372
(1040, 500) 373
(1036, 501) 374
(1033, 501) 375
(1033, 501) 376
(1033, 500) 377
(1033, 500) 378
(1034, 499) 379
(1034, 499) 380
(1035, 498) 381
(1035, 498) 382
(1036, 497) 383
(1036, 497) 384
(1037, 497) 385
(1037, 496) 386
(1037, 496) 387
(1037, 496) 388
(1038, 495) 389
(1038, 495) 390
(1038, 494) 391
(1038, 494) 392
(1037, 495) 393
(1035, 495) 394
(1033, 496) 395
(1031, 496) 396
(1028, 496) 397
(1025, 497) 398
(1026, 497) 399
(1020, 498) 400
(1007, 498) 401
(996, 498) 402
(986, 499) 403
(976, 499) 404
(968, 500) 405
(961, 500) 406
(954, 500) 407
(948, 501) 408
(943, 501) 409
(938, 502) 410
(933, 502) 411
(930, 502) 412
(927, 502) 413
(924, 501) 414
(921, 501) 415
(918, 501) 416
(915, 501) 417
(913, 501) 418
(911, 501) 419
(909, 500) 420
(908, 500) 421
(906, 500) 422
(905, 500) 423
(904, 500) 424
(903, 500) 425
(898, 500) 426
(894, 500) 427
(890, 499) 428
(888, 499) 429
(882, 498) 430
(880, 498) 431
(878, 497) 432
(876, 497) 433
(876, 497) 434
(876, 497) 435
(879, 497) 436
(883, 497) 437
(886, 497) 438
(889, 497) 439
(891, 497) 440
(892, 496) 441
(893, 496) 442
(893, 496) 443
(899, 495) 444
(903, 495) 445
(906, 495) 446
(908, 495) 447
(909, 495) 448
(914, 495) 449
(918, 495) 450
(921, 495) 451
(925, 495) 452
(928, 495) 453
(930, 495) 454
(933, 495) 455
(934, 495) 456
(938, 495) 457
(941, 495) 458
(947, 495) 459
(950, 495) 460
(954, 495) 461
(956, 495) 462
(958, 494) 463
(959, 494) 464
(961, 494) 465
(971, 494) 466
(981, 494) 467
(989, 495) 468
(996, 495) 469
(1003, 495) 470
(1009, 495) 471
(1015, 495) 472
(1020, 495) 473
(1024, 495) 474
(1031, 495) 475
(1038, 495) 476
(1043, 495) 477
(1049, 495) 478
(1051, 495) 479
(1054, 495) 480
(1059, 496) 481
(1063, 496) 482
(1066, 496) 483
(1069, 496) 484
(1069, 497) 485
(1066, 497) 486
(1060, 498) 487
(1054, 499) 488
(1049, 499) 489
(1041, 500) 490
(1037, 501) 491
(1033, 501) 492
(1023, 502) 493
(1014, 502) 494
(1010, 502) 495
(1007, 502) 496
(1004, 502) 497
(1001, 502) 498
(999, 502) 499
(998, 502) 500
(997, 503) 501
(996, 503) 502
(995, 503) 503
(995, 504) 504
(995, 504) 505
(996, 505) 506
(997, 505) 507
(997, 506) 508
(998, 506) 509
(998, 507) 510
(998, 507) 511
(997, 507) 512
(995, 508) 513
(994, 508) 514
(992, 509) 515
(991, 509) 516
(990, 509) 517
(989, 509) 518
(988, 509) 519
(988, 509) 520
(992, 509) 521
(995, 509) 522
(995, 509) 523
(995, 509) 524
(995, 509) 525
(995, 509) 526
(996, 508) 527
(996, 508) 528
(996, 508) 529
(996, 508) 530
(997, 508) 531
(997, 508) 532
(995, 507) 533
(992, 506) 534
(989, 505) 535
(987, 504) 536
(986, 503) 537
(978, 503) 538
(970, 502) 539
(962, 502) 540
(954, 501) 541
(843, 486) 236
(842, 486) 237
(841, 486) 238
(840, 486) 239
(840, 486) 240
(839, 486) 241
(839, 486) 242
(838, 487) 243
(838, 487) 244
(837, 487) 245
(837, 487) 246
(836, 487) 247
(836, 487) 248
(834, 487) 249
(832, 487) 250
(830, 487) 251
(829, 488) 252
(827, 488) 253
(826, 488) 254
(824, 488) 255
(823, 488) 256
(822, 488) 257
(821, 488) 258
(815, 488) 259
(809, 489) 260
(803, 489) 261
(798, 489) 262
(801, 489) 263
(804, 489) 264
(810, 489) 265
(816, 490) 266
(822, 490) 267
(827, 490) 268
(827, 490) 269
(830, 490) 270
(832, 491) 271
(835, 491) 272
(837, 491) 273
(836, 491) 274
(836, 491) 275
(837, 491) 276
(837, 491) 277
(832, 491) 278
(826, 491) 279
(820, 491) 280
(815, 491) 281
(810, 491) 282
(806, 491) 283
(803, 491) 284
(801, 491) 285
(802, 490) 286
(803, 490) 287
(805, 490) 288
(805, 490) 289
(805, 489) 290
(806, 489) 291
(805, 488) 292
(805, 487) 293
(800, 486) 294
(799, 485) 295
(798, 485) 296
(797, 483) 297
(796, 482) 298
(795, 481) 299
(794, 480) 300
(793, 480) 301
(792, 479) 302
(792, 478) 303
(791, 477) 304
(790, 476) 305
(790, 475) 306
(790, 474) 307
(789, 473) 308
(789, 472) 309
(788, 472) 310
(788, 471) 311
(788, 470) 312
(788, 469) 313
(787, 469) 314
(787, 468) 315
(787, 467) 316
(784, 468) 317
(782, 468) 318
(780, 469) 319
(777, 470) 320
(774, 471) 321
(773, 472) 322
(771, 473) 323
(771, 474) 324
(772, 474) 325
(774, 474) 326
(774, 475) 327
(771, 476) 328
(763, 476) 329
(756, 477) 330
(749, 478) 331
(743, 479) 332
(738, 480) 333
(733, 480) 334
(729, 481) 335
(725, 482) 336
(722, 482) 337
(719, 483) 338
(716, 484) 339
(714, 484) 340
(711, 485) 341
(709, 486) 342
(707, 486) 343
(706, 487) 344
(706, 487) 345
(711, 488) 346
(719, 489) 347
(729, 489) 348
(739, 489) 349
(747, 489) 350
(755, 489) 351
(761, 489) 352
(767, 489) 353
(773, 489) 354
(777, 488) 355
(780, 488) 356
(784, 488) 357
(787, 488) 358
(789, 488) 359
(792, 488) 360
(794, 488) 361
(796, 488) 362
(797, 487) 363
(799, 487) 364
(799, 487) 365
(793, 487) 366
(787, 487) 367
(780, 487) 368
(775, 487) 369
(770, 487) 370
(766, 487) 371
(762, 487) 372
(752, 488) 373
(742, 488) 374
(727, 489) 375
(714, 490) 376
(702, 490) 377
(691, 491) 378
(674, 492) 379
(660, 493) 380
(647, 494) 381
(637, 494) 382
(630, 495) 383
(617, 495) 384
(610, 496) 385
(605, 498) 386
(597, 499) 387
(588, 500) 388
(574, 501) 389
(561, 502) 390
(550, 502) 391
(540, 502) 392
(530, 503) 393
(523, 504) 394
(510, 504) 395
(506, 506) 396
(501, 507) 397
(497, 508) 398
(493, 509) 399
(489, 510) 400
(486, 511) 401
(482, 512) 402
(481, 513) 403
(480, 514) 404
(478, 515) 405
(478, 516) 406
(483, 517) 407
(484, 518) 408
(488, 518) 409
(493, 518) 410
(496, 518) 411
(496, 518) 412
(489, 519) 413
(482, 520) 414
(471, 519) 415
(460, 519) 416
(451, 518) 417
(441, 518) 418
(433, 518) 419
(425, 517) 420
(417, 517) 421
(410, 517) 422
(403, 516) 423
(396, 516) 424
(391, 516) 425
(387, 515) 426
(383, 515) 427
(378, 514) 428
(375, 514) 429
(371, 513) 430
(367, 513) 431
(363, 513) 432
(356, 512) 433
(349, 512) 434
(342, 512) 435
(335, 512) 436
(329, 512) 437
(323, 511) 438
(317, 511) 439
(311, 511) 440
(306, 511) 441
(301, 510) 442
(296, 510) 443
(299, 510) 444
(302, 510) 445
(303, 510) 446
(304, 510) 447
(306, 510) 448
(306, 509) 449
(306, 509) 450
(303, 508) 451
(293, 506) 452
(547, 521) 290
(547, 521) 291
(542, 521) 292
(535, 521) 293
(532, 522) 294
(533, 522) 295
(533, 521) 296
(531, 521) 297
(528, 521) 298
(525, 521) 299
(519, 521) 300
(513, 521) 301
(513, 521) 302
(512, 521) 303
(511, 521) 304
(508, 521) 305
(506, 521) 306
(504, 521) 307
(501, 521) 308
(497, 521) 309
(496, 521) 310
(495, 521) 311
(493, 521) 312
(491, 521) 313
(488, 521) 314
(486, 521) 315
(484, 521) 316
(475, 522) 317
(465, 522) 318
(456, 522) 319
(448, 522) 320
(441, 523) 321
(434, 523) 322
(429, 523) 323
(422, 523) 324
(417, 523) 325
(412, 524) 326
(403, 523) 327
(398, 523) 328
(393, 522) 329
(389, 522) 330
(386, 522) 331
(383, 521) 332
(380, 521) 333
(377, 521) 334
(375, 520) 335
(373, 520) 336
(371, 520) 337
(369, 519) 338
(368, 519) 339
(366, 519) 340
(359, 519) 341
(352, 518) 342
(345, 518) 343
(338, 518) 344
(331, 518) 345
(325, 518) 346
(319, 519) 347
(315, 518) 348
(311, 518) 349
(307, 517) 350
(304, 517) 351
(301, 517) 352
(299, 516) 353
(297, 516) 354
(294, 515) 355
(293, 515) 356
(291, 515) 357
(289, 514) 358
(288, 514) 359
(287, 514) 360
(284, 513) 361
(281, 512) 362
(283, 511) 363
(286, 511) 364
(288, 510) 365
(290, 509) 366
(291, 509) 367
(293, 508) 368
(294, 507) 369
(295, 507) 370
(296, 506) 371
(297, 505) 372
(298, 505) 373
(298, 504) 374
(294, 504) 375
(292, 504) 376
(290, 504) 377
(290, 504) 378
(289, 505) 379
(288, 505) 380
(287, 505) 381
(286, 505) 382
(285, 506) 383
(285, 506) 384
(291, 506) 385
(297, 506) 386
(299, 506) 387
(301, 506) 388
(303, 506) 389
(305, 506) 390
(307, 506) 391
(308, 506) 392
(310, 506) 393
(311, 506) 394
(311, 506) 395
(310, 505) 396
(307, 505) 397
(303, 505) 398
(298, 505) 399
(295, 505) 400
(291, 505) 401
(288, 505) 402
(284, 505) 403
(280, 505) 404
(276, 505) 405
(272, 505) 406
(269, 506) 407
(266, 506) 408
(257, 506) 409
(249, 506) 410
(241, 506) 411
(235, 506) 412
(229, 505) 413
(223, 505) 414
(212, 505) 415
(201, 505) 416
(199, 505) 417
(198, 505) 418
(200, 505) 419
(202, 504) 420
(204, 504) 421
(205, 504) 422
(206, 504) 423
(207, 504) 424
(208, 504) 425
(209, 504) 426
(208, 504) 427
(205, 503) 428
(201, 503) 429
(198, 503) 430
(195, 503) 431
(184, 502) 432
(174, 501) 433
(165, 501) 434
(157, 502) 435
(149, 501) 436
(143, 500) 437
(136, 500) 438
(1223, 643) 364
(1223, 643) 365
(1223, 643) 366
(1223, 643) 367
(1223, 643) 368
(1223, 643) 369
(1223, 643) 370
(1224, 642) 371
(1224, 642) 372
(1227, 641) 373
(1229, 639) 374
(1232, 638) 375
(1234, 636) 376
(1237, 635) 377
(1240, 633) 378
(1242, 631) 379
(1242, 630) 380
(1242, 630) 381
(1239, 630) 382
(1238, 629) 383
(1232, 627) 384
(1228, 625) 385
(1225, 622) 386
(1225, 620) 387
(1225, 619) 388
(1225, 617) 389
(1223, 615) 390
(1222, 614) 391
(1221, 613) 392
(1221, 612) 393
(1220, 611) 394
(1220, 610) 395
(1219, 608) 396
(1220, 607) 397
(1220, 605) 398
(1221, 604) 399
(1222, 602) 400
(1222, 601) 401
(1217, 599) 402
(1208, 598) 403
(1200, 596) 404
(1193, 595) 405
(1195, 593) 406
(1198, 592) 407
(1200, 590) 408
(1202, 589) 409
(1204, 587) 410
(1205, 586) 411
(1205, 584) 412
(1201, 583) 413
(1197, 582) 414
(1192, 580) 415
(1187, 579) 416
(1182, 578) 417
(1170, 576) 418
(1156, 575) 419
(1144, 574) 420
(1133, 572) 421
(1124, 571) 422
(1117, 570) 423
(1109, 568) 424
(1099, 566) 425
(1095, 564) 426
(1090, 562) 427
(1089, 561) 428
(1087, 560) 429
(1086, 559) 430
(1085, 557) 431
(1084, 556) 432
(1083, 555) 433
(1082, 554) 434
(1076, 553) 435
(1070, 552) 436
(1065, 551) 437
(1060, 550) 438
(1056, 549) 439
(1052, 548) 440
(1049, 547) 441
(1050, 545) 442
(1044, 544) 443
(1040, 542) 444
(1035, 541) 445
(1031, 539) 446
(1028, 538) 447
(1029, 537) 448
(159, 494) 373
(159, 494) 374
(159, 494) 375
(159, 494) 376
(159, 494) 377
(159, 494) 378
(159, 494) 379
(159, 494) 380
(159, 494) 381
(159, 494) 382
(159, 494) 383
(159, 494) 384
(159, 494) 385
(159, 494) 386
(159, 494) 387
(150, 493) 388
(142, 493) 389
(133, 493) 390
(125, 492) 391
(116, 492) 392
(105, 492) 393
(96, 491) 394
(88, 491) 395
(81, 491) 396
(74, 491) 397
(69, 490) 398
(65, 490) 399
(59, 489) 400
(53, 489) 401
(48, 489) 402
(43, 488) 403
(39, 488) 404
(36, 488) 405
(33, 487) 406
(29, 487) 407
(26, 487) 408
(23, 486) 409
(23, 486) 410
(28, 486) 411
(28, 486) 412
(28, 486) 413
(26, 486) 414
(19, 486) 415
(16, 486) 416
(9, 486) 417
(11, 486) 418
(1929, 486) 419
(1924, 486) 420
(1919, 486) 421
(1916, 486) 422
(1913, 486) 423
(1913, 486) 424
(1908, 486) 425
(1903, 486) 426
(1892, 486) 427
(1882, 486) 428
(1880, 486) 429
(1876, 486) 430
(1867, 486) 431
(1860, 486) 432
(1854, 486) 433
(1848, 486) 434
(1843, 486) 435
(1840, 486) 436
(1838, 486) 437
(1839, 485) 438
(1844, 485) 439
(1848, 484) 440
(1853, 484) 441
(1857, 484) 442
(1861, 484) 443
(1868, 484) 444
(1869, 483) 445
(1868, 483) 446
(1867, 483) 447
(1867, 483) 448
(1863, 482) 449
(1860, 481) 450
(1857, 481) 451
(1858, 480) 452
(1859, 479) 453
(1862, 479) 454
(1865, 478) 455
(1869, 477) 456
(1871, 476) 457
(1874, 475) 458
(1876, 475) 459
(1878, 474) 460
(1884, 473) 461
(1889, 472) 462
(1902, 472) 463
(1913, 472) 464
(1913, 471) 465
(9, 471) 466
(16, 471) 467
(16, 470) 468
(23, 470) 469
(31, 470) 470
(31, 470) 471
(37, 470) 472
(43, 470) 473
(50, 469) 474
(54, 468) 475
(59, 467) 476
(63, 467) 477
(66, 466) 478
(69, 465) 479
(72, 464) 480
(74, 463) 481
(77, 462) 482
(79, 461) 483
(81, 461) 484
(82, 460) 485
(84, 459) 486
(85, 458) 487
(84, 457) 488
(80, 457) 489
(78, 456) 490
(76, 456) 491
(72, 455) 492
(67, 454) 493
(63, 454) 494
(59, 453) 495
(57, 452) 496
(55, 452) 497
(55, 451) 498
(57, 452) 499
(58, 452) 500
(58, 452) 501
(1440, 496) 384
(1438, 496) 385
(1436, 497) 386
(1435, 497) 387
(1434, 497) 388
(1434, 497) 389
(1434, 497) 390
(1434, 497) 391
(1434, 497) 392
(1434, 497) 393
(1435, 497) 394
(1436, 497) 395
(1437, 497) 396
(1438, 497) 397
(1437, 498) 398
(1436, 499) 399
(1436, 499) 400
(1437, 500) 401
(1437, 500) 402
(1438, 500) 403
(1440, 499) 404
(1441, 499) 405
(1443, 498) 406
(1445, 498) 407
(1446, 497) 408
(1446, 498) 409
(1446, 499) 410
(1448, 500) 411
(1450, 501) 412
(1452, 502) 413
(1454, 503) 414
(1455, 504) 415
(1459, 504) 416
(1464, 503) 417
(1466, 502) 418
(1469, 501) 419
(1472, 500) 420
(1475, 499) 421
(1476, 498) 422
(1478, 497) 423
(1479, 496) 424
(1482, 495) 425
(1484, 494) 426
(1487, 493) 427
(1491, 492) 428
(1494, 491) 429
(1497, 490) 430
(1504, 488) 431
(1512, 485) 432
(1519, 483) 433
(1524, 483) 434
(1529, 481) 435
(1534, 479) 436
(1538, 477) 437
(1543, 475) 438
(1547, 473) 439
(1550, 472) 440
(1553, 470) 441
(1555, 468) 442
(1558, 466) 443
(1562, 465) 444
(1704, 501) 554
(1703, 500) 555
(1703, 500) 556
(1702, 500) 557
(1701, 500) 558
(1699, 500) 559
(1698, 500) 560
(1697, 500) 561
(1698, 500) 562
(1698, 500) 563
(1699, 500) 564
(1699, 500) 565
(1699, 500) 566
(1698, 500) 567
(1698, 500) 568
(1692, 500) 569
(1687, 500) 570
(1683, 501) 571
(1678, 501) 572
(1674, 501) 573
(1670, 501) 574
(1666, 501) 575
(1662, 501) 576
(1659, 501) 577
(1656, 502) 578
(1654, 502) 579
(1651, 502) 580
(1646, 502) 581
(1643, 503) 582
(1639, 503) 583
(1637, 503) 584
(1636, 503) 585
(1635, 504) 586
(1635, 504) 587
(1635, 504) 588
(1636, 505) 589
(1636, 505) 590
(1637, 506) 591
(1637, 506) 592
(1636, 506) 593
(1636, 507) 594
(1635, 507) 595
(1635, 507) 596
(1636, 507) 597
(1638, 507) 598
(1642, 507) 599
(1647, 507) 600
(1652, 507) 601
(1656, 507) 602
(1657, 507) 603
(1660, 508) 604
(1668, 507) 605
(1674, 507) 606
(1680, 507) 607
(1688, 506) 608
(1695, 505) 609
(1703, 505) 610
(1710, 503) 611
(1718, 501) 612
(1725, 499) 613
(1735, 497) 614
(1745, 496) 615
(1753, 495) 616
(1762, 494) 617
(1769, 493) 618
(1776, 492) 619
(1782, 492) 620
(1788, 491) 621
(1791, 490) 622
(1795, 490) 623
(1798, 489) 624
(1801, 489) 625
(1805, 488) 626
(1810, 488) 627
(1814, 488) 628
(1815, 487) 629
(1818, 487) 630
(1821, 487) 631
(1824, 486) 632
(1826, 486) 633
(1829, 486) 634
(1832, 485) 635
(1834, 485) 636
(1842, 485) 637
(1849, 485) 638
(1860, 484) 639
(1870, 484) 640
(1879, 484) 641
(1887, 483) 642
(1894, 483) 643
(1899, 482) 644
(1905, 482) 645
(1908, 482) 646
(1911, 481) 647
(1912, 481) 648
(1912, 481) 649
(1913, 481) 650
(1913, 480) 651
(1913, 480) 652
(1913, 480) 653
(1910, 480) 654
(1904, 480) 655
(1898, 480) 656
(1892, 480) 657
(1884, 480) 658
(1875, 479) 659
(1867, 479) 660
(1859, 479) 661
(1852, 478) 662
(1845, 478) 663
(1832, 477) 664
(1826, 477) 665
(1815, 476) 666
(1804, 476) 667
(1795, 475) 668
(1786, 475) 669
(1775, 474) 670
(1769, 474) 671
(1765, 474) 672
(1760, 473) 673
(1758, 473) 674
(1755, 473) 675
(1753, 473) 676
(1744, 473) 677
(1736, 473) 678
(1729, 473) 679
(1722, 473) 680
(1708, 473) 681
(1696, 473) 682
(1684, 473) 683
(1674, 473) 684
(1664, 473) 685
(1654, 473) 686
(1645, 473) 687
(1636, 473) 688
(1628, 473) 689
(1619, 473) 690
(1612, 473) 691
(1604, 473) 692
(1597, 473) 693
(1595, 472) 694
(1592, 472) 695
(1590, 471) 696
(1588, 470) 697
(1585, 470) 698
(1583, 469) 699
(1581, 468) 700
(1574, 468) 701
(1574, 467) 702
(1574, 467) 703
(1574, 466) 704
(1573, 466) 705
(1572, 465) 706
(1571, 465) 707
(1570, 465) 708
(1569, 464) 709
(1568, 464) 710
(1566, 463) 711
(1564, 463) 712
(1562, 463) 713
(1559, 463) 714
(1557, 462) 715
(1554, 462) 716
(1551, 462) 717
(1548, 462) 718
(1546, 462) 719
(1540, 462) 720
(1534, 462) 721
(1530, 462) 722
(1526, 463) 723
(1525, 463) 724
(1524, 462) 725
(1524, 462) 726
(1526, 463) 727
(1528, 463) 728
(1530, 463) 729
(1532, 463) 730
(1532, 464) 731
(1533, 464) 732
(1536, 464) 733
(1544, 465) 734
(1551, 465) 735
(1558, 466) 736
(1562, 467) 737
(1566, 467) 738
(1569, 467) 739
(1571, 468) 740
(1573, 468) 741
(1571, 468) 742
(755, 494) 569
(754, 494) 570
(753, 494) 571
(751, 494) 572
(750, 494) 573
(748, 494) 574
(742, 495) 575
(737, 495) 576
(732, 495) 577
(728, 496) 578
(724, 496) 579
(721, 496) 580
(717, 496) 581
(715, 497) 582
(712, 497) 583
(710, 497) 584
(708, 497) 585
(706, 498) 586
(704, 498) 587
(703, 498) 588
(702, 498) 589
(701, 500) 590
(700, 501) 591
(698, 502) 592
(698, 503) 593
(697, 505) 594
(697, 506) 595
(696, 507) 596
(695, 508) 597
(694, 509) 598
(692, 511) 599
(691, 512) 600
(689, 513) 601
(688, 514) 602
(687, 515) 603
(686, 517) 604
(685, 518) 605
(684, 518) 606
(683, 517) 607
(682, 517) 608
(681, 517) 609
(681, 517) 610
(680, 516) 611
(679, 516) 612
(679, 516) 613
(678, 516) 614
(678, 516) 615
(677, 515) 616
(677, 515) 617
(673, 515) 618
(671, 514) 619
(670, 514) 620
(669, 513) 621
(669, 513) 622
(668, 512) 623
(668, 512) 624
(667, 511) 625
(667, 511) 626
(666, 511) 627
(666, 510) 628
(666, 510) 629
(673, 509) 630
(678, 508) 631
(682, 508) 632
(685, 507) 633
(685, 507) 634
(679, 507) 635
(673, 507) 636
(668, 507) 637
(663, 506) 638
(659, 506) 639
(656, 506) 640
(651, 506) 641
(645, 505) 642
(637, 505) 643
(631, 504) 644
(624, 504) 645
(613, 505) 646
(597, 506) 647
(583, 507) 648
(577, 507) 649
(572, 508) 650
(568, 508) 651
(560, 509) 652
(550, 510) 653
(540, 510) 654
(531, 511) 655
(522, 511) 656
(514, 512) 657
(507, 512) 658
(500, 513) 659
(495, 513) 660
(490, 514) 661
(485, 514) 662
(481, 515) 663
(477, 515) 664
(480, 517) 665
(483, 518) 666
(488, 520) 667
(489, 521) 668
(490, 523) 669
(492, 524) 670
(496, 524) 671
(504, 524) 672
(512, 524) 673
(518, 525) 674
(524, 525) 675
(530, 525) 676
(536, 525) 677
(541, 525) 678
(543, 525) 679
(546, 525) 680
(548, 526) 681
(550, 526) 682
(553, 526) 683
(554, 527) 684
(557, 527) 685
(559, 527) 686
(562, 527) 687
(563, 527) 688
(565, 527) 689
(566, 527) 690
(568, 527) 691
(569, 527) 692
(570, 528) 693
(571, 528) 694
(571, 529) 695
(572, 530) 696
(574, 531) 697
(576, 533) 698
(577, 534) 699
(579, 535) 700
(580, 536) 701
(580, 538) 702
(582, 539) 703
(583, 540) 704
(583, 541) 705
(583, 542) 706
(583, 544) 707
(583, 545) 708
(587, 546) 709
(599, 546) 710
(610, 546) 711
(619, 546) 712
(628, 546) 713
(635, 546) 714
(642, 546) 715
(648, 546) 716
(654, 546) 717
(659, 547) 718
(663, 547) 719
(667, 547) 720
(667, 547) 721
(667, 547) 722
(663, 547) 723
(660, 547) 724
(657, 547) 725
(653, 547) 726
(646, 548) 727
(640, 548) 728
(634, 549) 729
(629, 549) 730
(624, 549) 731
(619, 550) 732
(615, 550) 733
(611, 551) 734
(607, 551) 735
(604, 551) 736
(601, 552) 737
(598, 552) 738
(595, 553) 739
(592, 553) 740
(590, 553) 741
(587, 554) 742
(585, 554) 743
(584, 555) 744
(581, 554) 745
(579, 553) 746
(576, 553) 747
(574, 552) 748
(571, 552) 749
(569, 551) 750
(567, 550) 751
(565, 550) 752
(563, 549) 753
(560, 548) 754
(559, 549) 755
(557, 549) 756
(554, 549) 757
(552, 549) 758
(550, 549) 759
(542, 550) 760
(536, 550) 761
(530, 550) 762
(526, 550) 763
(522, 550) 764
(518, 550) 765
(514, 550) 766
(511, 549) 767
(508, 549) 768
(505, 549) 769
(503, 548) 770
(500, 548) 771
(497, 547) 772
(497, 547) 773
(497, 547) 774
(499, 546) 775
(501, 546) 776
(502, 545) 777
(504, 545) 778
(505, 544) 779
(506, 544) 780
(507, 544) 781
(508, 543) 782
(513, 543) 783
(68, 418) 569
(67, 418) 570
(67, 418) 571
(67, 418) 572
(67, 418) 573
(67, 418) 574
(67, 418) 575
(67, 418) 576
(67, 418) 577
(67, 418) 578
(67, 418) 579
(67, 418) 580
(67, 418) 581
(67, 418) 582
(67, 418) 583
(67, 418) 584
(67, 418) 585
(67, 418) 586
(70, 420) 587
(76, 420) 588
(87, 422) 589
(92, 423) 590
(96, 424) 591
(98, 425) 592
(100, 426) 593
(102, 427) 594
(104, 428) 595
(106, 429) 596
(107, 429) 597
(108, 430) 598
(109, 431) 599
(110, 432) 600
(110, 432) 601
(110, 433) 602
(112, 434) 603
(112, 434) 604
(112, 435) 605
(104, 435) 606
(103, 435) 607
(101, 436) 608
(100, 437) 609
(93, 438) 610
(94, 439) 611
(96, 439) 612
(98, 440) 613
(101, 441) 614
(104, 442) 615
(105, 443) 616
(108, 443) 617
(110, 444) 618
(112, 445) 619
(114, 446) 620
(116, 447) 621
(117, 448) 622
(118, 449) 623
(125, 450) 624
(131, 451) 625
(138, 453) 626
(139, 455) 627
(140, 455) 628
(140, 456) 629
(139, 456) 630
(140, 457) 631
(141, 458) 632
(140, 458) 633
(140, 459) 634
(139, 459) 635
(138, 460) 636
(137, 460) 637
(136, 461) 638
(135, 462) 639
(134, 462) 640
(134, 463) 641
(133, 463) 642
(132, 464) 643
(132, 464) 644
(131, 465) 645
(131, 465) 646
(131, 466) 647
(134, 466) 648
(137, 466) 649
(139, 467) 650
(142, 467) 651
(144, 467) 652
(146, 467) 653
(148, 468) 654
(149, 468) 655
(151, 468) 656
(157, 469) 657
(163, 469) 658
(167, 469) 659
(171, 469) 660
(171, 470) 661
(170, 471) 662
(167, 473) 663
(165, 473) 664
(156, 474) 665
(148, 474) 666
(140, 474) 667
(130, 475) 668
(122, 476) 669
(111, 476) 670
(102, 477) 671
(93, 478) 672
(85, 479) 673
(81, 480) 674
(76, 481) 675
(72, 481) 676
(69, 482) 677
(65, 483) 678
(62, 484) 679
(60, 485) 680
(57, 486) 681
(55, 487) 682
(53, 487) 683
(51, 488) 684
(50, 489) 685
(48, 490) 686
(47, 490) 687
(46, 491) 688
(45, 492) 689
(44, 493) 690
(43, 493) 691
(35, 493) 692
(28, 493) 693
(21, 493) 694
(21, 493) 695
(1930, 493) 696
(1923, 493) 697
(1916, 493) 698
(1911, 493) 699
(1907, 493) 700
(1903, 492) 701
(1898, 491) 702
(1895, 491) 703
(1898, 490) 704
(1902, 489) 705
(1905, 488) 706
(1911, 487) 707
(1917, 486) 708
(1917, 485) 709
(9, 484) 710
(15, 484) 711
(20, 483) 712
(24, 482) 713
(24, 480) 714
(27, 480) 715
(30, 479) 716
(34, 478) 717
(37, 477) 718
(40, 476) 719
(40, 476) 720
(46, 476) 721
(52, 476) 722
(58, 476) 723
(72, 477) 724
(86, 478) 725
(99, 478) 726
(112, 479) 727
(124, 479) 728
(135, 480) 729
(145, 480) 730
(153, 480) 731
(161, 481) 732
(168, 481) 733
(175, 481) 734
(182, 482) 735
(191, 482) 736
(199, 482) 737
(205, 482) 738
(212, 482) 739
(218, 482) 740
(225, 482) 741
(230, 481) 742
(235, 481) 743
(244, 481) 744
(254, 482) 745
(263, 482) 746
(271, 482) 747
(279, 482) 748
(286, 482) 749
(293, 482) 750
(297, 482) 751
(301, 482) 752
(304, 482) 753
(305, 482) 754
(306, 482) 755
(309, 482) 756
(311, 482) 757
(320, 483) 758
(328, 483) 759
(335, 483) 760
(341, 484) 761
(346, 484) 762
(347, 483) 763
(348, 482) 764
(352, 481) 765
(357, 479) 766
(361, 477) 767
(365, 475) 768
(366, 474) 769
(367, 473) 770
(369, 472) 771
(371, 471) 772
(372, 470) 773
(374, 469) 774
(375, 468) 775
(377, 467) 776
(378, 466) 777
(379, 465) 778
(380, 465) 779
(381, 464) 780
(382, 463) 781
(382, 462) 782
(383, 461) 783
(383, 461) 784
(384, 460) 785
(384, 459) 786
(385, 458) 787
(385, 458) 788
(386, 457) 789
(386, 456) 790
(381, 456) 791
(377, 456) 792
(374, 456) 793
(371, 457) 794
(368, 457) 795
(365, 457) 796
(363, 457) 797
(361, 458) 798
(359, 458) 799
(357, 458) 800
(356, 458) 801
(354, 459) 802
(353, 459) 803
(352, 459) 804
(351, 459) 805
(350, 459) 806
(349, 460) 807
(349, 460) 808
(348, 460) 809
(342, 461) 810
(336, 462) 811
(330, 463) 812
(325, 464) 813
(321, 466) 814
(317, 467) 815
(313, 467) 816
(309, 468) 817
(306, 469) 818
(304, 470) 819
(301, 471) 820
(296, 472) 821
(292, 473) 822
(288, 473) 823
(283, 474) 824
(279, 474) 825
(274, 475) 826
(274, 475) 827
(273, 476) 828
(273, 476) 829
(272, 477) 830
(272, 477) 831
(266, 478) 832
(262, 478) 833
(257, 479) 834
(250, 479) 835
(242, 479) 836
(235, 480) 837
(228, 480) 838
(222, 481) 839
(215, 481) 840
(210, 481) 841
(204, 482) 842
(199, 482) 843
(195, 482) 844
(190, 483) 845
(186, 483) 846
(182, 483) 847
(178, 484) 848
(175, 484) 849
(171, 484) 850
(168, 484) 851
(165, 485) 852
(161, 485) 853
(158, 485) 854
(154, 485) 855
(150, 485) 856
(145, 485) 857
(141, 485) 858
(137, 485) 859
(133, 485) 860
(132, 485) 861
(130, 485) 862
(128, 485) 863
(127, 485) 864
(125, 485) 865
(123, 484) 866
(121, 484) 867
(119, 484) 868
(117, 484) 869
(115, 483) 870
(112, 483) 871
(110, 483) 872
(99, 482) 873
(90, 482) 874
(81, 482) 875
(72, 481) 876
(64, 479) 877
(57, 478) 878
(50, 477) 879
(44, 476) 880
(38, 475) 881
(33, 474) 882
(29, 473) 883
(26, 472) 884
(23, 471) 885
(20, 470) 886
(18, 469) 887
(15, 468) 888
(13, 467) 889
(12, 466) 890
(10, 465) 891
(8, 464) 892
(7, 463) 893
(7, 462) 894
(1928, 461) 895
(1924, 461) 896
(1921, 461) 897
(1919, 462) 898
(1917, 462) 899
(1915, 462) 900
(1913, 462) 901
(1912, 463) 902
(1907, 463) 903
(1903, 463) 904
(1902, 464) 905
(1900, 463) 906
(1897, 463) 907
(1894, 462) 908
(1892, 462) 909
(1894, 461) 910
(1895, 461) 911
(1895, 460) 912
(1896, 460) 913
(1899, 460) 914
(1903, 460) 915
(1907, 460) 916
(1913, 459) 917
(1912, 459) 918
(4, 458) 919
(10, 458) 920
(16, 457) 921
(21, 457) 922
(26, 456) 923
(30, 456) 924
(35, 455) 925
(39, 455) 926
(43, 454) 927
(339, 469) 572
(339, 469) 573
(339, 469) 574
(340, 469) 575
(340, 470) 576
(340, 471) 577
(337, 472) 578
(333, 473) 579
(328, 473) 580
(324, 474) 581
(320, 475) 582
(315, 476) 583
(311, 476) 584
(306, 477) 585
(302, 477) 586
(301, 478) 587
(295, 478) 588
(291, 479) 589
(292, 479) 590
(293, 480) 591
(293, 481) 592
(294, 481) 593
(295, 482) 594
(296, 483) 595
(297, 483) 596
(298, 484) 597
(300, 485) 598
(301, 485) 599
(302, 486) 600
(303, 486) 601
(304, 487) 602
(305, 488) 603
(306, 488) 604
(307, 489) 605
(308, 489) 606
(309, 489) 607
(308, 489) 608
(307, 490) 609
(306, 490) 610
(305, 490) 611
(303, 491) 612
(301, 491) 613
(301, 491) 614
(301, 492) 615
(300, 492) 616
(298, 492) 617
(297, 493) 618
(295, 493) 619
(293, 493) 620
(291, 494) 621
(289, 494) 622
(286, 494) 623
(283, 494) 624
(281, 495) 625
(279, 495) 626
(278, 494) 627
(279, 493) 628
(280, 492) 629
(282, 491) 630
(284, 490) 631
(287, 489) 632
(291, 488) 633
(291, 487) 634
(291, 487) 635
(292, 486) 636
(295, 486) 637
(293, 486) 638
(291, 486) 639
(289, 486) 640
(281, 487) 641
(274, 488) 642
(269, 490) 643
(264, 491) 644
(267, 492) 645
(272, 493) 646
(275, 494) 647
(278, 495) 648
(277, 496) 649
(277, 497) 650
(277, 498) 651
(278, 498) 652
(278, 499) 653
(278, 500) 654
(278, 501) 655
(283, 501) 656
(291, 502) 657
(300, 502) 658
(310, 503) 659
(319, 503) 660
(328, 504) 661
(333, 504) 662
(337, 503) 663
(341, 503) 664
(344, 503) 665
(347, 503) 666
(347, 503) 667
(344, 503) 668
(340, 503) 669
(336, 504) 670
(329, 504) 671
(322, 505) 672
(316, 506) 673
(310, 506) 674
(306, 507) 675
(302, 507) 676
(297, 507) 677
(294, 508) 678
(290, 508) 679
(287, 508) 680
(283, 509) 681
(279, 509) 682
(275, 510) 683
(271, 510) 684
(266, 511) 685
(262, 511) 686
(256, 512) 687
(251, 513) 688
(245, 514) 689
(239, 514) 690
(238, 515) 691
(236, 515) 692
(234, 516) 693
(229, 516) 694
(225, 516) 695
(221, 516) 696
(218, 517) 697
(214, 517) 698
(210, 518) 699
(207, 518) 700
(204, 519) 701
(201, 520) 702
(198, 521) 703
(195, 521) 704
(193, 522) 705
(191, 523) 706
(189, 523) 707
(188, 524) 708
(186, 525) 709
(185, 525) 710
(184, 526) 711
(183, 527) 712
(182, 527) 713
(181, 528) 714
(181, 528) 715
(184, 530) 716
(189, 531) 717
(192, 532) 718
(195, 534) 719
(196, 535) 720
(969, 483) 575
(969, 483) 576
(969, 483) 577
(972, 484) 578
(974, 485) 579
(977, 486) 580
(982, 486) 581
(985, 485) 582
(990, 487) 583
(994, 488) 584
(994, 487) 585
(997, 487) 586
(999, 487) 587
(998, 487) 588
(998, 487) 589
(1000, 487) 590
(1003, 487) 591
(1006, 487) 592
(1010, 487) 593
(1015, 487) 594
(1019, 487) 595
(1024, 486) 596
(1029, 486) 597
(1033, 486) 598
(1039, 486) 599
(1044, 486) 600
(1049, 486) 601
(1053, 487) 602
(1056, 487) 603
(1055, 487) 604
(1055, 487) 605
(1054, 488) 606
(1054, 488) 607
(1052, 489) 608
(1051, 489) 609
(1049, 490) 610
(1048, 490) 611
(1046, 491) 612
(1045, 491) 613
(1045, 491) 614
(1045, 492) 615
(1044, 492) 616
(1042, 492) 617
(1040, 493) 618
(1038, 493) 619
(1035, 493) 620
(1033, 493) 621
(1031, 493) 622
(1031, 494) 623
(1031, 494) 624
(1029, 494) 625
(1029, 494) 626
(1029, 495) 627
(1030, 495) 628
(1028, 495) 629
(1028, 495) 630
(1028, 496) 631
(1029, 496) 632
(1031, 496) 633
(1031, 496) 634
(1029, 496) 635
(1027, 497) 636
(1024, 497) 637
(1021, 497) 638
(1019, 497) 639
(1017, 497) 640
(1015, 497) 641
(1013, 497) 642
(1009, 497) 643
(1006, 497) 644
(1003, 497) 645
(1002, 497) 646
(1002, 497) 647
(998, 497) 648
(992, 497) 649
(987, 497) 650
(981, 497) 651
(974, 497) 652
(968, 497) 653
(961, 496) 654
(955, 496) 655
(949, 495) 656
(944, 495) 657
(941, 495) 658
(939, 494) 659
(939, 494) 660
(939, 493) 661
(937, 493) 662
(936, 492) 663
(936, 492) 664
(937, 492) 665
(939, 492) 666
(942, 492) 667
(944, 492) 668
(946, 492) 669
(947, 492) 670
(949, 492) 671
(949, 492) 672
(946, 492) 673
(943, 492) 674
(940, 492) 675
(937, 492) 676
(928, 492) 677
(920, 492) 678
(912, 492) 679
(906, 492) 680
(901, 492) 681
(896, 492) 682
(892, 491) 683
(885, 491) 684
(880, 491) 685
(874, 491) 686
(870, 491) 687
(865, 491) 688
(867, 492) 689
(868, 493) 690
(868, 493) 691
(869, 494) 692
(869, 494) 693
(864, 494) 694
(859, 494) 695
(854, 493) 696
(850, 493) 697
(846, 493) 698
(843, 492) 699
(840, 492) 700
(838, 492) 701
(835, 491) 702
(827, 491) 703
(820, 490) 704
(813, 489) 705
(807, 488) 706
(802, 487) 707
(802, 488) 708
(801, 488) 709
(801, 489) 710
(801, 489) 711
(801, 490) 712
(801, 490) 713
(801, 490) 714
(801, 491) 715
(794, 492) 716
(788, 493) 717
(783, 494) 718
(778, 494) 719
(774, 495) 720
(771, 495) 721
(769, 496) 722
(766, 496) 723
(764, 496) 724
(762, 496) 725
(760, 497) 726
(759, 497) 727
(757, 498) 728
(756, 499) 729
(755, 499) 730
(753, 500) 731
(752, 500) 732
(751, 500) 733
(750, 500) 734
(746, 502) 735
(745, 504) 736
(744, 505) 737
(743, 506) 738
(742, 507) 739
(741, 509) 740
(740, 510) 741
(740, 511) 742
(739, 512) 743
(738, 514) 744
(737, 515) 745
(736, 517) 746
(735, 518) 747
(734, 519) 748
(734, 521) 749
(725, 522) 750
(717, 524) 751
(709, 525) 752
(702, 527) 753
(696, 528) 754
(690, 530) 755
(685, 531) 756
(680, 532) 757
(676, 534) 758
(672, 535) 759
(669, 536) 760
(666, 538) 761
(663, 539) 762
(661, 540) 763
(658, 541) 764
(656, 542) 765
(654, 543) 766
(652, 544) 767
(649, 544) 768
(646, 544) 769
(643, 545) 770
(639, 545) 771
(635, 546) 772
(632, 546) 773
(629, 547) 774
(626, 547) 775
(623, 548) 776
(613, 548) 777
(605, 547) 778
(597, 547) 779
(590, 547) 780
(579, 547) 781
(564, 547) 782
(550, 547) 783
(539, 547) 784
(534, 546) 785
(530, 546) 786
(527, 546) 787
(524, 546) 788
(520, 546) 789
(516, 546) 790
(512, 546) 791
(509, 546) 792
(506, 546) 793
(505, 546) 794
(499, 547) 795
(494, 547) 796
(490, 548) 797
(486, 549) 798
(482, 550) 799
(479, 551) 800
(476, 551) 801
(474, 552) 802
(471, 553) 803
(469, 553) 804
(467, 554) 805
(465, 555) 806
(464, 556) 807
(463, 556) 808
(460, 555) 809
(460, 555) 810
(459, 554) 811
(459, 553) 812
(458, 552) 813
(457, 551) 814
(456, 551) 815
(456, 550) 816
(456, 549) 817
(457, 548) 818
(458, 547) 819
(460, 546) 820
(465, 545) 821
(469, 544) 822
(473, 543) 823
(476, 542) 824
(480, 542) 825
(478, 541) 826
(478, 541) 827
(479, 541) 828
(479, 541) 829
(479, 541) 830
(479, 540) 831
(479, 540) 832
(474, 540) 833
(469, 540) 834
(465, 540) 835
(460, 540) 836
(457, 539) 837
(457, 539) 838
(456, 539) 839
(455, 538) 840
(454, 538) 841
(453, 538) 842
(453, 537) 843
(452, 537) 844
(452, 536) 845
(454, 536) 846
(456, 536) 847
(464, 536) 848
(472, 536) 849
(480, 536) 850
(486, 535) 851
(492, 535) 852
(497, 535) 853
(510, 534) 854
(520, 534) 855
(528, 534) 856
(535, 534) 857
(536, 533) 858
(537, 533) 859
(538, 533) 860
(538, 533) 861
(539, 533) 862
(540, 532) 863
(540, 532) 864
(539, 532) 865
(539, 531) 866
(538, 531) 867
(534, 531) 868
(531, 530) 869
(528, 530) 870
(528, 529) 871
(529, 529) 872
(533, 529) 873
(538, 529) 874
(543, 529) 875
(547, 529) 876
(551, 529) 877
(555, 529) 878
(559, 529) 879
(562, 529) 880
(562, 528) 881
(562, 528) 882
(562, 528) 883
(562, 527) 884
(562, 527) 885
(556, 527) 886
(549, 526) 887
(539, 526) 888
(530, 525) 889
(522, 524) 890
(515, 523) 891
(511, 523) 892
(507, 522) 893
(1777, 521) 639
(1776, 521) 640
(1776, 521) 641
(1776, 521) 642
(1776, 521) 643
(1775, 521) 644
(1775, 521) 645
(1775, 522) 646
(1774, 522) 647
(1774, 522) 648
(1773, 522) 649
(1773, 522) 650
(1772, 522) 651
(1772, 523) 652
(1768, 522) 653
(1761, 520) 654
(1756, 519) 655
(1752, 517) 656
(1749, 516) 657
(1746, 514) 658
(1743, 513) 659
(1741, 511) 660
(1739, 510) 661
(1737, 509) 662
(1735, 507) 663
(1733, 506) 664
(1732, 505) 665
(1731, 504) 666
(1730, 503) 667
(1729, 501) 668
(1728, 500) 669
(1727, 499) 670
(1726, 498) 671
(1725, 497) 672
(1725, 496) 673
(1724, 495) 674
(1724, 494) 675
(1724, 493) 676
(1728, 492) 677
(1731, 492) 678
(1735, 491) 679
(1737, 491) 680
(1739, 491) 681
(1741, 491) 682
(1743, 491) 683
(1744, 491) 684
(1746, 491) 685
(1746, 491) 686
(1745, 491) 687
(1744, 491) 688
(1743, 491) 689
(1742, 490) 690
(1741, 490) 691
(1740, 490) 692
(1739, 490) 693
(1738, 490) 694
(1738, 490) 695
(1737, 490) 696
(1737, 490) 697
(1736, 490) 698
(1736, 490) 699
(1735, 490) 700
(1735, 490) 701
(1735, 490) 702
(1735, 490) 703
(1737, 490) 704
(1739, 490) 705
(1738, 489) 706
(1738, 489) 707
(1733, 489) 708
(1727, 489) 709
(1722, 489) 710
(1717, 489) 711
(1714, 488) 712
(1711, 488) 713
(1708, 488) 714
(1705, 488) 715
(1702, 487) 716
(1699, 487) 717
(1695, 487) 718
(1692, 487) 719
(1688, 486) 720
(1685, 486) 721
(1684, 486) 722
(1684, 486) 723
(1682, 486) 724
(1677, 486) 725
(1670, 486) 726
(1139, 534) 674
(1138, 534) 675
(1136, 534) 676
(1133, 534) 677
(1131, 535) 678
(1128, 534) 679
(1127, 535) 680
(1126, 535) 681
(1125, 536) 682
(1124, 536) 683
(1122, 536) 684
(1119, 537) 685
(1117, 537) 686
(1116, 537) 687
(1114, 538) 688
(1113, 538) 689
(1111, 538) 690
(1110, 539) 691
(1107, 539) 692
(1105, 539) 693
(1103, 539) 694
(1102, 539) 695
(1101, 539) 696
(1101, 539) 697
(1100, 539) 698
(1100, 539) 699
(1099, 538) 700
(1099, 538) 701
(1098, 538) 702
(1091, 538) 703
(1085, 537) 704
(1076, 536) 705
(1068, 536) 706
(1061, 535) 707
(1055, 534) 708
(1049, 533) 709
(1045, 532) 710
(1034, 532) 711
(1025, 532) 712
(1016, 531) 713
(1004, 531) 714
(996, 531) 715
(988, 531) 716
(981, 531) 717
(974, 530) 718
(969, 530) 719
(964, 530) 720
(959, 530) 721
(959, 530) 722
(959, 530) 723
(956, 530) 724
(956, 530) 725
(959, 529) 726
(965, 529) 727
(971, 529) 728
(976, 528) 729
(973, 528) 730
(971, 528) 731
(970, 527) 732
(971, 527) 733
(973, 527) 734
(982, 527) 735
(984, 526) 736
(985, 526) 737
(984, 525) 738
(983, 525) 739
(978, 525) 740
(974, 525) 741
(971, 525) 742
(967, 524) 743
(960, 524) 744
(959, 523) 745
(958, 523) 746
(956, 523) 747
(952, 524) 748
(946, 523) 749
(941, 523) 750
(941, 523) 751
(942, 523) 752
(942, 523) 753
(939, 523) 754
(940, 523) 755
(947, 523) 756
(955, 523) 757
(961, 524) 758
(967, 524) 759
(972, 524) 760
(977, 524) 761
(979, 525) 762
(982, 525) 763
(986, 526) 764
(989, 526) 765
(993, 527) 766
(993, 527) 767
(991, 526) 768
(988, 525) 769
(988, 523) 770
(987, 521) 771
(984, 519) 772
(982, 518) 773
(980, 516) 774
(978, 515) 775
(976, 513) 776
(977, 512) 777
(1479, 465) 734
(1479, 465) 735
(1479, 465) 736
(1478, 465) 737
(1478, 465) 738
(1478, 465) 739
(1478, 465) 740
(1478, 465) 741
(1478, 465) 742
(1477, 465) 743
(1470, 465) 744
(1462, 465) 745
(1455, 465) 746
(1449, 465) 747
(1443, 465) 748
(1437, 465) 749
(1436, 465) 750
(1432, 465) 751
(1428, 465) 752
(1416, 465) 753
(1405, 465) 754
(1395, 465) 755
(1385, 466) 756
(1375, 466) 757
(1367, 466) 758
(1358, 467) 759
(1351, 467) 760
(1348, 468) 761
(1346, 468) 762
(1343, 469) 763
(1340, 469) 764
(1338, 470) 765
(1335, 470) 766
(1332, 471) 767
(1330, 471) 768
(1327, 472) 769
(1325, 473) 770
(1325, 473) 771
(1326, 474) 772
(1329, 474) 773
(1331, 475) 774
(1331, 476) 775
(1331, 477) 776
(1331, 477) 777
(1330, 478) 778
(1328, 479) 779
(1327, 479) 780
(1324, 480) 781
(1322, 481) 782
(1319, 482) 783
(1319, 482) 784
(1319, 483) 785
(1319, 484) 786
(1317, 484) 787
(1316, 485) 788
(1311, 485) 789
(1306, 485) 790
(1301, 486) 791
(1296, 486) 792
(1290, 487) 793
(1284, 487) 794
(772, 551) 770
(769, 551) 771
(767, 551) 772
(764, 550) 773
(762, 550) 774
(760, 550) 775
(758, 550) 776
(756, 549) 777
(755, 549) 778
(753, 549) 779
(753, 549) 780
(753, 548) 781
(753, 548) 782
(754, 548) 783
(753, 548) 784
(752, 547) 785
(752, 547) 786
(751, 547) 787
(754, 547) 788
(756, 547) 789
(758, 547) 790
(760, 548) 791
(761, 548) 792
(763, 548) 793
(762, 548) 794
(762, 547) 795
(764, 547) 796
(767, 546) 797
(769, 545) 798
(772, 544) 799
(774, 543) 800
(775, 542) 801
(777, 541) 802
(778, 541) 803
(780, 540) 804
(781, 539) 805
(782, 538) 806
(783, 538) 807
(783, 537) 808
(782, 536) 809
(780, 536) 810
(785, 535) 811
(785, 534) 812
(784, 533) 813
(782, 532) 814
(780, 530) 815
(779, 528) 816
(778, 527) 817
(777, 525) 818
(776, 523) 819
(776, 522) 820
(775, 520) 821
(775, 519) 822
(777, 518) 823
(780, 518) 824
(784, 518) 825
(788, 518) 826
(788, 517) 827
(788, 516) 828
(788, 516) 829
(788, 515) 830
(788, 514) 831
(788, 513) 832
(788, 512) 833
(788, 512) 834
(788, 511) 835
(784, 511) 836
(781, 511) 837
(780, 511) 838
(779, 511) 839
(779, 511) 840
(778, 511) 841
(778, 511) 842
(778, 511) 843
(778, 510) 844
(779, 510) 845
(779, 510) 846
(779, 510) 847
(779, 510) 848
(779, 510) 849
(779, 510) 850
(779, 510) 851
(779, 510) 852
(783, 510) 853
(786, 509) 854
(789, 509) 855
(791, 509) 856
(794, 509) 857
(796, 509) 858
(797, 509) 859
(797, 509) 860
(797, 509) 861
(798, 509) 862
(801, 510) 863
(804, 510) 864
(806, 510) 865
(809, 511) 866
(811, 511) 867
(811, 511) 868
(810, 511) 869
(807, 511) 870
(804, 512) 871
(802, 512) 872
(800, 512) 873
(799, 512) 874
(798, 512) 875
(796, 512) 876
(794, 512) 877
(788, 513) 878
(783, 514) 879
(778, 515) 880
(774, 516) 881
(770, 517) 882
(766, 518) 883
(763, 518) 884
(757, 519) 885
(1541, 429) 779
(1541, 429) 780
(1541, 429) 781
(1542, 429) 782
(1543, 429) 783
(1544, 429) 784
(1550, 429) 785
(1555, 430) 786
(1560, 431) 787
(1565, 432) 788
(1569, 432) 789
(1573, 433) 790
(1577, 433) 791
(1580, 434) 792
(1583, 435) 793
(1585, 435) 794
(1587, 436) 795
(1589, 436) 796
(1591, 437) 797
(1593, 438) 798
(1594, 438) 799
(1596, 439) 800
(1597, 439) 801
(1598, 440) 802
(1599, 440) 803
(1600, 441) 804
(1600, 441) 805
(1601, 442) 806
(1602, 442) 807
(1602, 442) 808
(1597, 443) 809
(1590, 444) 810
(1588, 444) 811
(1587, 444) 812
(1586, 445) 813
(1585, 445) 814
(1585, 445) 815
(1589, 446) 816
(1594, 446) 817
(1598, 447) 818
(1602, 448) 819
(1606, 448) 820
(1609, 449) 821
(1612, 449) 822
(1615, 450) 823
(1617, 451) 824
(1620, 451) 825
(1622, 452) 826
(1622, 453) 827
(1620, 454) 828
(1617, 455) 829
(1615, 456) 830
(1613, 458) 831
(1610, 459) 832
(1608, 460) 833
(1607, 461) 834
(1605, 463) 835
(1603, 464) 836
(1605, 465) 837
(1606, 466) 838
(1607, 466) 839
(1608, 467) 840
(1609, 467) 841
(1614, 468) 842
(1619, 469) 843
(1624, 469) 844
(1628, 470) 845
(1632, 470) 846
(1636, 471) 847
(1639, 471) 848
(1642, 472) 849
(1645, 472) 850
(1645, 473) 851
(1644, 473) 852
(1642, 473) 853
(1641, 473) 854
(1640, 473) 855
(1639, 473) 856
(1638, 473) 857
(1638, 473) 858
(1637, 473) 859
(1637, 473) 860
(1637, 473) 861
(1635, 473) 862
(1633, 472) 863
(1633, 472) 864
(1633, 472) 865
(1631, 472) 866
(1628, 472) 867
(1626, 472) 868
(1624, 473) 869
(1623, 473) 870
(1623, 473) 871
(1627, 474) 872
(1635, 474) 873
(1643, 475) 874
(1652, 475) 875
(1660, 476) 876
(1669, 477) 877
(1677, 478) 878
(1684, 478) 879
(1690, 479) 880
(1695, 480) 881
(1695, 480) 882
(1695, 480) 883
(1695, 481) 884
(1692, 481) 885
(1690, 482) 886
(1688, 482) 887
(1688, 482) 888
(1690, 483) 889
(1693, 483) 890
(1696, 483) 891
(1698, 484) 892
(1701, 484) 893
(1701, 484) 894
(1700, 485) 895
(1696, 485) 896
(1694, 485) 897
(1691, 485) 898
(1689, 486) 899
(1686, 486) 900
(1685, 486) 901
(1683, 486) 902
(1681, 486) 903
(1680, 487) 904
(1679, 487) 905
(1679, 487) 906
(1678, 487) 907
(1678, 488) 908
(1677, 488) 909
(1677, 488) 910
(1677, 488) 911
(1677, 489) 912
(1677, 489) 913
(1677, 489) 914
(1677, 489) 915
(1677, 489) 916
(1677, 490) 917
(1678, 490) 918
(1678, 490) 919
(1684, 490) 920
(1690, 490) 921
(1689, 490) 922
(1688, 490) 923
(1688, 490) 924
(1687, 490) 925
(1687, 491) 926
(1687, 491) 927
(1686, 491) 928
(1686, 491) 929
(1686, 491) 930
(1685, 491) 931
(1685, 491) 932
(1685, 491) 933
(1685, 492) 934
(1685, 492) 935
(1684, 492) 936
(1684, 492) 937
(1684, 492) 938
(1684, 492) 939
(1684, 492) 940
(1688, 492) 941
(1692, 492) 942
(1695, 492) 943
(1698, 492) 944
(1701, 492) 945
(1703, 492) 946
(1705, 492) 947
(1706, 492) 948
(1708, 492) 949
(1709, 492) 950
(1710, 492) 951
(1710, 492) 952
(1711, 492) 953
(1711, 492) 954
(1712, 491) 955
(1712, 491) 956
(1713, 491) 957
(1713, 491) 958
(1713, 491) 959
(1714, 491) 960
(1714, 491) 961
(1714, 491) 962
(1714, 491) 963
(1714, 491) 964
(1715, 491) 965
(1715, 491) 966
(1715, 491) 967
(1715, 491) 968
(1718, 490) 969
(1715, 490) 970
(1711, 489) 971
(1707, 489) 972
(1703, 488) 973
(1699, 488) 974
(1694, 487) 975
(1689, 487) 976
(1685, 487) 977
(1681, 487) 978
(1679, 486) 979
(1677, 486) 980
(1675, 486) 981
(1675, 485) 982
(1676, 485) 983
(1676, 484) 984
(1676, 484) 985
(1676, 483) 986
(1675, 483) 987
(1674, 482) 988
(1673, 481) 989
(1673, 480) 990
(1674, 479) 991
(1676, 478) 992
(1678, 478) 993
(1680, 478) 994
(1681, 477) 995
(1683, 477) 996
(1686, 477) 997
(1714, 472) 809
(1713, 472) 810
(1712, 472) 811
(1709, 472) 812
(1705, 472) 813
(1702, 472) 814
(1700, 473) 815
(1698, 473) 816
(1696, 473) 817
(1694, 473) 818
(1693, 473) 819
(1691, 474) 820
(1690, 474) 821
(1689, 474) 822
(1688, 474) 823
(1687, 474) 824
(1686, 474) 825
(1686, 474) 826
(1686, 475) 827
(1690, 474) 828
(1695, 474) 829
(1701, 473) 830
(1707, 473) 831
(1712, 472) 832
(1717, 472) 833
(1722, 471) 834
(1727, 471) 835
(1729, 470) 836
(1732, 470) 837
(1734, 470) 838
(1736, 469) 839
(1738, 469) 840
(1740, 468) 841
(1743, 468) 842
(1745, 468) 843
(1747, 468) 844
(1754, 467) 845
(1761, 467) 846
(1767, 466) 847
(1773, 466) 848
(1779, 466) 849
(1784, 465) 850
(1789, 465) 851
(1794, 465) 852
(1799, 464) 853
(1803, 464) 854
(1807, 463) 855
(1811, 463) 856
(1814, 463) 857
(1817, 462) 858
(1820, 462) 859
(1823, 461) 860
(1826, 461) 861
(1830, 461) 862
(1833, 461) 863
(1836, 460) 864
(1839, 460) 865
(1842, 460) 866
(1845, 459) 867
(1849, 459) 868
(1852, 459) 869
(1855, 459) 870
(1858, 458) 871
(1861, 458) 872
(947, 506) 826
(947, 506) 827
(946, 505) 828
(945, 505) 829
(941, 506) 830
(937, 506) 831
(934, 507) 832
(933, 507) 833
(930, 508) 834
(928, 508) 835
(926, 508) 836
(926, 509) 837
(931, 510) 838
(937, 511) 839
(943, 512) 840
(949, 513) 841
(952, 514) 842
(950, 514) 843
(944, 515) 844
(943, 515) 845
(938, 515) 846
(933, 515) 847
(926, 514) 848
(923, 515) 849
(919, 514) 850
(915, 514) 851
(915, 514) 852
(916, 515) 853
(917, 515) 854
(921, 515) 855
(926, 515) 856
(931, 516) 857
(932, 516) 858
(937, 516) 859
(942, 516) 860
(946, 516) 861
(950, 517) 862
(953, 517) 863
(950, 517) 864
(949, 517) 865
(947, 517) 866
(947, 517) 867
(945, 517) 868
(943, 517) 869
(942, 517) 870
(940, 517) 871
(940, 517) 872
(941, 517) 873
(941, 517) 874
(940, 517) 875
(940, 516) 876
(941, 516) 877
(940, 516) 878
(938, 516) 879
(935, 515) 880
(932, 515) 881
(931, 515) 882
(929, 515) 883
(929, 515) 884
(930, 515) 885
(933, 515) 886
(936, 515) 887
(940, 515) 888
(943, 515) 889
(944, 515) 890
(947, 515) 891
(952, 515) 892
(956, 516) 893
(961, 516) 894
(964, 516) 895
(964, 515) 896
(963, 515) 897
(960, 514) 898
(958, 514) 899
(956, 514) 900
(955, 513) 901
(955, 513) 902
(953, 513) 903
(951, 512) 904
(950, 512) 905
(948, 512) 906
(944, 512) 907
(942, 512) 908
(944, 512) 909
(943, 512) 910
(943, 512) 911
(947, 513) 912
(948, 514) 913
(948, 514) 914
(950, 514) 915
(951, 514) 916
(951, 514) 917
(952, 514) 918
(955, 514) 919
(959, 514) 920
(966, 515) 921
(971, 516) 922
(976, 517) 923
(982, 518) 924
(988, 520) 925
(993, 521) 926
(995, 521) 927
(998, 522) 928
(1001, 523) 929
(1003, 524) 930
(1002, 525) 931
(1002, 525) 932
(1001, 525) 933
(1001, 526) 934
(1000, 527) 935
(1000, 527) 936
(999, 528) 937
(999, 529) 938
(998, 529) 939
(998, 530) 940
(996, 529) 941
(992, 529) 942
(992, 530) 943
(987, 529) 944
(983, 529) 945
(979, 529) 946
(978, 528) 947
(977, 528) 948
(974, 528) 949
(971, 527) 950
(969, 527) 951
(967, 527) 952
(965, 527) 953
(963, 527) 954
(961, 527) 955
(960, 527) 956
(957, 527) 957
(958, 527) 958
(965, 528) 959
(967, 529) 960
(969, 529) 961
(971, 530) 962
(973, 530) 963
(978, 531) 964
(977, 531) 965
(981, 531) 966
(981, 531) 967
(978, 531) 968
(979, 531) 969
(980, 531) 970
(981, 531) 971
(984, 530) 972
(985, 530) 973
(986, 530) 974
(986, 530) 975
(986, 530) 976
(986, 530) 977
(985, 530) 978
(985, 530) 979
(985, 530) 980
(985, 530) 981
(983, 530) 982
(981, 530) 983
(979, 530) 984
(979, 530) 985
(980, 530) 986
(980, 530) 987
(980, 530) 988
(980, 531) 989
(979, 531) 990
(979, 531) 991
(978, 531) 992
(974, 531) 993
(972, 532) 994
(968, 532) 995
(966, 532) 996
(966, 532) 997
(969, 532) 998
(972, 533) 999
(976, 533) 1000
(979, 534) 1001
(982, 534) 1002
(983, 534) 1003
(984, 535) 1004
(985, 535) 1005
(986, 535) 1006
(987, 536) 1007
(988, 536) 1008
(988, 536) 1009
(989, 537) 1010
(987, 537) 1011
(987, 537) 1012
(985, 538) 1013
(982, 538) 1014
(978, 539) 1015
(975, 539) 1016
(972, 540) 1017
(969, 541) 1018
(967, 541) 1019
(966, 541) 1020
(968, 541) 1021
(969, 541) 1022
(975, 541) 1023
(976, 540) 1024
(975, 540) 1025
(971, 540) 1026
(961, 540) 1027
(956, 540) 1028
(952, 540) 1029
(947, 540) 1030
(943, 540) 1031
(943, 540) 1032
(943, 540) 1033
(942, 540) 1034
(942, 540) 1035
(942, 540) 1036
(941, 540) 1037
(941, 540) 1038
(939, 541) 1039
(939, 541) 1040
(938, 541) 1041
(937, 541) 1042
(940, 541) 1043
(309, 506) 832
(309, 506) 833
(309, 506) 834
(309, 506) 835
(309, 506) 836
(309, 506) 837
(309, 506) 838
(309, 506) 839
(309, 506) 840
(309, 506) 841
(309, 506) 842
(309, 506) 843
(312, 506) 844
(315, 506) 845
(318, 507) 846
(321, 507) 847
(324, 507) 848
(326, 508) 849
(329, 508) 850
(331, 508) 851
(333, 509) 852
(334, 509) 853
(336, 509) 854
(337, 509) 855
(338, 509) 856
(340, 509) 857
(341, 510) 858
(342, 510) 859
(343, 510) 860
(343, 510) 861
(343, 510) 862
(343, 510) 863
(343, 510) 864
(345, 508) 865
(348, 507) 866
(351, 506) 867
(354, 504) 868
(357, 503) 869
(359, 502) 870
(361, 501) 871
(363, 499) 872
(365, 498) 873
(366, 497) 874
(368, 496) 875
(369, 495) 876
(370, 494) 877
(371, 493) 878
(372, 492) 879
(373, 491) 880
(378, 491) 881
(382, 491) 882
(385, 491) 883
(387, 491) 884
(387, 491) 885
(387, 490) 886
(386, 490) 887
(386, 490) 888
(386, 489) 889
(386, 489) 890
(380, 488) 891
(375, 486) 892
(371, 485) 893
(367, 484) 894
(364, 484) 895
(360, 483) 896
(352, 483) 897
(345, 483) 898
(339, 483) 899
(333, 483) 900
(327, 482) 901
(323, 482) 902
(318, 482) 903
(312, 481) 904
(314, 481) 905
(316, 480) 906
(316, 479) 907
(316, 477) 908
(314, 475) 909
(312, 472) 910
(310, 470) 911
(309, 468) 912
(306, 466) 913
(302, 464) 914
(299, 462) 915
(295, 460) 916
(290, 458) 917
(30, 446) 1021
(30, 446) 1022
(31, 446) 1023
(31, 446) 1024
(31, 446) 1025
(32, 446) 1026
(32, 446) 1027
(33, 446) 1028
(34, 446) 1029
(35, 446) 1030
(36, 446) 1031
(37, 446) 1032
(38, 446) 1033
(39, 446) 1034
(40, 447) 1035
(41, 447) 1036
(42, 447) 1037
(42, 447) 1038
(43, 447) 1039
(44, 447) 1040
(44, 447) 1041
(45, 447) 1042
(45, 447) 1043
(41, 446) 1044
(38, 445) 1045
(40, 445) 1046
(39, 445) 1047
(39, 445) 1048
(39, 445) 1049
(43, 445) 1050
(48, 445) 1051
(52, 445) 1052
(56, 445) 1053
(60, 445) 1054
(63, 445) 1055
(67, 445) 1056
(70, 444) 1057
(73, 444) 1058
(75, 444) 1059
(77, 444) 1060
(79, 444) 1061
(81, 444) 1062
(83, 444) 1063
(84, 444) 1064
(85, 444) 1065
(86, 444) 1066
(87, 444) 1067
(88, 444) 1068
(88, 444) 1069
(88, 444) 1070
(87, 444) 1071
(85, 444) 1072
(83, 444) 1073
(81, 444) 1074
(80, 444) 1075
(79, 444) 1076
(77, 444) 1077
(77, 444) 1078
(76, 444) 1079
(75, 445) 1080
(75, 445) 1081
(75, 445) 1082
(74, 445) 1083
(74, 445) 1084
(74, 445) 1085
(73, 445) 1086
(73, 445) 1087
(73, 445) 1088
(73, 445) 1089
(73, 445) 1090
(72, 445) 1091
(72, 445) 1092
(72, 445) 1093
(72, 445) 1094
(72, 445) 1095
(72, 445) 1096
(75, 444) 1097
(73, 444) 1098
(72, 444) 1099
(70, 444) 1100
(69, 443) 1101
(68, 443) 1102
(62, 444) 1103
(57, 445) 1104
(57, 445) 1105
(52, 445) 1106
(47, 446) 1107
(42, 447) 1108
(38, 447) 1109
(30, 448) 1110
(24, 449) 1111
(17, 449) 1112
(11, 450) 1113
(11, 450) 1114
(1927, 451) 1115
(1922, 451) 1116
(1918, 452) 1117
(1915, 452) 1118
(1916, 452) 1119
(1918, 453) 1120
(1919, 453) 1121
(1919, 453) 1122
(1917, 454) 1123
(1916, 454) 1124
(1916, 454) 1125
(1917, 454) 1126
(1918, 455) 1127
(1920, 455) 1128
(1921, 455) 1129
(1923, 455) 1130
(1924, 456) 1131
(1924, 456) 1132
(6, 456) 1133
(7, 456) 1134
(8, 456) 1135
(7, 456) 1136
(1925, 456) 1137
(1923, 456) 1138
(1920, 456) 1139
(1921, 455) 1140
(1923, 454) 1141
(1923, 454) 1142
(5, 454) 1143
(6, 453) 1144
(15, 453) 1145
(24, 452) 1146
(32, 450) 1147
(40, 449) 1148
(47, 447) 1149
(54, 446) 1150
(59, 445) 1151
(65, 443) 1152
(69, 442) 1153
(73, 441) 1154
(75, 441) 1155
(77, 441) 1156
(80, 442) 1157
(83, 442) 1158
(94, 443) 1159
(105, 443) 1160
(116, 443) 1161
(126, 444) 1162
(136, 444) 1163
(145, 445) 1164
(154, 445) 1165
(163, 446) 1166
(171, 447) 1167
(176, 447) 1168
(180, 448) 1169
(184, 448) 1170
(187, 449) 1171
(190, 449) 1172
(193, 450) 1173
(198, 450) 1174
(1471, 523) 1044
(1471, 523) 1045
(1467, 524) 1046
(1469, 524) 1047
(1471, 524) 1048
(1472, 524) 1049
(1474, 524) 1050
(1475, 524) 1051
(1476, 523) 1052
(1477, 523) 1053
(1478, 523) 1054
(1479, 523) 1055
(1480, 523) 1056
(1481, 523) 1057
(1482, 523) 1058
(1482, 523) 1059
(1483, 523) 1060
(1483, 523) 1061
(1484, 523) 1062
(1484, 523) 1063
(1480, 522) 1064
(1475, 521) 1065
(1470, 520) 1066
(1466, 519) 1067
(1459, 519) 1068
(1453, 518) 1069
(1447, 517) 1070
(1442, 517) 1071
(1438, 516) 1072
(1434, 516) 1073
(1430, 515) 1074
(1427, 515) 1075
(1424, 514) 1076
(1421, 514) 1077
(1418, 513) 1078
(1418, 513) 1079
(1413, 512) 1080
(1407, 512) 1081
(1402, 512) 1082
(1397, 511) 1083
(1393, 511) 1084
(1389, 511) 1085
(1386, 511) 1086
(1383, 510) 1087
(1380, 510) 1088
(1377, 510) 1089
(1375, 510) 1090
(1373, 509) 1091
(1371, 509) 1092
(1370, 509) 1093
(1368, 509) 1094
(1367, 508) 1095
(1366, 508) 1096
(1359, 508) 1097
(1352, 508) 1098
(1341, 508) 1099
(1332, 508) 1100
(1317, 507) 1101
(1304, 507) 1102
(1298, 506) 1103
(1293, 506) 1104
(1285, 505) 1105
(1278, 505) 1106
(1271, 505) 1107
(1264, 504) 1108
(1256, 504) 1109
(1245, 504) 1110
(1235, 504) 1111
(1225, 504) 1112
(1216, 505) 1113
(1207, 505) 1114
(1199, 505) 1115
(1192, 505) 1116
(1185, 505) 1117
(1179, 506) 1118
(1173, 506) 1119
(1168, 506) 1120
(1164, 506) 1121
(1160, 506) 1122
(1156, 506) 1123
(1152, 506) 1124
(1149, 506) 1125
(1145, 506) 1126
(1143, 506) 1127
(1140, 505) 1128
(1137, 505) 1129
(1137, 505) 1130
(1137, 505) 1131
(1136, 505) 1132
(1135, 505) 1133
(1133, 505) 1134
(1128, 506) 1135
(1124, 506) 1136
(1120, 506) 1137
(1115, 506) 1138
(1110, 507) 1139
(1104, 507) 1140
(1099, 508) 1141
(1094, 508) 1142
(1089, 508) 1143
(1085, 509) 1144
(1082, 509) 1145
(1077, 509) 1146
(1072, 510) 1147
(1067, 510) 1148
(1064, 510) 1149
(1060, 510) 1150
(1050, 511) 1151
(836, 539) 1068
(836, 538) 1069
(834, 538) 1070
(834, 538) 1071
(832, 537) 1072
(831, 537) 1073
(831, 537) 1074
(835, 536) 1075
(837, 536) 1076
(838, 536) 1077
(837, 535) 1078
(833, 535) 1079
(832, 534) 1080
(830, 534) 1081
(824, 534) 1082
(817, 535) 1083
(813, 535) 1084
(813, 535) 1085
(813, 535) 1086
(813, 534) 1087
(807, 535) 1088
(801, 536) 1089
(796, 536) 1090
(791, 537) 1091
(787, 537) 1092
(783, 538) 1093
(779, 538) 1094
(776, 539) 1095
(773, 539) 1096
(769, 539) 1097
(771, 538) 1098
(771, 538) 1099
(772, 538) 1100
(772, 538) 1101
(772, 538) 1102
(772, 538) 1103
(768, 538) 1104
(763, 537) 1105
(759, 537) 1106
(754, 537) 1107
(750, 536) 1108
(746, 536) 1109
(743, 535) 1110
(740, 535) 1111
(740, 535) 1112
(741, 534) 1113
(744, 533) 1114
(746, 533) 1115
(748, 533) 1116
(749, 532) 1117
(752, 532) 1118
(756, 532) 1119
(761, 531) 1120
(761, 531) 1121
(762, 532) 1122
(767, 532) 1123
(771, 532) 1124
(775, 531) 1125
(775, 531) 1126
(775, 531) 1127
(775, 531) 1128
(772, 532) 1129
(771, 532) 1130
(771, 532) 1131
(774, 532) 1132
(777, 532) 1133
(775, 532) 1134
(775, 531) 1135
(775, 531) 1136
(775, 530) 1137
(774, 530) 1138
(771, 530) 1139
(769, 530) 1140
(767, 530) 1141
(765, 529) 1142
(763, 529) 1143
(762, 529) 1144
(760, 529) 1145
(1528, 580) 1097
(1529, 580) 1098
(1530, 580) 1099
(1531, 580) 1100
(1531, 580) 1101
(1525, 579) 1102
(1519, 579) 1103
(1514, 579) 1104
(1509, 578) 1105
(1504, 578) 1106
(1500, 578) 1107
(1496, 578) 1108
(1486, 577) 1109
(1483, 576) 1110
(1480, 576) 1111
(1477, 576) 1112
(1474, 575) 1113
(1467, 575) 1114
(1460, 574) 1115
(1459, 574) 1116
(1458, 573) 1117
(1458, 573) 1118
(1458, 573) 1119
(1458, 572) 1120
(1458, 572) 1121
(1460, 572) 1122
(1462, 572) 1123
(1464, 572) 1124
(1466, 572) 1125
(1468, 572) 1126
(1470, 572) 1127
(1471, 572) 1128
(1473, 572) 1129
(1475, 572) 1130
(1477, 572) 1131
(1479, 572) 1132
(1480, 572) 1133
(1482, 572) 1134
(1483, 572) 1135
(1485, 572) 1136
(1486, 572) 1137
(1487, 572) 1138
(1489, 572) 1139
(1491, 572) 1140
(1493, 572) 1141
(1495, 572) 1142
(1497, 572) 1143
(1498, 572) 1144
(1500, 572) 1145
(1499, 572) 1146
(1499, 572) 1147
(1499, 572) 1148
(1497, 572) 1149
(1496, 572) 1150
(1494, 572) 1151
(1493, 572) 1152
(1492, 572) 1153
(1491, 572) 1154
(1491, 572) 1155
(1490, 572) 1156
(1490, 572) 1157
(1490, 572) 1158
(1491, 573) 1159
(1491, 573) 1160
(1491, 573) 1161
(1492, 573) 1162
(1492, 573) 1163
(1493, 573) 1164
(1494, 573) 1165
(1494, 573) 1166
(1495, 573) 1167
(1495, 573) 1168
(1496, 573) 1169
(1497, 573) 1170
(1497, 573) 1171
(1497, 573) 1172
(1498, 573) 1173
(1498, 572) 1174
(476, 526) 1118
(476, 526) 1119
(476, 525) 1120
(476, 525) 1121
(477, 524) 1122
(477, 524) 1123
(478, 523) 1124
(479, 522) 1125
(480, 522) 1126
(481, 521) 1127
(482, 520) 1128
(482, 520) 1129
(483, 519) 1130
(484, 518) 1131
(488, 519) 1132
(492, 519) 1133
(495, 519) 1134
(498, 519) 1135
(501, 519) 1136
(508, 519) 1137
(514, 518) 1138
(518, 517) 1139
(523, 515) 1140
(525, 515) 1141
(527, 515) 1142
(529, 514) 1143
(531, 514) 1144
(532, 514) 1145
(534, 513) 1146
(535, 513) 1147
(536, 513) 1148
(537, 513) 1149
(538, 512) 1150
(539, 512) 1151
(539, 512) 1152
(539, 512) 1153
(534, 512) 1154
(527, 512) 1155
(521, 512) 1156
(515, 512) 1157
(504, 511) 1158
(494, 510) 1159
(486, 509) 1160
(478, 508) 1161
(470, 508) 1162
(462, 507) 1163
(456, 506) 1164
(450, 505) 1165
(444, 505) 1166
(440, 504) 1167
(435, 503) 1168
(431, 503) 1169
(428, 502) 1170
(425, 501) 1171
(422, 501) 1172
(419, 500) 1173
(417, 500) 1174
(415, 499) 1175
(411, 499) 1176
(401, 499) 1177
(401, 498) 1178
(401, 498) 1179
(401, 498) 1180
(402, 498) 1181
(403, 497) 1182
(404, 497) 1183
(404, 497) 1184
(400, 497) 1185
(394, 497) 1186
(390, 497) 1187
(386, 498) 1188
(379, 497) 1189
(374, 497) 1190
(368, 498) 1191
(364, 498) 1192
(360, 498) 1193
(357, 498) 1194
(353, 498) 1195
(351, 498) 1196
(911, 473) 1133
(911, 473) 1134
(911, 473) 1135
(911, 473) 1136
(905, 473) 1137
(900, 473) 1138
(888, 475) 1139
(877, 476) 1140
(866, 478) 1141
(861, 479) 1142
(856, 480) 1143
(851, 480) 1144
(844, 480) 1145
(837, 481) 1146
(826, 482) 1147
(816, 483) 1148
(809, 484) 1149
(802, 484) 1150
(791, 485) 1151
(781, 486) 1152
(779, 486) 1153
(779, 487) 1154
(779, 487) 1155
(779, 488) 1156
(779, 489) 1157
(778, 490) 1158
(778, 490) 1159
(778, 491) 1160
(777, 491) 1161
(777, 492) 1162
(777, 492) 1163
(776, 493) 1164
(775, 493) 1165
(775, 493) 1166
(775, 494) 1167
(774, 495) 1168
(773, 495) 1169
(771, 496) 1170
(773, 497) 1171
(775, 498) 1172
(776, 499) 1173
(778, 500) 1174
(780, 500) 1175
(782, 501) 1176
(783, 501) 1177
(785, 502) 1178
(785, 503) 1179
(784, 503) 1180
(785, 504) 1181
(785, 505) 1182
(784, 505) 1183
(784, 506) 1184
(784, 506) 1185
(782, 507) 1186
(781, 507) 1187
(780, 507) 1188
(777, 508) 1189
(771, 508) 1190
(765, 508) 1191
(764, 508) 1192
(762, 508) 1193
(760, 508) 1194
(760, 508) 1195
(762, 509) 1196
(762, 509) 1197
(763, 510) 1198
(762, 511) 1199
(763, 512) 1200
(764, 513) 1201
(764, 514) 1202
(765, 515) 1203
(765, 515) 1204
(765, 516) 1205
(764, 517) 1206
(764, 518) 1207
(764, 518) 1208
(763, 519) 1209
(762, 520) 1210
(759, 521) 1211
(757, 522) 1212
(754, 523) 1213
(752, 524) 1214
(752, 525) 1215
(754, 526) 1216
(756, 526) 1217
(756, 528) 1218
(756, 529) 1219
(757, 530) 1220
(757, 531) 1221
(757, 532) 1222
(755, 533) 1223
(756, 535) 1224
(756, 536) 1225
(756, 537) 1226
(756, 538) 1227
(756, 539) 1228
(757, 540) 1229
(757, 541) 1230
(755, 541) 1231
(754, 541) 1232
(754, 541) 1233
(757, 541) 1234
(758, 541) 1235
(759, 541) 1236
(762, 541) 1237
(765, 540) 1238
(768, 540) 1239
(771, 540) 1240
(773, 540) 1241
(775, 539) 1242
(776, 539) 1243
(778, 539) 1244
(778, 539) 1245
(778, 539) 1246
(777, 539) 1247
(777, 539) 1248
(777, 539) 1249
(777, 539) 1250
(778, 538) 1251
(780, 538) 1252
(781, 538) 1253
(782, 538) 1254
(781, 538) 1255
(781, 538) 1256
(784, 538) 1257
(787, 537) 1258
(790, 537) 1259
(793, 536) 1260
(796, 536) 1261
(799, 535) 1262
(802, 535) 1263
(805, 534) 1264
(810, 534) 1265
(812, 533) 1266
(814, 533) 1267
(812, 533) 1268
(813, 532) 1269
(817, 531) 1270
(815, 531) 1271
(813, 531) 1272
