(1664, 532) 170
(1663, 532) 171
(1663, 532) 172
(1663, 533) 173
(1664, 533) 174
(1664, 533) 175
(1664, 533) 176
(1664, 533) 177
(1664, 534) 178
(1664, 533) 179
(1664, 532) 180
(1663, 531) 181
(1663, 531) 182
(1663, 531) 183
(1663, 532) 184
(1663, 532) 185
(1661, 533) 186
(1660, 535) 187
(1659, 536) 188
(1659, 538) 189
(1664, 540) 190
(1666, 542) 191
(1670, 545) 192
(1671, 549) 193
(1672, 551) 194
(1673, 554) 195
(1674, 557) 196
(1675, 559) 197
(1675, 561) 198
(1674, 563) 199
(1672, 565) 200
(1669, 567) 201
(1666, 569) 202
(1666, 572) 203
(1666, 574) 204
(1666, 577) 205
(1666, 579) 206
(1666, 581) 207
(1666, 584) 208
(1666, 586) 209
(1665, 589) 210
(1665, 591) 211
(1665, 593) 212
(1670, 596) 213
(1675, 598) 214
(1677, 601) 215
(1679, 604) 216
(1684, 607) 217
(1689, 610) 218
(1693, 614) 219
(1696, 617) 220
(1695, 620) 221
(1695, 623) 222
(1694, 626) 223
(1693, 629) 224
(1693, 632) 225
(1692, 634) 226
(1691, 638) 227
(1692, 641) 228
(1696, 644) 229
(1701, 647) 230
(1701, 649) 231
(1706, 652) 232
(1710, 655) 233
(1716, 656) 234
(1716, 659) 235
(1188, 246) 170
(1188, 246) 171
(1182, 246) 172
(1179, 245) 173
(1177, 245) 174
(1177, 245) 175
(1180, 245) 176
(1177, 244) 177
(1169, 244) 178
(1163, 244) 179
(1158, 243) 180
(1158, 243) 181
(1158, 242) 182
(1157, 242) 183
(1156, 241) 184
(1155, 241) 185
(1154, 241) 186
(1153, 240) 187
(1152, 240) 188
(1151, 240) 189
(1150, 240) 190
(1150, 239) 191
(1149, 239) 192
(1143, 240) 193
(1134, 241) 194
(1124, 243) 195
(1115, 244) 196
(1107, 245) 197
(1100, 247) 198
(1089, 248) 199
(1082, 249) 200
(1075, 250) 201
(1076, 252) 202
(1077, 254) 203
(1078, 256) 204
(1079, 257) 205
(1079, 259) 206
(1078, 261) 207
(1076, 263) 208
(1076, 265) 209
(1077, 266) 210
(1079, 268) 211
(1080, 269) 212
(1082, 270) 213
(1084, 271) 214
(1084, 271) 215
(1084, 271) 216
(1086, 271) 217
(1087, 271) 218
(1087, 272) 219
(1087, 272) 220
(1087, 273) 221
(1088, 274) 222
(1090, 275) 223
(1091, 277) 224
(1092, 278) 225
(1094, 279) 226
(1095, 280) 227
(1096, 281) 228
(1095, 283) 229
(1093, 285) 230
(1092, 287) 231
(1091, 289) 232
(1091, 291) 233
(1092, 294) 234
(1093, 296) 235
(962, 220) 170
(962, 220) 171
(962, 220) 172
(962, 220) 173
(962, 220) 174
(962, 220) 175
(962, 220) 176
(959, 221) 177
(957, 221) 178
(955, 222) 179
(953, 222) 180
(952, 223) 181
(950, 224) 182
(949, 224) 183
(948, 225) 184
(947, 225) 185
(946, 226) 186
(945, 226) 187
(944, 227) 188
(943, 229) 189
(943, 231) 190
(947, 233) 191
(950, 235) 192
(953, 237) 193
(956, 238) 194
(959, 240) 195
(958, 242) 196
(955, 244) 197
(946, 245) 198
(937, 247) 199
(930, 248) 200
(923, 249) 201
(917, 250) 202
(911, 252) 203
(906, 253) 204
(901, 255) 205
(896, 256) 206
(892, 257) 207
(888, 259) 208
(890, 260) 209
(892, 262) 210
(894, 265) 211
(896, 267) 212
(897, 269) 213
(899, 271) 214
(900, 273) 215
(901, 275) 216
(903, 277) 217
(904, 279) 218
(904, 281) 219
(905, 283) 220
(906, 285) 221
(907, 286) 222
(907, 288) 223
(908, 290) 224
(908, 292) 225
(906, 292) 226
(903, 292) 227
(899, 292) 228
(895, 292) 229
(890, 293) 230
(879, 293) 231
(868, 293) 232
(857, 293) 233
(846, 294) 234
(836, 294) 235
(826, 294) 236
(817, 295) 237
(809, 295) 238
(799, 296) 239
(791, 296) 240
(783, 297) 241
(776, 297) 242
(770, 298) 243
(765, 298) 244
(760, 298) 245
(755, 299) 246
(751, 299) 247
(745, 300) 248
(739, 301) 249
(734, 301) 250
(729, 301) 251
(724, 301) 252
(720, 300) 253
(717, 299) 254
(714, 298) 255
(712, 297) 256
(710, 296) 257
(709, 294) 258
(709, 293) 259
(715, 292) 260
(721, 291) 261
(727, 290) 262
(732, 289) 263
(734, 290) 264
(737, 292) 265
(740, 295) 266
(942, 467) 170
(942, 467) 171
(942, 467) 172
(942, 467) 173
(942, 467) 174
(942, 467) 175
(943, 467) 176
(943, 468) 177
(946, 469) 178
(949, 471) 179
(953, 472) 180
(956, 473) 181
(959, 474) 182
(961, 475) 183
(963, 476) 184
(965, 476) 185
(967, 477) 186
(972, 478) 187
(975, 479) 188
(982, 481) 189
(985, 484) 190
(984, 486) 191
(983, 488) 192
(981, 489) 193
(982, 490) 194
(982, 492) 195
(985, 493) 196
(985, 494) 197
(985, 496) 198
(985, 497) 199
(987, 498) 200
(988, 500) 201
(990, 502) 202
(993, 502) 203
(994, 504) 204
(994, 506) 205
(995, 508) 206
(1000, 510) 207
(1006, 511) 208
(1010, 513) 209
(1014, 514) 210
(1010, 515) 211
(1010, 517) 212
(1011, 518) 213
(1012, 519) 214
(1013, 520) 215
(1013, 520) 216
(1020, 522) 217
(1028, 524) 218
(1036, 526) 219
(1044, 528) 220
(1053, 529) 221
(1061, 529) 222
(1067, 531) 223
(1072, 532) 224
(1076, 533) 225
(1080, 533) 226
(1084, 534) 227
(1088, 535) 228
(1090, 536) 229
(1092, 537) 230
(1091, 539) 231
(1090, 540) 232
(1086, 542) 233
(1083, 545) 234
(1080, 547) 235
(1078, 550) 236
(1076, 552) 237
(1074, 554) 238
(1074, 557) 239
(1077, 558) 240
(1078, 559) 241
(1082, 561) 242
(1084, 563) 243
(1088, 565) 244
(1090, 566) 245
(1092, 567) 246
(1094, 569) 247
(1096, 571) 248
(1097, 574) 249
(1097, 576) 250
(1098, 579) 251
(1098, 581) 252
(1100, 583) 253
(1102, 585) 254
(1103, 587) 255
(1103, 590) 256
(1103, 592) 257
(1105, 594) 258
(1105, 596) 259
(1103, 599) 260
(1100, 601) 261
(1102, 603) 262
(1102, 605) 263
(1099, 607) 264
(1090, 610) 265
(1081, 612) 266
(1074, 614) 267
(1067, 617) 268
(1061, 619) 269
(1056, 621) 270
(1051, 623) 271
(1047, 625) 272
(1043, 627) 273
(1039, 630) 274
(1036, 631) 275
(1033, 633) 276
(1036, 635) 277
(1038, 636) 278
(1040, 637) 279
(1044, 638) 280
(1044, 639) 281
(1043, 640) 282
(1043, 641) 283
(1043, 642) 284
(1044, 643) 285
(1045, 644) 286
(1174, 477) 171
(1174, 477) 172
(1174, 477) 173
(1173, 477) 174
(1172, 477) 175
(1172, 477) 176
(1172, 477) 177
(1172, 477) 178
(1173, 477) 179
(1174, 476) 180
(1175, 476) 181
(1177, 476) 182
(1177, 476) 183
(1178, 476) 184
(1179, 476) 185
(1185, 476) 186
(1190, 476) 187
(1195, 476) 188
(1199, 476) 189
(1203, 476) 190
(1210, 474) 191
(1217, 473) 192
(1221, 472) 193
(1224, 472) 194
(1223, 471) 195
(1223, 471) 196
(1225, 470) 197
(1226, 470) 198
(1228, 470) 199
(1229, 471) 200
(1230, 471) 201
(1231, 472) 202
(1232, 472) 203
(1232, 473) 204
(1232, 474) 205
(1232, 474) 206
(1232, 475) 207
(1232, 476) 208
(1233, 477) 209
(1227, 479) 210
(1222, 480) 211
(1218, 481) 212
(1214, 482) 213
(1210, 484) 214
(1200, 486) 215
(1191, 488) 216
(1182, 490) 217
(1175, 492) 218
(1168, 494) 219
(1162, 496) 220
(1157, 498) 221
(1152, 500) 222
(1147, 502) 223
(1144, 503) 224
(1140, 505) 225
(1137, 507) 226
(1134, 510) 227
(1129, 514) 228
(1126, 517) 229
(1120, 521) 230
(1115, 524) 231
(1105, 527) 232
(1682, 514) 233
(1685, 514) 234
(1688, 514) 235
(1691, 514) 236
(1694, 515) 237
(1693, 516) 238
(1693, 516) 239
(1693, 517) 240
(1692, 517) 241
(1692, 518) 242
(1693, 518) 243
(1692, 519) 244
(1690, 520) 245
(1686, 521) 246
(1676, 523) 247
(1666, 525) 248
(1659, 527) 249
(1652, 529) 250
(1650, 532) 251
(1648, 536) 252
(1647, 539) 253
(1646, 543) 254
(1645, 546) 255
(1645, 550) 256
(1649, 553) 257
(1652, 556) 258
(1654, 559) 259
(1657, 562) 260
(1659, 565) 261
(1661, 568) 262
(1662, 571) 263
(1664, 574) 264
(1665, 576) 265
(1667, 579) 266
(1668, 582) 267
(1669, 584) 268
(1670, 587) 269
(1671, 589) 270
(1671, 592) 271
(1672, 594) 272
(1673, 596) 273
(1673, 599) 274
(1674, 601) 275
(1674, 603) 276
(1676, 607) 277
(1678, 610) 278
(1680, 614) 279
(1681, 617) 280
(1682, 620) 281
(1683, 624) 282
(1684, 627) 283
(1684, 630) 284
(1685, 633) 285
(1685, 636) 286
(1686, 639) 287
(1686, 642) 288
(1687, 645) 289
(1687, 648) 290
(1681, 650) 291
(1677, 652) 292
(1674, 655) 293
(1670, 657) 294
(1052, 434) 294
(1052, 433) 295
(1052, 433) 296
(1058, 433) 297
(1068, 434) 298
(1077, 435) 299
(1085, 435) 300
(1092, 436) 301
(1098, 437) 302
(1107, 438) 303
(1116, 439) 304
(1124, 440) 305
(1132, 442) 306
(1140, 443) 307
(1149, 444) 308
(1158, 444) 309
(1167, 445) 310
(1175, 445) 311
(1182, 445) 312
(1188, 445) 313
(1193, 446) 314
(1199, 446) 315
(1203, 446) 316
(1207, 447) 317
(1208, 448) 318
(1209, 449) 319
(1210, 450) 320
(1212, 451) 321
(1213, 452) 322
(1215, 453) 323
(1217, 453) 324
(1224, 453) 325
(1231, 452) 326
(1237, 452) 327
(1242, 451) 328
(1243, 451) 329
(1244, 450) 330
(1245, 450) 331
(1246, 449) 332
(1247, 448) 333
(1248, 448) 334
(1249, 447) 335
(1250, 447) 336
(1251, 446) 337
(1251, 445) 338
(1252, 445) 339
(1253, 445) 340
(1254, 446) 341
(1253, 445) 342
(1252, 444) 343
(1248, 443) 344
(1245, 442) 345
(1242, 440) 346
(1240, 439) 347
(1237, 438) 348
(1235, 437) 349
(1233, 436) 350
(1233, 435) 351
(1235, 434) 352
(1239, 433) 353
(1243, 432) 354
(1388, 405) 305
(1388, 405) 306
(1388, 405) 307
(1389, 406) 308
(1389, 406) 309
(1389, 406) 310
(1387, 406) 311
(1387, 406) 312
(1386, 406) 313
(1386, 406) 314
(1386, 406) 315
(1382, 405) 316
(1378, 404) 317
(1375, 403) 318
(1372, 402) 319
(1370, 401) 320
(1367, 400) 321
(1365, 399) 322
(1362, 399) 323
(1360, 398) 324
(1358, 398) 325
(1356, 397) 326
(1354, 397) 327
(1353, 397) 328
(1351, 396) 329
(1350, 396) 330
(1349, 396) 331
(1348, 395) 332
(1347, 395) 333
(1346, 394) 334
(1346, 394) 335
(1345, 394) 336
(1344, 393) 337
(1344, 393) 338
(1344, 393) 339
(1343, 393) 340
(1343, 393) 341
(1343, 393) 342
(1344, 393) 343
(1346, 394) 344
(1347, 394) 345
(1349, 394) 346
(1350, 394) 347
(1351, 394) 348
(1352, 394) 349
(1353, 394) 350
(1354, 395) 351
(1354, 395) 352
(1355, 395) 353
(1356, 395) 354
(1358, 394) 355
(1361, 394) 356
(1364, 393) 357
(1367, 392) 358
(1370, 392) 359
(1372, 391) 360
(1375, 391) 361
(1379, 390) 362
(1380, 390) 363
(1381, 390) 364
(1384, 390) 365
(1907, 597) 309
(1908, 597) 310
(1912, 596) 311
(1917, 595) 312
(1923, 594) 313
(1926, 593) 314
(1927, 592) 315
(15, 591) 316
(20, 590) 317
(25, 589) 318
(38, 588) 319
(56, 587) 320
(74, 586) 321
(90, 586) 322
(106, 585) 323
(119, 585) 324
(131, 585) 325
(142, 584) 326
(152, 584) 327
(161, 583) 328
(169, 583) 329
(176, 582) 330
(182, 582) 331
(188, 582) 332
(200, 582) 333
(211, 582) 334
(221, 581) 335
(235, 581) 336
(247, 582) 337
(255, 582) 338
(262, 582) 339
(267, 582) 340
(271, 582) 341
(275, 582) 342
(278, 582) 343
(281, 582) 344
(284, 582) 345
(287, 582) 346
(287, 582) 347
(287, 582) 348
(287, 583) 349
(286, 583) 350
(286, 583) 351
(287, 584) 352
(289, 584) 353
(291, 585) 354
(293, 585) 355
(295, 586) 356
(296, 587) 357
(297, 587) 358
(298, 588) 359
(300, 589) 360
(301, 590) 361
(301, 591) 362
(301, 592) 363
(295, 593) 364
(296, 594) 364
(295, 594) 365
(294, 595) 366
(292, 596) 367
(292, 596) 368
(293, 595) 369
(293, 595) 370
(293, 595) 371
(293, 594) 372
(293, 594) 373
(293, 593) 374
(294, 593) 375
(293, 592) 376
(292, 592) 377
(291, 592) 378
(289, 591) 379
(287, 591) 380
(283, 591) 381
(281, 591) 382
(281, 591) 383
(282, 591) 384
(283, 591) 385
(285, 591) 386
(284, 591) 387
(284, 591) 388
(284, 591) 389
(282, 591) 390
(283, 592) 391
(284, 592) 392
(285, 592) 393
(287, 593) 394
(292, 593) 395
(294, 593) 396
(297, 593) 397
(299, 594) 398
(301, 594) 399
(303, 594) 400
(306, 594) 401
(308, 594) 402
(310, 594) 403
(311, 594) 404
(313, 594) 405
(314, 594) 406
(315, 593) 407
(315, 593) 408
(315, 593) 409
(314, 592) 410
(313, 592) 411
(312, 592) 412
(310, 591) 413
(308, 591) 414
(307, 591) 415
(298, 590) 416
(290, 589) 417
(282, 588) 418
(276, 587) 419
(270, 587) 420
(264, 586) 421
(259, 586) 422
(255, 586) 423
(251, 586) 424
(248, 586) 425
(246, 586) 426
(244, 586) 427
(243, 586) 428
(236, 586) 429
(231, 586) 430
(226, 586) 431
(222, 586) 432
(218, 586) 433
(216, 586) 434
(214, 587) 435
(209, 587) 436
(205, 587) 437
(201, 587) 438
(196, 587) 439
(1433, 759) 325
(1433, 759) 326
(1433, 759) 327
(1433, 759) 328
(1433, 759) 329
(1433, 759) 330
(1433, 759) 331
(1433, 759) 332
(1433, 759) 333
(1433, 759) 334
(1433, 759) 335
(1433, 759) 336
(1433, 759) 337
(1433, 759) 338
(1433, 759) 339
(1433, 759) 340
(1433, 759) 341
(1433, 759) 342
(1433, 759) 343
(1433, 759) 344
(1427, 758) 345
(1421, 757) 346
(1416, 756) 347
(1412, 755) 348
(1408, 755) 349
(1404, 754) 350
(1401, 753) 351
(1398, 752) 352
(1398, 751) 353
(1400, 750) 354
(1404, 750) 355
(1408, 749) 356
(1412, 748) 357
(1415, 747) 358
(1417, 746) 359
(1420, 745) 360
(1422, 745) 361
(1424, 744) 362
(1426, 743) 363
(1427, 742) 364
(1429, 741) 365
(1430, 741) 366
(1431, 740) 367
(1432, 739) 368
(1434, 737) 369
(1436, 736) 370
(1437, 734) 371
(1438, 732) 372
(1439, 730) 373
(1440, 729) 374
(1441, 727) 375
(1442, 725) 376
(1443, 724) 377
(1444, 722) 378
(1444, 721) 379
(1445, 719) 380
(1445, 718) 381
(1446, 716) 382
(1446, 715) 383
(1446, 713) 384
(1447, 712) 385
(1447, 711) 386
(1447, 709) 387
(1447, 708) 388
(1449, 707) 389
(1450, 707) 390
(1451, 706) 391
(1451, 704) 392
(1662, 820) 333
(1663, 819) 334
(1664, 819) 335
(1665, 819) 336
(1666, 819) 337
(1667, 819) 338
(1668, 819) 339
(1669, 819) 340
(1669, 819) 341
(1670, 819) 342
(1677, 818) 343
(1684, 817) 344
(1690, 817) 345
(1695, 816) 346
(1700, 815) 347
(1705, 814) 348
(1709, 813) 349
(1708, 811) 350
(1709, 809) 351
(1709, 806) 352
(1710, 804) 353
(1711, 801) 354
(1712, 798) 355
(1712, 795) 356
(1712, 793) 357
(1710, 790) 358
(1707, 788) 359
(1703, 785) 360
(1697, 783) 361
(1694, 781) 362
(1690, 778) 363
(1687, 774) 364
(1687, 772) 365
(1690, 770) 366
(1693, 767) 367
(1697, 764) 368
(1701, 761) 369
(1704, 758) 370
(1707, 756) 371
(1710, 753) 372
(1713, 750) 373
(1715, 747) 374
(1714, 745) 375
(1712, 742) 376
(1711, 740) 377
(1709, 738) 378
(1707, 736) 379
(1706, 735) 380
(1706, 733) 381
(1706, 732) 382
(1706, 731) 383
(1705, 729) 384
(1703, 727) 385
(1702, 725) 386
(1699, 722) 387
(1698, 720) 388
(1698, 719) 389
(1699, 717) 390
(1699, 716) 391
(1700, 715) 392
(1700, 714) 393
(1701, 713) 394
(1701, 712) 395
(1701, 711) 396
(1702, 710) 397
(1702, 709) 398
(1702, 708) 399
(1702, 707) 400
(1702, 707) 401
(1703, 706) 402
(1703, 705) 403
(1703, 704) 404
(1703, 703) 405
(1703, 702) 406
(1703, 702) 407
(1703, 701) 408
(1708, 699) 409
(1712, 697) 410
(1716, 695) 411
(1719, 693) 412
(1722, 691) 413
(1725, 689) 414
(1728, 688) 415
(1730, 686) 416
(1732, 684) 417
(1734, 682) 418
(1735, 681) 419
(1737, 679) 420
(1738, 678) 421
(1738, 676) 422
(1733, 674) 423
(1729, 673) 424
(1725, 671) 425
(1723, 669) 426
(1722, 667) 427
(1722, 666) 428
(1721, 664) 429
(1720, 663) 430
(1720, 661) 431
(1719, 660) 432
(1719, 659) 433
(1719, 657) 434
(1721, 657) 435
(1723, 657) 436
(1724, 657) 437
(1724, 657) 438
(1727, 657) 439
(1728, 657) 440
(1728, 657) 441
(1730, 657) 442
(1730, 657) 443
(1731, 657) 444
(1732, 657) 445
(1734, 657) 446
(1736, 657) 447
(1738, 657) 448
(1741, 657) 449
(1742, 658) 450
(1744, 658) 451
(1745, 658) 452
(1746, 658) 453
(1746, 658) 454
(1747, 659) 455
(1748, 659) 456
(1748, 657) 457
(1748, 656) 458
(1748, 655) 459
(1748, 653) 460
(1748, 652) 461
(1749, 651) 462
(1747, 651) 463
(1745, 650) 464
(1744, 650) 465
(1742, 650) 466
(1742, 650) 467
(1740, 650) 468
(1739, 651) 469
(1738, 652) 470
(1737, 652) 471
(1737, 653) 472
(1736, 654) 473
(1735, 655) 474
(1735, 655) 475
(1734, 656) 476
(1734, 657) 477
(1733, 657) 478
(1733, 658) 479
(1733, 659) 480
(1732, 659) 481
(1732, 660) 482
(1732, 661) 483
(1728, 660) 484
(1731, 659) 485
(1737, 658) 486
(1741, 657) 487
(1746, 655) 488
(1750, 654) 489
(1753, 653) 490
(1763, 651) 491
(1774, 650) 492
(1789, 648) 493
(1805, 645) 494
(1817, 643) 495
(1827, 641) 496
(1839, 639) 497
(1850, 637) 498
(1859, 635) 499
(1868, 633) 500
(1876, 632) 501
(1883, 630) 502
(1889, 628) 503
(1895, 627) 504
(1900, 625) 505
(1904, 623) 506
(1908, 622) 507
(1912, 620) 508
(1915, 619) 509
(1918, 617) 510
(1921, 616) 511
(1924, 614) 512
(1926, 613) 513
(1928, 611) 514
(1928, 610) 515
(14, 610) 516
(18, 609) 517
(23, 608) 518
(27, 607) 519
(31, 606) 520
(35, 605) 521
(39, 604) 522
(43, 603) 523
(53, 602) 524
(62, 601) 525
(70, 600) 526
(77, 599) 527
(84, 598) 528
(90, 597) 529
(96, 596) 530
(101, 595) 531
(106, 594) 532
(110, 593) 533
(114, 592) 534
(117, 591) 535
(120, 591) 536
(119, 591) 537
(1026, 259) 359
(1027, 259) 360
(1028, 259) 361
(1029, 259) 362
(1031, 259) 363
(1033, 259) 364
(1038, 260) 365
(1042, 261) 366
(1046, 262) 367
(1050, 263) 368
(1054, 264) 369
(1058, 264) 370
(1062, 265) 371
(1065, 267) 372
(1070, 269) 373
(1073, 272) 374
(1076, 275) 375
(1078, 277) 376
(1081, 279) 377
(1083, 282) 378
(1085, 284) 379
(1086, 287) 380
(1088, 289) 381
(1089, 291) 382
(1091, 293) 383
(1092, 295) 384
(1093, 297) 385
(1094, 300) 386
(1095, 302) 387
(1095, 303) 388
(1096, 305) 389
(1097, 307) 390
(1097, 309) 391
(1098, 311) 392
(1103, 314) 393
(1108, 317) 394
(1113, 320) 395
(1118, 323) 396
(1124, 326) 397
(1130, 330) 398
(1135, 333) 399
(1139, 336) 400
(1143, 339) 401
(1147, 342) 402
(1150, 344) 403
(1153, 347) 404
(1156, 350) 405
(1165, 352) 406
(1173, 355) 407
(1179, 357) 408
(1185, 359) 409
(1190, 361) 410
(1194, 363) 411
(1198, 365) 412
(1201, 367) 413
(1199, 369) 414
(1195, 371) 415
(1191, 373) 416
(1187, 374) 417
(1182, 376) 418
(1178, 378) 419
(1175, 379) 420
(1171, 381) 421
(1168, 382) 422
(1165, 384) 423
(1162, 385) 424
(1159, 387) 425
(1157, 388) 426
(1157, 390) 427
(1159, 391) 428
(1157, 392) 429
(1155, 393) 430
(1153, 395) 431
(1152, 396) 432
(1151, 397) 433
(1150, 398) 434
(1150, 400) 435
(1150, 401) 436
(1150, 402) 437
(1151, 403) 438
(910, 292) 398
(909, 291) 399
(900, 291) 400
(900, 291) 401
(899, 290) 402
(898, 290) 403
(897, 289) 404
(896, 289) 405
(896, 289) 406
(895, 288) 407
(894, 288) 408
(894, 287) 409
(893, 287) 410
(893, 287) 411
(893, 286) 412
(892, 286) 413
(892, 285) 414
(892, 285) 415
(891, 285) 416
(891, 284) 417
(891, 283) 418
(892, 282) 419
(893, 282) 420
(895, 281) 421
(894, 280) 422
(892, 280) 423
(888, 280) 424
(878, 281) 425
(876, 281) 426
(873, 281) 427
(871, 280) 428
(870, 280) 429
(868, 280) 430
(865, 281) 431
(867, 281) 432
(868, 282) 433
(870, 282) 434
(871, 283) 435
(872, 284) 436
(872, 285) 437
(866, 288) 438
(860, 290) 439
(855, 292) 440
(850, 295) 441
(846, 297) 442
(841, 299) 443
(839, 301) 444
(835, 304) 445
(835, 306) 446
(838, 308) 447
(841, 310) 448
(845, 312) 449
(847, 313) 450
(850, 315) 451
(853, 317) 452
(855, 319) 453
(857, 320) 454
(858, 322) 455
(860, 324) 456
(861, 325) 457
(863, 327) 458
(864, 329) 459
(865, 330) 460
(866, 332) 461
(867, 333) 462
(867, 335) 463
(868, 336) 464
(870, 338) 465
(871, 339) 466
(873, 340) 467
(874, 341) 468
(875, 341) 469
(877, 340) 470
(879, 339) 471
(880, 339) 472
(881, 338) 473
(883, 337) 474
(884, 336) 475
(886, 336) 476
(885, 336) 477
(884, 337) 478
(884, 337) 479
(881, 338) 480
(875, 339) 481
(868, 339) 482
(864, 339) 483
(1452, 720) 408
(1452, 719) 409
(1454, 718) 410
(1457, 717) 411
(1459, 716) 412
(1462, 715) 413
(1464, 714) 414
(1468, 713) 415
(1469, 712) 416
(1470, 711) 417
(1473, 710) 418
(1475, 709) 419
(1475, 709) 420
(1475, 708) 421
(1476, 707) 422
(1477, 706) 423
(1478, 705) 424
(1478, 704) 425
(1479, 703) 426
(1480, 702) 427
(1481, 701) 428
(1481, 700) 429
(1482, 700) 430
(1481, 698) 431
(1482, 697) 432
(1483, 695) 433
(1484, 694) 434
(1485, 692) 435
(1485, 691) 436
(1488, 690) 437
(1490, 689) 438
(1493, 688) 439
(1495, 688) 440
(1496, 687) 441
(1498, 686) 442
(1499, 685) 443
(1501, 685) 444
(1502, 684) 445
(1503, 683) 446
(1504, 682) 447
(1504, 682) 448
(1505, 681) 449
(1506, 680) 450
(1507, 680) 451
(1507, 679) 452
(1508, 678) 453
(1515, 679) 454
(1516, 678) 455
(1517, 677) 456
(1517, 676) 457
(1518, 676) 458
(1519, 675) 459
(1519, 674) 460
(1520, 674) 461
(1520, 673) 462
(1521, 672) 463
(1521, 672) 464
(1527, 672) 465
(1532, 673) 466
(1537, 673) 467
(1541, 674) 468
(1545, 674) 469
(1548, 675) 470
(1552, 676) 471
(1552, 676) 472
(1557, 678) 473
(1562, 679) 474
(1564, 680) 475
(1565, 681) 476
(1567, 682) 477
(1570, 683) 478
(1570, 683) 479
(1571, 683) 480
(1572, 684) 481
(1576, 686) 482
(1578, 687) 483
(1576, 689) 484
(1576, 691) 485
(1571, 691) 486
(1568, 692) 487
(1569, 693) 488
(1569, 693) 489
(1567, 694) 490
(1564, 694) 491
(1564, 695) 492
(1563, 696) 493
(1563, 697) 494
(1565, 698) 495
(1568, 699) 496
(1572, 699) 497
(1574, 700) 498
(1352, 656) 421
(1352, 656) 422
(1354, 657) 423
(1354, 657) 424
(1354, 656) 425
(1358, 656) 426
(1362, 656) 427
(1366, 656) 428
(1369, 655) 429
(1371, 656) 430
(1373, 656) 431
(1375, 657) 432
(1375, 657) 433
(1373, 657) 434
(1369, 657) 435
(1367, 657) 436
(1365, 657) 437
(1365, 656) 438
(1364, 655) 439
(1363, 654) 440
(1363, 653) 441
(1363, 651) 442
(1363, 650) 443
(1363, 649) 444
(1364, 648) 445
(1368, 648) 446
(1371, 647) 447
(1372, 646) 448
(1377, 646) 449
(1378, 645) 450
(1379, 644) 451
(1381, 644) 452
(1382, 643) 453
(1383, 642) 454
(1384, 642) 455
(1385, 641) 456
(1384, 640) 457
(1384, 639) 458
(1385, 638) 459
(1387, 635) 460
(1389, 633) 461
(1391, 630) 462
(1389, 629) 463
(1388, 627) 464
(1383, 625) 465
(1379, 622) 466
(1375, 619) 467
(1372, 617) 468
(1370, 614) 469
(1368, 612) 470
(1368, 609) 471
(1369, 607) 472
(1372, 605) 473
(1375, 603) 474
(1379, 600) 475
(1389, 598) 476
(1398, 596) 477
(1405, 594) 478
(1412, 593) 479
(1419, 591) 480
(1424, 589) 481
(1425, 588) 482
(1426, 587) 483
(1426, 586) 484
(1426, 585) 485
(1148, 770) 451
(1148, 770) 452
(1148, 770) 453
(1148, 770) 454
(1140, 770) 455
(1133, 770) 456
(1127, 770) 457
(1122, 771) 458
(1117, 771) 459
(1112, 771) 460
(1102, 771) 461
(1093, 771) 462
(1084, 772) 463
(1077, 772) 464
(1071, 772) 465
(1066, 772) 466
(1061, 773) 467
(1057, 773) 468
(1053, 773) 469
(1049, 773) 470
(1046, 774) 471
(1043, 774) 472
(1042, 774) 473
(1040, 774) 474
(1039, 774) 475
(1038, 774) 476
(1038, 775) 477
(1037, 775) 478
(1036, 775) 479
(1036, 775) 480
(1035, 775) 481
(1035, 775) 482
(1034, 775) 483
(1034, 775) 484
(1034, 775) 485
(1029, 776) 486
(1025, 777) 487
(1022, 778) 488
(1019, 778) 489
(1016, 779) 490
(1013, 780) 491
(1011, 780) 492
(1009, 781) 493
(1007, 781) 494
(1006, 782) 495
(1004, 783) 496
(1003, 783) 497
(1002, 784) 498
(1001, 784) 499
(1000, 785) 500
(999, 785) 501
(991, 785) 502
(981, 784) 503
(972, 782) 504
(963, 781) 505
(956, 780) 506
(954, 779) 507
(954, 777) 508
(954, 776) 509
(953, 774) 510
(952, 772) 511
(952, 770) 512
(952, 769) 513
(952, 767) 514
(952, 766) 515
(953, 764) 516
(953, 763) 517
(954, 762) 518
(954, 760) 519
(951, 760) 519
(952, 759) 520
(952, 758) 521
(949, 758) 521
(947, 760) 522
(945, 759) 523
(942, 761) 523
(938, 762) 524
(934, 763) 525
(931, 765) 526
(928, 766) 527
(926, 766) 528
(923, 766) 529
(921, 766) 530
(919, 766) 531
(917, 766) 532
(916, 766) 533
(914, 766) 534
(913, 766) 535
(912, 766) 536
(911, 766) 537
(910, 766) 538
(909, 766) 539
(908, 766) 540
(908, 766) 541
(907, 766) 542
(906, 766) 543
(906, 766) 544
(906, 766) 545
(905, 766) 546
(905, 765) 547
(904, 764) 548
(903, 762) 549
(903, 761) 550
(899, 761) 551
(896, 760) 552
(888, 760) 553
(880, 759) 554
(873, 758) 555
(866, 757) 556
(864, 757) 557
(861, 757) 558
(858, 757) 559
(856, 757) 560
(854, 756) 561
(852, 756) 562
(851, 756) 563
(849, 756) 564
(848, 756) 565
(847, 756) 566
(846, 755) 567
(845, 755) 568
(844, 755) 569
(843, 755) 570
(843, 755) 571
(843, 755) 572
(846, 754) 573
(850, 754) 574
(853, 753) 575
(856, 753) 576
(859, 753) 577
(862, 752) 578
(864, 752) 579
(867, 752) 580
(869, 751) 581
(870, 751) 582
(872, 751) 583
(873, 751) 584
(874, 751) 585
(874, 750) 586
(875, 750) 587
(875, 750) 588
(875, 750) 589
(876, 750) 590
(876, 750) 591
(876, 750) 592
(876, 750) 593
(876, 750) 594
(876, 749) 595
(876, 749) 596
(877, 749) 597
(877, 749) 598
(877, 749) 599
(875, 749) 600
(873, 748) 601
(871, 748) 602
(869, 747) 603
(868, 747) 604
(866, 746) 605
(865, 746) 606
(864, 745) 607
(863, 745) 608
(862, 744) 609
(862, 744) 610
(864, 743) 611
(867, 741) 612
(869, 740) 613
(872, 739) 614
(874, 738) 615
(877, 736) 616
(879, 735) 617
(880, 734) 618
(882, 733) 619
(882, 732) 620
(880, 730) 621
(878, 727) 622
(877, 725) 623
(876, 723) 624
(874, 720) 625
(1353, 426) 461
(1353, 426) 462
(1353, 426) 463
(1351, 425) 464
(1352, 423) 465
(1355, 421) 466
(1359, 419) 467
(1361, 418) 468
(1362, 415) 469
(1364, 413) 470
(1365, 411) 471
(1366, 409) 472
(1368, 407) 473
(1374, 405) 474
(1379, 403) 475
(1383, 402) 476
(1387, 400) 477
(1390, 398) 478
(1394, 397) 479
(1396, 395) 480
(1399, 394) 481
(1401, 392) 482
(1403, 391) 483
(1405, 389) 484
(1407, 388) 485
(1408, 386) 486
(1407, 384) 487
(1408, 382) 488
(1409, 380) 489
(1410, 378) 490
(1414, 376) 491
(1417, 374) 492
(1415, 372) 493
(1415, 371) 494
(1415, 370) 495
(1413, 370) 496
(1411, 369) 497
(1410, 368) 498
(1408, 368) 499
(1407, 367) 500
(1406, 366) 501
(1405, 366) 502
(1404, 365) 503
(1403, 364) 504
(1401, 364) 505
(1395, 364) 506
(1388, 364) 507
(1381, 365) 508
(1375, 366) 509
(1369, 366) 510
(1364, 367) 511
(1359, 368) 512
(1355, 368) 513
(1351, 369) 514
(1345, 371) 515
(1340, 374) 516
(1334, 376) 517
(1329, 378) 518
(1323, 380) 519
(1318, 383) 520
(1312, 385) 521
(1307, 387) 522
(1298, 390) 523
(1288, 393) 524
(1279, 395) 525
(1269, 398) 526
(1258, 400) 527
(1249, 402) 528
(1238, 405) 529
(1227, 408) 530
(1215, 410) 531
(1203, 413) 532
(1191, 417) 533
(1180, 420) 534
(1171, 422) 535
(184, 443) 499
(185, 443) 500
(187, 443) 501
(189, 443) 502
(190, 443) 503
(191, 443) 504
(193, 444) 505
(194, 444) 506
(201, 444) 507
(208, 445) 508
(214, 445) 509
(220, 446) 510
(225, 447) 511
(229, 447) 512
(233, 448) 513
(237, 448) 514
(240, 449) 515
(243, 449) 516
(246, 450) 517
(248, 450) 518
(251, 451) 519
(253, 451) 520
(254, 451) 521
(256, 452) 522
(257, 452) 523
(266, 453) 524
(274, 454) 525
(280, 455) 526
(285, 456) 527
(290, 457) 528
(295, 457) 529
(301, 455) 530
(305, 452) 531
(309, 449) 532
(312, 445) 533
(314, 441) 534
(317, 437) 535
(320, 433) 536
(323, 430) 537
(325, 426) 538
(327, 422) 539
(328, 418) 540
(328, 415) 541
(331, 412) 542
(334, 409) 543
(337, 406) 544
(339, 403) 545
(341, 400) 546
(341, 397) 547
(336, 394) 548
(327, 392) 549
(312, 388) 550
(296, 385) 551
(279, 383) 552
(259, 380) 553
(238, 377) 554
(214, 376) 555
(190, 374) 556
(165, 373) 557
(140, 372) 558
(115, 371) 559
(90, 371) 560
(1514, 758) 508
(1514, 758) 509
(1514, 758) 510
(1514, 758) 511
(1514, 758) 512
(1514, 758) 513
(1514, 758) 514
(1514, 758) 515
(1514, 758) 516
(1514, 758) 517
(1514, 758) 518
(1514, 758) 519
(1514, 758) 520
(1514, 758) 521
(1514, 758) 522
(1514, 758) 523
(1514, 758) 524
(1513, 756) 525
(1513, 755) 526
(1507, 753) 527
(1505, 752) 528
(1505, 751) 529
(1506, 750) 530
(1506, 749) 531
(1506, 749) 532
(1503, 748) 533
(1501, 747) 534
(1498, 747) 535
(1493, 746) 536
(1488, 745) 537
(1482, 744) 538
(1470, 742) 539
(1459, 741) 540
(1449, 739) 541
(1444, 738) 542
(1444, 737) 543
(1443, 736) 544
(1443, 735) 545
(1445, 734) 546
(1449, 733) 547
(1452, 732) 548
(1454, 731) 549
(1456, 730) 550
(1459, 729) 551
(1460, 728) 552
(1462, 728) 553
(1464, 727) 554
(1466, 726) 555
(1467, 725) 556
(1469, 724) 557
(1471, 723) 558
(1473, 724) 559
(1475, 724) 560
(1477, 725) 561
(1479, 725) 562
(1481, 725) 563
(1482, 726) 564
(1489, 727) 565
(1495, 728) 566
(1500, 729) 567
(1504, 730) 568
(1507, 731) 569
(1510, 731) 570
(1513, 732) 571
(1516, 733) 572
(1518, 734) 573
(1520, 735) 574
(1522, 736) 575
(1524, 736) 576
(1526, 737) 577
(1527, 738) 578
(1528, 739) 579
(1529, 739) 580
(1530, 740) 581
(1531, 741) 582
(1532, 741) 583
(1533, 742) 584
(1534, 743) 585
(1534, 743) 586
(1535, 744) 587
(1535, 745) 588
(1534, 746) 589
(1533, 747) 590
(1533, 749) 591
(1532, 750) 592
(1531, 751) 593
(1531, 753) 594
(1530, 754) 595
(1530, 755) 596
(1529, 756) 597
(1529, 758) 598
(1528, 759) 599
(1528, 760) 600
(1528, 761) 601
(1527, 762) 602
(1527, 763) 603
(1527, 764) 604
(1527, 765) 605
(1527, 766) 606
(1526, 767) 607
(1524, 767) 608
(1521, 766) 609
(1259, 326) 538
(1261, 326) 539
(1264, 326) 540
(1266, 326) 541
(1267, 326) 542
(1265, 327) 543
(1264, 327) 544
(1264, 327) 545
(1262, 327) 546
(1259, 327) 547
(1249, 328) 548
(1239, 328) 549
(1228, 328) 550
(1219, 329) 551
(1210, 329) 552
(1202, 329) 553
(1195, 330) 554
(1189, 330) 555
(1183, 330) 556
(1178, 331) 557
(1173, 331) 558
(1169, 331) 559
(1165, 331) 560
(1162, 332) 561
(1159, 332) 562
(1156, 332) 563
(1154, 333) 564
(1151, 333) 565
(1153, 334) 566
(1154, 334) 567
(1155, 335) 568
(1156, 336) 569
(1156, 336) 570
(1157, 337) 571
(1156, 337) 572
(1155, 336) 573
(1153, 335) 574
(1151, 334) 575
(1150, 332) 576
(1148, 331) 577
(1145, 331) 578
(1142, 331) 579
(1139, 331) 580
(1137, 331) 581
(1135, 331) 582
(1133, 331) 583
(1132, 331) 584
(1130, 331) 585
(1129, 331) 586
(1127, 331) 587
(1126, 330) 588
(1124, 328) 589
(1123, 327) 590
(1122, 326) 591
(1121, 324) 592
(1120, 323) 593
(1120, 322) 594
(1120, 321) 595
(1120, 318) 596
(1119, 316) 597
(1119, 313) 598
(1119, 311) 599
(1118, 309) 600
(1118, 307) 601
(1118, 305) 602
(1117, 303) 603
(1116, 301) 604
(1114, 299) 605
(1112, 297) 606
(1110, 294) 607
(1108, 292) 608
(1107, 290) 609
(1105, 288) 610
(1103, 285) 611
(1102, 283) 612
(1928, 636) 538
(1927, 636) 539
(1925, 637) 540
(1924, 637) 541
(1922, 637) 542
(1921, 637) 543
(1920, 636) 544
(1918, 636) 545
(1917, 635) 546
(1915, 634) 547
(1915, 633) 548
(1916, 632) 549
(1918, 630) 550
(1920, 629) 551
(1920, 627) 552
(1921, 625) 553
(1921, 624) 554
(1921, 622) 555
(1920, 620) 556
(1920, 618) 557
(1919, 616) 558
(1916, 614) 559
(1914, 612) 560
(1913, 610) 561
(1911, 608) 562
(1909, 606) 563
(1908, 604) 564
(1907, 603) 565
(1906, 601) 566
(1905, 599) 567
(1904, 598) 568
(1903, 596) 569
(1903, 594) 570
(1903, 594) 571
(1903, 594) 572
(1903, 595) 573
(1904, 595) 574
(1905, 595) 575
(1906, 595) 576
(1907, 595) 577
(1908, 596) 578
(1908, 596) 579
(1909, 596) 580
(1909, 597) 581
(1910, 597) 582
(1910, 597) 583
(1911, 598) 584
(1911, 598) 585
(1911, 598) 586
(1905, 598) 587
(1903, 597) 588
(1902, 596) 589
(1900, 594) 590
(1899, 593) 591
(1897, 592) 592
(1896, 591) 593
(1895, 591) 594
(1894, 590) 595
(1893, 589) 596
(1886, 587) 597
(1880, 586) 598
(1875, 584) 599
(1870, 583) 600
(1867, 581) 601
(1863, 579) 602
(1860, 578) 603
(1858, 576) 604
(1851, 574) 605
(1841, 572) 606
(1833, 570) 607
(1825, 567) 608
(1818, 565) 609
(1812, 563) 610
(1806, 561) 611
(1803, 559) 612
(1800, 557) 613
(1802, 553) 614
(1806, 549) 615
(1811, 546) 616
(1815, 542) 617
(1820, 538) 618
(1825, 534) 619
(1830, 530) 620
(1835, 526) 621
(1841, 523) 622
(1604, 728) 560
(1603, 728) 561
(1602, 729) 562
(1602, 729) 563
(1602, 728) 564
(1603, 727) 565
(1604, 726) 566
(1605, 726) 567
(1605, 725) 568
(1605, 724) 569
(1600, 724) 570
(1593, 724) 571
(1585, 724) 572
(1572, 725) 573
(1561, 726) 574
(1553, 727) 575
(1545, 728) 576
(1536, 728) 577
(1527, 728) 578
(1519, 728) 579
(1512, 729) 580
(1506, 729) 581
(1501, 729) 582
(1495, 730) 583
(1491, 730) 584
(1487, 730) 585
(1483, 730) 586
(1480, 731) 587
(1478, 729) 588
(1477, 728) 589
(1476, 727) 590
(1475, 725) 591
(1475, 724) 592
(1475, 722) 593
(1474, 721) 594
(1472, 719) 595
(1470, 718) 596
(1467, 716) 597
(1464, 715) 598
(1461, 713) 599
(1459, 712) 600
(1456, 710) 601
(1454, 708) 602
(1453, 707) 603
(1451, 705) 604
(1450, 704) 605
(1448, 702) 606
(1447, 701) 607
(1446, 699) 608
(1446, 698) 609
(1448, 698) 610
(1451, 697) 611
(1453, 697) 612
(1456, 696) 613
(1460, 695) 614
(1466, 695) 615
(1471, 694) 616
(1477, 694) 617
(1483, 694) 618
(1487, 694) 619
(1489, 693) 620
(1492, 692) 621
(1497, 692) 622
(1502, 690) 623
(1506, 689) 624
(1512, 687) 625
(1522, 685) 626
(1530, 684) 627
(1533, 682) 628
(1541, 680) 629
(1548, 679) 630
(1549, 678) 631
(1551, 677) 632
(1557, 675) 633
(1563, 673) 634
(1568, 672) 635
(1572, 670) 636
(1572, 669) 637
(1572, 670) 638
(1573, 670) 639
(1575, 670) 640
(1575, 669) 641
(1576, 669) 642
(1576, 669) 643
(1577, 669) 644
(1576, 667) 645
(1576, 667) 646
(1576, 667) 647
(1568, 666) 648
(1569, 666) 649
(1569, 666) 650
(1569, 665) 651
(1569, 664) 652
(1567, 664) 653
(1564, 663) 654
(1562, 663) 655
(1560, 663) 656
(1560, 662) 657
(1563, 661) 658
(1568, 660) 659
(1570, 659) 660
(1572, 659) 661
(1577, 657) 662
(1581, 656) 663
(1588, 655) 664
(1594, 654) 665
(1601, 653) 666
(1607, 652) 667
(1614, 651) 668
(1619, 650) 669
(1625, 649) 670
(1630, 649) 671
(1633, 648) 672
(1636, 648) 673
(1638, 647) 674
(1641, 647) 675
(1644, 646) 676
(1647, 646) 677
(1648, 646) 678
(1649, 645) 679
(1651, 644) 680
(1653, 643) 681
(1653, 643) 682
(1653, 643) 683
(1653, 643) 684
(1653, 642) 685
(1653, 642) 686
(1653, 642) 687
(1653, 641) 688
(1653, 641) 689
(1653, 640) 690
(1653, 640) 691
(1653, 640) 692
(1652, 639) 693
(1652, 639) 694
(1653, 639) 695
(1655, 639) 696
(1657, 638) 697
(1658, 638) 698
(1658, 638) 699
(1658, 638) 700
(1657, 637) 701
(1656, 637) 702
(1655, 637) 703
(1655, 637) 704
(1655, 637) 705
(1656, 637) 706
(1657, 637) 707
(1657, 637) 708
(1657, 637) 709
(1656, 638) 710
(1654, 638) 711
(1653, 638) 712
(1647, 639) 713
(1643, 639) 714
(1643, 640) 715
(1643, 640) 716
(1643, 639) 717
(1646, 639) 718
(1647, 639) 719
(1648, 640) 720
(1650, 641) 721
(1652, 641) 722
(1653, 642) 723
(1654, 643) 724
(1654, 643) 725
(1657, 643) 726
(1656, 643) 727
(1653, 644) 728
(1650, 645) 729
(1648, 646) 730
(1649, 647) 731
(1650, 648) 732
(1651, 649) 733
(1650, 649) 734
(1114, 561) 583
(1114, 561) 584
(1114, 561) 585
(1113, 562) 586
(1112, 562) 587
(1111, 563) 588
(1110, 563) 589
(1109, 564) 590
(1107, 565) 591
(1106, 565) 592
(1105, 566) 593
(1103, 567) 594
(1102, 568) 595
(1101, 568) 596
(1101, 569) 597
(1100, 570) 598
(1099, 570) 599
(1092, 571) 600
(1085, 571) 601
(1079, 571) 602
(1067, 573) 603
(1056, 574) 604
(1046, 575) 605
(1038, 576) 606
(1030, 577) 607
(1023, 578) 608
(1017, 579) 609
(1017, 580) 610
(1018, 580) 611
(1023, 581) 612
(1027, 582) 613
(1030, 583) 614
(1031, 584) 615
(1032, 585) 616
(1033, 586) 617
(1034, 587) 618
(1034, 589) 619
(1034, 591) 620
(1039, 593) 621
(1047, 595) 622
(1053, 597) 623
(1059, 598) 624
(1066, 597) 625
(1068, 597) 626
(1072, 597) 627
(1077, 596) 628
(1082, 596) 629
(1087, 596) 630
(1091, 595) 631
(1094, 594) 632
(1097, 594) 633
(1095, 592) 634
(1086, 590) 635
(1078, 588) 636
(1070, 586) 637
(1069, 584) 638
(1068, 583) 639
(1068, 581) 640
(1067, 579) 641
(1067, 577) 642
(1066, 575) 643
(1066, 574) 644
(1065, 572) 645
(1065, 570) 646
(1064, 569) 647
(1064, 567) 648
(1064, 566) 649
(1064, 564) 650
(1063, 563) 651
(1063, 561) 652
(1063, 560) 653
(1055, 559) 654
(1049, 558) 655
(1042, 557) 656
(1037, 556) 657
(1032, 555) 658
(1027, 555) 659
(1023, 554) 660
(1019, 553) 661
(1012, 554) 662
(1006, 554) 663
(992, 554) 664
(973, 553) 665
(956, 552) 666
(946, 552) 667
(931, 552) 668
(917, 551) 669
(905, 550) 670
(894, 550) 671
(884, 549) 672
(876, 548) 673
(868, 548) 674
(860, 547) 675
(854, 547) 676
(848, 546) 677
(850, 545) 678
(852, 545) 679
(852, 544) 680
(853, 543) 681
(854, 543) 682
(854, 542) 683
(855, 542) 684
(855, 541) 685
(855, 541) 686
(856, 540) 687
(856, 540) 688
(856, 539) 689
(857, 539) 690
(857, 538) 691
(857, 538) 692
(857, 537) 693
(857, 537) 694
(120, 514) 595
(121, 513) 596
(123, 513) 597
(126, 513) 598
(131, 512) 599
(142, 511) 600
(154, 510) 601
(163, 509) 602
(171, 508) 603
(179, 507) 604
(186, 506) 605
(190, 505) 606
(192, 504) 607
(192, 504) 608
(192, 503) 609
(188, 503) 610
(180, 503) 611
(172, 502) 612
(166, 502) 613
(160, 502) 614
(155, 502) 615
(150, 502) 616
(146, 502) 617
(142, 502) 618
(138, 502) 619
(135, 502) 620
(132, 502) 621
(130, 502) 622
(128, 502) 623
(125, 502) 624
(124, 502) 625
(122, 502) 626
(120, 502) 627
(119, 502) 628
(118, 501) 629
(117, 501) 630
(116, 501) 631
(115, 500) 632
(115, 499) 633
(115, 499) 634
(115, 499) 635
(116, 498) 636
(117, 498) 637
(119, 498) 638
(121, 499) 639
(124, 499) 640
(127, 500) 641
(127, 501) 642
(135, 503) 643
(144, 505) 644
(154, 507) 645
(163, 509) 646
(170, 511) 647
(177, 513) 648
(184, 515) 649
(184, 516) 650
(184, 518) 651
(184, 519) 652
(184, 521) 653
(184, 522) 654
(184, 523) 655
(184, 525) 656
(185, 526) 657
(186, 528) 658
(225, 650) 637
(227, 649) 638
(229, 649) 639
(233, 649) 640
(237, 648) 641
(242, 648) 642
(246, 647) 643
(249, 647) 644
(253, 647) 645
(256, 646) 646
(258, 646) 647
(261, 645) 648
(263, 645) 649
(268, 644) 650
(275, 643) 651
(282, 642) 652
(288, 641) 653
(294, 641) 654
(299, 640) 655
(303, 639) 656
(306, 638) 657
(310, 638) 658
(320, 637) 659
(329, 637) 660
(337, 636) 661
(337, 636) 662
(338, 635) 663
(342, 634) 664
(348, 634) 665
(347, 633) 666
(346, 633) 667
(353, 632) 668
(360, 631) 669
(369, 631) 670
(378, 630) 671
(386, 629) 672
(391, 628) 673
(395, 627) 674
(397, 626) 675
(398, 625) 676
(400, 624) 677
(402, 623) 678
(404, 622) 679
(406, 621) 680
(406, 620) 681
(406, 619) 682
(411, 617) 683
(419, 617) 684
(427, 616) 685
(433, 615) 686
(438, 614) 687
(443, 613) 688
(447, 612) 689
(451, 611) 690
(454, 610) 691
(458, 610) 692
(461, 609) 693
(467, 609) 694
(473, 609) 695
(479, 608) 696
(486, 608) 697
(492, 608) 698
(499, 608) 699
(503, 608) 700
(507, 608) 701
(512, 608) 702
(516, 608) 703
(521, 608) 704
(526, 608) 705
(530, 608) 706
(535, 608) 707
(540, 608) 708
(548, 608) 709
(556, 608) 710
(564, 608) 711
(571, 608) 712
(578, 608) 713
(586, 608) 714
(591, 608) 715
(597, 608) 716
(931, 562) 652
(929, 562) 653
(927, 562) 654
(926, 562) 655
(924, 562) 656
(918, 561) 657
(915, 561) 658
(915, 561) 659
(917, 561) 660
(922, 562) 661
(926, 563) 662
(931, 564) 663
(934, 565) 664
(937, 565) 665
(940, 566) 666
(942, 566) 667
(949, 566) 668
(955, 565) 669
(960, 565) 670
(965, 564) 671
(965, 564) 672
(963, 565) 673
(964, 564) 674
(964, 563) 675
(962, 562) 676
(963, 561) 677
(969, 561) 678
(972, 561) 679
(975, 562) 680
(977, 562) 681
(979, 562) 682
(979, 563) 683
(982, 564) 684
(985, 565) 685
(988, 565) 686
(988, 565) 687
(988, 565) 688
(990, 567) 689
(992, 568) 690
(990, 569) 691
(991, 569) 692
(992, 570) 693
(998, 571) 694
(1005, 572) 695
(1006, 573) 696
(1006, 574) 697
(1008, 575) 698
(1010, 576) 699
(1011, 577) 700
(1009, 578) 701
(1004, 578) 702
(1000, 579) 703
(995, 579) 704
(991, 580) 705
(991, 580) 706
(991, 580) 707
(992, 580) 708
(992, 580) 709
(991, 581) 710
(989, 581) 711
(988, 581) 712
(987, 581) 713
(987, 581) 714
(988, 582) 715
(991, 582) 716
(988, 582) 717
(983, 582) 718
(980, 582) 719
(971, 581) 720
(962, 581) 721
(956, 580) 722
(950, 580) 723
(945, 580) 724
(940, 579) 725
(937, 579) 726
(935, 579) 727
(934, 579) 728
(934, 580) 729
(938, 581) 730
(942, 583) 731
(946, 584) 732
(946, 585) 733
(946, 586) 734
(937, 586) 735
(927, 586) 736
(918, 585) 737
(1073, 214) 670
(1073, 214) 671
(1074, 214) 672
(1075, 214) 673
(1077, 214) 674
(1079, 214) 675
(1082, 214) 676
(1085, 213) 677
(1088, 213) 678
(1091, 213) 679
(1093, 213) 680
(1095, 213) 681
(1097, 213) 682
(1102, 213) 683
(1106, 212) 684
(1110, 212) 685
(1114, 212) 686
(1118, 212) 687
(1125, 213) 688
(1131, 214) 689
(1138, 215) 690
(1143, 216) 691
(1149, 217) 692
(1154, 218) 693
(1158, 218) 694
(1163, 219) 695
(1167, 220) 696
(1171, 221) 697
(1176, 222) 698
(1180, 223) 699
(1184, 223) 700
(1181, 224) 701
(1180, 224) 702
(1179, 225) 703
(1177, 225) 704
(1177, 226) 705
(1176, 227) 706
(1175, 227) 707
(1175, 228) 708
(1174, 228) 709
(1174, 229) 710
(1183, 229) 711
(1190, 229) 712
(1197, 229) 713
(1203, 229) 714
(1209, 229) 715
(1214, 230) 716
(1219, 230) 717
(1224, 230) 718
(1229, 230) 719
(1235, 230) 720
(1241, 230) 721
(1248, 231) 722
(1254, 231) 723
(1261, 231) 724
(1275, 231) 725
(1287, 231) 726
(1301, 231) 727
(1314, 231) 728
(1326, 232) 729
(1337, 232) 730
(1347, 233) 731
(1356, 233) 732
(1364, 234) 733
(1373, 235) 734
(1377, 236) 735
(1380, 237) 736
(1384, 237) 737
