(847, 491) 20
(847, 490) 21
(848, 490) 22
(848, 490) 23
(847, 490) 24
(843, 489) 25
(840, 489) 26
(829, 489) 27
(825, 489) 28
(816, 489) 29
(804, 489) 30
(795, 488) 31
(785, 489) 32
(775, 488) 33
(770, 487) 34
(764, 487) 35
(759, 487) 36
(755, 486) 37
(753, 486) 38
(751, 486) 39
(749, 486) 40
(746, 485) 41
(743, 485) 42
(736, 484) 43
(726, 484) 44
(716, 484) 45
(708, 485) 46
(705, 485) 47
(698, 485) 48
(688, 486) 49
(686, 487) 50
(678, 487) 51
(671, 487) 52
(665, 488) 53
(659, 488) 54
(653, 489) 55
(653, 489) 56
(653, 489) 57
(662, 490) 58
(676, 490) 59
(690, 490) 60
(703, 490) 61
(715, 490) 62
(731, 491) 63
(745, 492) 64
(758, 492) 65
(770, 493) 66
(781, 494) 67
(790, 494) 68
(799, 495) 69
(806, 495) 70
(813, 496) 71
(820, 497) 72
(825, 497) 73
(834, 499) 74
(843, 501) 75
(850, 502) 76
(857, 504) 77
(863, 505) 78
(868, 507) 79
(873, 509) 80
(878, 510) 81
(883, 512) 82
(887, 514) 83
(894, 516) 84
(1242, 459) 21
(1242, 459) 22
(1242, 459) 23
(1245, 459) 24
(1248, 459) 25
(1250, 458) 26
(1251, 458) 27
(1249, 458) 28
(1246, 458) 29
(1243, 458) 30
(1240, 458) 31
(1241, 458) 32
(1249, 458) 33
(1260, 457) 34
(1269, 457) 35
(1272, 457) 36
(1274, 457) 37
(1277, 457) 38
(1278, 457) 39
(1280, 457) 40
(1282, 457) 41
(1283, 457) 42
(1284, 457) 43
(1285, 458) 44
(1286, 458) 45
(1286, 457) 46
(1286, 457) 47
(1280, 457) 48
(1275, 458) 49
(1272, 459) 50
(1269, 460) 51
(1269, 461) 52
(1270, 462) 53
(1272, 463) 54
(1273, 464) 55
(1274, 466) 56
(1281, 466) 57
(1287, 467) 58
(1292, 467) 59
(1294, 467) 60
(1296, 467) 61
(1298, 467) 62
(1299, 467) 63
(1298, 468) 64
(1296, 469) 65
(1294, 470) 66
(1285, 471) 67
(1278, 472) 68
(1273, 473) 69
(1269, 474) 70
(1267, 475) 71
(1265, 476) 72
(1266, 477) 73
(1269, 477) 74
(1274, 478) 75
(1281, 479) 76
(1288, 479) 77
(1300, 479) 78
(1306, 479) 79
(1311, 480) 80
(1313, 480) 81
(1317, 481) 82
(1322, 481) 83
(1328, 481) 84
(1333, 481) 85
(1338, 480) 86
(1343, 479) 87
(1346, 478) 88
(1350, 477) 89
(1352, 476) 90
(1354, 475) 91
(1356, 474) 92
(1358, 473) 93
(1363, 473) 94
(1373, 473) 95
(1381, 473) 96
(1387, 472) 97
(1392, 472) 98
(1391, 471) 99
(1390, 470) 100
(1390, 470) 101
(1395, 470) 102
(1394, 471) 103
(1391, 471) 104
(1389, 471) 105
(1388, 472) 106
(1391, 473) 107
(1391, 473) 108
(1394, 473) 109
(1396, 474) 110
(1396, 474) 111
(1394, 475) 112
(1394, 475) 113
(1391, 476) 114
(1387, 476) 115
(1384, 477) 116
(1381, 477) 117
(1377, 478) 118
(1374, 479) 119
(1371, 479) 120
(1370, 480) 121
(1370, 480) 122
(1374, 481) 123
(1378, 482) 124
(1383, 483) 125
(1379, 484) 126
(1375, 486) 127
(1375, 487) 128
(1376, 488) 129
(1381, 489) 130
(1384, 491) 131
(1386, 491) 132
(1388, 491) 133
(1389, 492) 134
(1398, 491) 135
(1406, 491) 136
(1414, 491) 137
(1420, 491) 138
(1426, 491) 139
(1426, 491) 140
(1422, 492) 141
(1418, 493) 142
(1414, 494) 143
(1412, 495) 144
(1408, 495) 145
(1404, 496) 146
(1398, 497) 147
(1390, 497) 148
(1385, 498) 149
(1380, 499) 150
(1377, 499) 151
(1376, 499) 152
(1376, 499) 153
(1374, 500) 154
(1374, 500) 155
(1374, 500) 156
(1375, 499) 157
(1376, 499) 158
(1377, 499) 159
(1378, 500) 160
(1379, 499) 161
(1378, 499) 162
(1378, 500) 163
(1377, 500) 164
(1378, 500) 165
(1379, 500) 166
(1379, 499) 167
(1380, 499) 168
(1381, 499) 169
(1381, 499) 170
(1382, 498) 171
(1382, 498) 172
(1382, 498) 173
(1384, 497) 174
(1386, 496) 175
(1387, 496) 176
(1388, 495) 177
(1395, 494) 178
(1401, 492) 179
(1407, 490) 180
(1405, 488) 181
(1396, 486) 182
(1389, 483) 183
(1382, 481) 184
(1375, 478) 185
(1370, 476) 186
(1372, 474) 187
(1374, 472) 188
(1376, 471) 189
(1378, 469) 190
(1379, 467) 191
(1380, 465) 192
(1380, 463) 193
(1381, 461) 194
(1382, 459) 195
(1383, 458) 196
(1384, 456) 197
(1385, 454) 198
(1386, 452) 199
(1388, 451) 200
(1390, 449) 201
(1392, 447) 202
(1394, 446) 203
(1399, 445) 204
(1411, 444) 205
(1423, 442) 206
(1433, 441) 207
(1442, 440) 208
(1449, 439) 209
(1455, 439) 210
(1461, 438) 211
(1466, 437) 212
(1470, 436) 213
(1474, 435) 214
(1478, 435) 215
(1480, 434) 216
(1480, 433) 217
(1481, 433) 218
(1482, 432) 219
(1485, 432) 220
(1487, 431) 221
(1489, 430) 222
(1490, 430) 223
(1495, 431) 224
(1500, 431) 225
(1502, 432) 226
(1505, 433) 227
(1507, 434) 228
(1508, 435) 229
(1508, 436) 230
(1503, 437) 231
(1498, 439) 232
(1496, 441) 233
(1495, 443) 234
(1493, 445) 235
(1491, 447) 236
(1490, 448) 237
(1489, 448) 238
(1489, 448) 239
(1486, 447) 240
(1484, 446) 241
(1482, 446) 242
(1474, 446) 243
(1461, 447) 244
(1452, 448) 245
(1443, 448) 246
(1434, 450) 247
(1427, 451) 248
(1420, 453) 249
(1410, 455) 250
(1398, 457) 251
(1391, 458) 252
(1386, 459) 253
(1380, 460) 254
(1376, 461) 255
(1371, 462) 256
(1368, 463) 257
(1364, 464) 258
(1355, 465) 259
(1347, 466) 260
(1336, 467) 261
(1330, 468) 262
(1325, 469) 263
(1320, 469) 264
(1314, 470) 265
(1316, 472) 266
(1315, 473) 267
(1314, 474) 268
(1313, 475) 269
(1311, 476) 270
(1307, 478) 271
(1303, 481) 272
(1299, 484) 273
(1290, 487) 274
(1286, 491) 275
(1284, 495) 276
(1284, 499) 277
(1284, 503) 278
(1284, 507) 279
(1284, 511) 280
(1285, 514) 281
(1286, 518) 282
(1286, 521) 283
(1290, 524) 284
(1294, 527) 285
(1299, 529) 286
(1305, 530) 287
(457, 469) 70
(457, 468) 71
(456, 468) 72
(455, 468) 73
(448, 468) 74
(441, 468) 75
(431, 468) 76
(431, 468) 77
(430, 468) 78
(434, 468) 79
(432, 468) 80
(430, 468) 81
(428, 468) 82
(422, 468) 83
(420, 468) 84
(421, 468) 85
(427, 469) 86
(424, 468) 87
(422, 468) 88
(421, 468) 89
(419, 468) 90
(418, 468) 91
(416, 468) 92
(416, 468) 93
(421, 468) 94
(426, 468) 95
(428, 468) 96
(438, 468) 97
(448, 468) 98
(462, 468) 99
(475, 468) 100
(483, 468) 101
(491, 468) 102
(498, 468) 103
(512, 468) 104
(525, 469) 105
(536, 469) 106
(538, 470) 107
(541, 470) 108
(544, 470) 109
(549, 471) 110
(553, 471) 111
(556, 472) 112
(561, 473) 113
(562, 473) 114
(562, 474) 115
(563, 474) 116
(568, 474) 117
(571, 474) 118
(579, 474) 119
(594, 473) 120
(608, 473) 121
(621, 473) 122
(637, 472) 123
(649, 472) 124
(657, 472) 125
(661, 471) 126
(668, 470) 127
(674, 469) 128
(681, 468) 129
(693, 467) 130
(702, 466) 131
(711, 466) 132
(711, 465) 133
(711, 465) 134
(711, 465) 135
(709, 465) 136
(707, 465) 137
(705, 464) 138
(702, 464) 139
(695, 464) 140
(692, 464) 141
(691, 464) 142
(689, 465) 143
(681, 465) 144
(674, 465) 145
(667, 465) 146
(660, 465) 147
(654, 465) 148
(649, 465) 149
(637, 465) 150
(634, 465) 151
(634, 465) 152
(638, 465) 153
(645, 466) 154
(654, 466) 155
(654, 466) 156
(663, 467) 157
(670, 467) 158
(686, 468) 159
(699, 468) 160
(711, 468) 161
(721, 469) 162
(730, 469) 163
(738, 469) 164
(750, 470) 165
(767, 469) 166
(783, 469) 167
(797, 469) 168
(809, 468) 169
(821, 468) 170
(831, 467) 171
(840, 467) 172
(850, 467) 173
(252, 510) 138
(250, 510) 139
(248, 510) 140
(246, 510) 141
(244, 509) 142
(243, 509) 143
(242, 509) 144
(241, 509) 145
(240, 508) 146
(239, 508) 147
(239, 508) 148
(238, 507) 149
(238, 507) 150
(231, 506) 151
(231, 506) 152
(227, 505) 153
(221, 504) 154
(217, 503) 155
(213, 502) 156
(211, 501) 157
(202, 501) 158
(193, 500) 159
(184, 499) 160
(177, 498) 161
(170, 497) 162
(164, 496) 163
(160, 496) 164
(156, 495) 165
(152, 495) 166
(148, 494) 167
(144, 493) 168
(140, 493) 169
(136, 492) 170
(128, 491) 171
(122, 490) 172
(117, 488) 173
(113, 487) 174
(109, 485) 175
(108, 484) 176
(104, 483) 177
(100, 482) 178
(96, 480) 179
(90, 479) 180
(82, 478) 181
(74, 478) 182
(67, 477) 183
(60, 476) 184
(50, 475) 185
(45, 475) 186
(38, 474) 187
(32, 473) 188
(25, 472) 189
(20, 471) 190
(16, 471) 191
(13, 470) 192
(10, 469) 193
(10, 469) 194
(1929, 468) 195
(1923, 468) 196
(1917, 467) 197
(1912, 467) 198
(1907, 467) 199
(1903, 466) 200
(1900, 466) 201
(1896, 466) 202
(1893, 465) 203
(1891, 465) 204
(1888, 465) 205
(1887, 463) 206
(1878, 461) 207
(1870, 459) 208
(1863, 457) 209
(1857, 455) 210
(1852, 454) 211
(1846, 452) 212
(1842, 450) 213
(1838, 449) 214
(1834, 447) 215
(1829, 446) 216
(1826, 445) 217
(1829, 444) 218
(1834, 443) 219
(1845, 442) 220
(1855, 441) 221
(1861, 441) 222
(1867, 440) 223
(1873, 439) 224
(1879, 438) 225
(1890, 437) 226
(1899, 436) 227
(1908, 436) 228
(1907, 435) 229
(16, 434) 230
(31, 434) 231
(48, 433) 232
(62, 433) 233
(75, 432) 234
(86, 431) 235
(96, 431) 236
(107, 430) 237
(117, 430) 238
(126, 429) 239
(137, 429) 240
(150, 429) 241
(162, 429) 242
(171, 429) 243
(178, 428) 244
(186, 428) 245
(193, 427) 246
(199, 427) 247
(205, 427) 248
(210, 426) 249
(214, 426) 250
(218, 426) 251
(222, 425) 252
(230, 425) 253
(238, 425) 254
(245, 424) 255
(251, 424) 256
(265, 424) 257
(277, 424) 258
(290, 424) 259
(296, 423) 260
(302, 422) 261
(307, 421) 262
(313, 420) 263
(319, 420) 264
(324, 419) 265
(329, 418) 266
(334, 418) 267
(338, 417) 268
(341, 417) 269
(347, 417) 270
(348, 416) 271
(353, 415) 272
(354, 414) 273
(355, 413) 274
(361, 413) 275
(366, 413) 276
(371, 412) 277
(373, 412) 278
(376, 411) 279
(383, 410) 280
(389, 409) 281
(394, 409) 282
(399, 409) 283
(405, 408) 284
(409, 407) 285
(419, 407) 286
(431, 408) 287
(443, 409) 288
(455, 410) 289
(468, 410) 290
(480, 411) 291
(491, 412) 292
(500, 413) 293
(517, 414) 294
(533, 414) 295
(546, 415) 296
(557, 415) 297
(571, 416) 298
(592, 416) 299
(610, 415) 300
(623, 415) 301
(626, 415) 302
(630, 416) 303
(641, 416) 304
(644, 417) 305
(645, 418) 306
(646, 419) 307
(650, 420) 308
(654, 420) 309
(653, 421) 310
(650, 422) 311
(647, 424) 312
(644, 425) 313
(641, 426) 314
(639, 427) 315
(637, 428) 316
(630, 429) 317
(624, 429) 318
(616, 429) 319
(609, 430) 320
(603, 430) 321
(597, 430) 322
(592, 431) 323
(587, 431) 324
(583, 431) 325
(579, 431) 326
(576, 432) 327
(573, 432) 328
(570, 432) 329
(569, 432) 330
(568, 433) 331
(568, 433) 332
(568, 433) 333
(569, 433) 334
(570, 433) 335
(571, 433) 336
(570, 433) 337
(567, 433) 338
(562, 433) 339
(560, 433) 340
(560, 433) 341
(557, 433) 342
(553, 432) 343
(549, 432) 344
(538, 432) 345
(529, 431) 346
(522, 431) 347
(515, 431) 348
(514, 431) 349
(506, 430) 350
(500, 430) 351
(494, 430) 352
(488, 430) 353
(482, 430) 354
(478, 430) 355
(479, 429) 356
(481, 429) 357
(482, 429) 358
(483, 429) 359
(488, 429) 360
(492, 430) 361
(495, 430) 362
(500, 430) 363
(505, 430) 364
(509, 431) 365
(511, 431) 366
(513, 431) 367
(516, 432) 368
(517, 432) 369
(518, 432) 370
(516, 433) 371
(514, 433) 372
(513, 434) 373
(511, 434) 374
(511, 434) 375
(512, 435) 376
(516, 435) 377
(520, 436) 378
(524, 436) 379
(531, 436) 380
(530, 437) 381
(530, 437) 382
(530, 438) 383
(530, 439) 384
(528, 439) 385
(525, 440) 386
(525, 440) 387
(525, 441) 388
(524, 441) 389
(521, 442) 390
(519, 442) 391
(515, 443) 392
(509, 443) 393
(502, 443) 394
(503, 444) 395
(503, 444) 396
(503, 445) 397
(503, 445) 398
(503, 446) 399
(503, 446) 400
(505, 447) 401
(510, 447) 402
(514, 447) 403
(520, 448) 404
(526, 449) 405
(535, 449) 406
(543, 450) 407
(551, 450) 408
(551, 450) 409
(557, 451) 410
(569, 451) 411
(580, 451) 412
(590, 451) 413
(598, 451) 414
(610, 451) 415
(627, 451) 416
(642, 451) 417
(651, 452) 418
(654, 451) 419
(656, 451) 420
(666, 451) 421
(675, 450) 422
(683, 450) 423
(691, 450) 424
(695, 449) 425
(699, 449) 426
(699, 447) 427
(699, 446) 428
(699, 444) 429
(700, 444) 430
(701, 444) 431
(705, 444) 432
(708, 444) 433
(711, 444) 434
(715, 443) 435
(717, 443) 436
(718, 443) 437
(722, 444) 438
(726, 445) 439
(729, 445) 440
(732, 446) 441
(734, 447) 442
(731, 447) 443
(731, 447) 444
(732, 447) 445
(734, 448) 446
(735, 448) 447
(736, 449) 448
(737, 449) 449
(738, 450) 450
(738, 450) 451
(736, 450) 452
(734, 450) 453
(732, 449) 454
(730, 449) 455
(728, 449) 456
(726, 448) 457
(724, 448) 458
(721, 448) 459
(720, 448) 460
(718, 447) 461
(718, 447) 462
(716, 447) 463
(714, 446) 464
(713, 446) 465
(709, 446) 466
(706, 446) 467
(703, 445) 468
(701, 445) 469
(699, 445) 470
(698, 445) 471
(697, 445) 472
(700, 445) 473
(705, 446) 474
(709, 446) 475
(713, 447) 476
(717, 447) 477
(720, 448) 478
(724, 448) 479
(726, 448) 480
(727, 449) 481
(729, 449) 482
(730, 450) 483
(731, 450) 484
(733, 451) 485
(741, 451) 486
(756, 451) 487
(768, 452) 488
(781, 453) 489
(795, 453) 490
(810, 454) 491
(827, 454) 492
(843, 455) 493
(856, 455) 494
(869, 456) 495
(880, 456) 496
(890, 457) 497
(899, 458) 498
(911, 458) 499
(922, 458) 500
(931, 459) 501
(940, 459) 502
(948, 460) 503
(955, 460) 504
(961, 460) 505
(967, 461) 506
(972, 461) 507
(977, 460) 508
(982, 460) 509
(990, 459) 510
(996, 458) 511
(1003, 458) 512
(1007, 457) 513
(1010, 458) 514
(1013, 458) 515
(1015, 459) 516
(1018, 459) 517
(1020, 460) 518
(1022, 461) 519
(1023, 461) 520
(1025, 462) 521
(1026, 462) 522
(1027, 463) 523
(1028, 463) 524
(1029, 464) 525
(1030, 464) 526
(1031, 465) 527
(1032, 465) 528
(1032, 465) 529
(1033, 466) 530
(1033, 466) 531
(1034, 467) 532
(1034, 467) 533
(1034, 466) 534
(1027, 465) 535
(330, 474) 158
(330, 474) 159
(330, 474) 160
(330, 474) 161
(330, 474) 162
(333, 474) 163
(337, 473) 164
(341, 473) 165
(344, 472) 166
(347, 472) 167
(350, 472) 168
(354, 471) 169
(357, 471) 170
(359, 471) 171
(356, 471) 172
(354, 470) 173
(351, 470) 174
(349, 470) 175
(341, 470) 176
(334, 470) 177
(326, 470) 178
(313, 470) 179
(302, 470) 180
(291, 470) 181
(282, 470) 182
(274, 470) 183
(266, 470) 184
(259, 470) 185
(253, 470) 186
(248, 470) 187
(243, 470) 188
(239, 470) 189
(235, 470) 190
(231, 470) 191
(228, 470) 192
(225, 470) 193
(225, 470) 194
(227, 470) 195
(232, 470) 196
(237, 470) 197
(240, 469) 198
(244, 469) 199
(247, 469) 200
(250, 469) 201
(250, 469) 202
(247, 468) 203
(241, 468) 204
(233, 467) 205
(231, 467) 206
(222, 466) 207
(215, 466) 208
(211, 466) 209
(208, 466) 210
(210, 466) 211
(211, 466) 212
(212, 466) 213
(213, 466) 214
(214, 466) 215
(215, 466) 216
(215, 467) 217
(223, 467) 218
(225, 466) 219
(227, 465) 220
(228, 465) 221
(229, 464) 222
(229, 463) 223
(231, 462) 224
(233, 462) 225
(231, 461) 226
(226, 460) 227
(221, 459) 228
(221, 459) 229
(815, 588) 167
(814, 588) 168
(814, 588) 169
(814, 589) 170
(814, 589) 171
(815, 588) 172
(814, 587) 173
(812, 586) 174
(804, 584) 175
(796, 583) 176
(790, 581) 177
(779, 580) 178
(771, 579) 179
(764, 577) 180
(757, 576) 181
(751, 574) 182
(746, 573) 183
(735, 572) 184
(721, 570) 185
(708, 568) 186
(696, 566) 187
(682, 564) 188
(678, 562) 189
(674, 561) 190
(663, 559) 191
(656, 557) 192
(652, 556) 193
(648, 554) 194
(639, 553) 195
(631, 551) 196
(623, 550) 197
(617, 548) 198
(611, 547) 199
(605, 545) 200
(601, 544) 201
(596, 542) 202
(592, 541) 203
(589, 540) 204
(586, 538) 205
(583, 537) 206
(580, 536) 207
(578, 534) 208
(576, 533) 209
(574, 532) 210
(573, 531) 211
(571, 530) 212
(570, 529) 213
(570, 527) 214
(575, 527) 215
(580, 527) 216
(584, 526) 217
(589, 526) 218
(594, 525) 219
(599, 525) 220
(595, 524) 221
(596, 523) 222
(597, 522) 223
(598, 521) 224
(599, 520) 225
(601, 519) 226
(607, 517) 227
(609, 517) 228
(616, 515) 229
(622, 514) 230
(621, 512) 231
(619, 511) 232
(618, 510) 233
(616, 509) 234
(615, 508) 235
(611, 507) 236
(608, 506) 237
(606, 505) 238
(604, 504) 239
(600, 503) 240
(599, 502) 241
(599, 501) 242
(600, 501) 243
(601, 500) 244
(607, 499) 245
(615, 498) 246
(623, 497) 247
(631, 497) 248
(640, 497) 249
(647, 497) 250
(655, 497) 251
(662, 497) 252
(669, 497) 253
(675, 497) 254
(682, 497) 255
(686, 497) 256
(690, 497) 257
(694, 498) 258
(698, 500) 259
(702, 501) 260
(707, 503) 261
(710, 504) 262
(714, 506) 263
(717, 508) 264
(720, 510) 265
(723, 512) 266
(725, 513) 267
(727, 515) 268
(728, 517) 269
(729, 519) 270
(733, 521) 271
(736, 523) 272
(739, 525) 273
(737, 528) 274
(734, 530) 275
(732, 533) 276
(730, 535) 277
(727, 538) 278
(725, 541) 279
(723, 543) 280
(722, 546) 281
(720, 548) 282
(718, 551) 283
(717, 553) 284
(716, 556) 285
(715, 558) 286
(713, 560) 287
(713, 563) 288
(712, 565) 289
(711, 567) 290
(710, 569) 291
(710, 572) 292
(709, 574) 293
(709, 576) 294
(708, 578) 295
(708, 580) 296
(707, 582) 297
(707, 583) 298
(707, 585) 299
(706, 587) 300
(704, 588) 301
(701, 589) 302
(1001, 444) 216
(1004, 444) 217
(1008, 443) 218
(1009, 443) 219
(1009, 443) 220
(1010, 443) 221
(1010, 443) 222
(1011, 443) 223
(1011, 443) 224
(1011, 442) 225
(1011, 442) 226
(1012, 442) 227
(1012, 442) 228
(1012, 442) 229
(1012, 442) 230
(1012, 442) 231
(1013, 442) 232
(1013, 442) 233
(1013, 442) 234
(1013, 441) 235
(1013, 441) 236
(1013, 441) 237
(1011, 442) 238
(1010, 442) 239
(1008, 443) 240
(1007, 443) 241
(1006, 444) 242
(1004, 444) 243
(1003, 445) 244
(1003, 445) 245
(1002, 446) 246
(1002, 446) 247
(1005, 447) 248
(1005, 446) 249
(1004, 446) 250
(1002, 446) 251
(997, 445) 252
(992, 444) 253
(986, 443) 254
(979, 442) 255
(973, 441) 256
(967, 441) 257
(962, 440) 258
(958, 440) 259
(955, 439) 260
(950, 438) 261
(945, 438) 262
(937, 438) 263
(929, 438) 264
(921, 438) 265
(916, 438) 266
(912, 438) 267
(905, 438) 268
(899, 438) 269
(891, 439) 270
(886, 438) 271
(880, 437) 272
(875, 437) 273
(870, 437) 274
(866, 436) 275
(863, 435) 276
(859, 434) 277
(851, 433) 278
(843, 433) 279
(835, 432) 280
(825, 432) 281
(816, 431) 282
(812, 431) 283
(808, 431) 284
(803, 432) 285
(799, 432) 286
(796, 432) 287
(793, 432) 288
(790, 432) 289
(788, 433) 290
(781, 433) 291
(771, 433) 292
(762, 433) 293
(1401, 378) 221
(1401, 378) 222
(1401, 378) 223
(1399, 377) 224
(1397, 376) 225
(1395, 374) 226
(1396, 373) 227
(1395, 372) 228
(1395, 371) 229
(1397, 370) 230
(1399, 369) 231
(1401, 368) 232
(1402, 367) 233
(1403, 365) 234
(1405, 364) 235
(1406, 363) 236
(1406, 362) 237
(1407, 361) 238
(1408, 360) 239
(1409, 359) 240
(1409, 358) 241
(1414, 357) 242
(1419, 357) 243
(1423, 356) 244
(1426, 355) 245
(1430, 354) 246
(1433, 354) 247
(1441, 354) 248
(1449, 355) 249
(1461, 356) 250
(1473, 356) 251
(1484, 357) 252
(1494, 359) 253
(1502, 361) 254
(1509, 362) 255
(1516, 364) 256
(1521, 365) 257
(1526, 367) 258
(1530, 369) 259
(1534, 372) 260
(1538, 374) 261
(1541, 377) 262
(1544, 379) 263
(1547, 382) 264
(1550, 384) 265
(1552, 386) 266
(1554, 389) 267
(1556, 391) 268
(1557, 393) 269
(1556, 394) 270
(1554, 395) 271
(1552, 395) 272
(1551, 394) 273
(1546, 392) 274
(1539, 391) 275
(1533, 389) 276
(1531, 390) 277
(1529, 390) 278
(1528, 390) 279
(1527, 390) 280
(1522, 391) 281
(1514, 390) 282
(1506, 390) 283
(1500, 389) 284
(1494, 389) 285
(1490, 388) 286
(1484, 388) 287
(1479, 387) 288
(1475, 389) 289
(1471, 390) 290
(1468, 391) 291
(1464, 392) 292
(1462, 394) 293
(1459, 395) 294
(1456, 396) 295
(1455, 398) 296
(1453, 399) 297
(1451, 400) 298
(1448, 400) 299
(1446, 401) 300
(1447, 402) 301
(1448, 403) 302
(1449, 403) 303
(1449, 404) 304
(1448, 405) 305
(1447, 405) 306
(1447, 406) 307
(1447, 406) 308
(1447, 406) 309
(1447, 406) 310
(1448, 406) 311
(1451, 407) 312
(1455, 407) 313
(1459, 407) 314
(1459, 406) 315
(1462, 406) 316
(1462, 405) 317
(1461, 405) 318
(1459, 404) 319
(1457, 404) 320
(1455, 404) 321
(1453, 404) 322
(1451, 403) 323
(1448, 402) 324
(1447, 401) 325
(1445, 400) 326
(1443, 399) 327
(1440, 397) 328
(1438, 397) 329
(1434, 395) 330
(1432, 395) 331
(1429, 394) 332
(1427, 393) 333
(1424, 393) 334
(1414, 392) 335
(1405, 393) 336
(1395, 394) 337
(1388, 394) 338
(1383, 393) 339
(1378, 392) 340
(1373, 392) 341
(1369, 392) 342
(1366, 392) 343
(1366, 391) 344
(1366, 390) 345
(1371, 388) 346
(1374, 386) 347
(1377, 384) 348
(1380, 383) 349
(1383, 381) 350
(1386, 379) 351
(1386, 377) 352
(1387, 376) 353
(1389, 374) 354
(1391, 372) 355
(1392, 371) 356
(1396, 369) 357
(1396, 367) 358
(1393, 365) 359
(1390, 364) 360
(1388, 362) 361
(1385, 361) 362
(1383, 359) 363
(1382, 357) 364
(1380, 356) 365
(1378, 355) 366
(1377, 353) 367
(1376, 352) 368
(1375, 350) 369
(1374, 349) 370
(1373, 348) 371
(1372, 346) 372
(1371, 345) 373
(1371, 344) 374
(1371, 343) 375
(1374, 343) 376
(1376, 342) 377
(1378, 342) 378
(1380, 341) 379
(1382, 341) 380
(1384, 341) 381
(1386, 339) 382
(1389, 338) 383
(1392, 337) 384
(1394, 336) 385
(1397, 335) 386
(1399, 334) 387
(1398, 333) 388
(1398, 332) 389
(1398, 331) 390
(1398, 330) 391
(1401, 329) 392
(1404, 328) 393
(1407, 328) 394
(1409, 327) 395
(1411, 326) 396
(1413, 325) 397
(1415, 324) 398
(1417, 324) 399
(1423, 322) 400
(1427, 321) 401
(1432, 320) 402
(1436, 319) 403
(1440, 317) 404
(1444, 316) 405
(1447, 315) 406
(1447, 315) 407
(1446, 315) 408
(1445, 314) 409
(1444, 314) 410
(1441, 314) 411
(1439, 315) 412
(1437, 315) 413
(1436, 316) 414
(1433, 318) 415
(1432, 318) 416
(1432, 318) 417
(1431, 319) 418
(1431, 319) 419
(1432, 320) 420
(1436, 321) 421
(1436, 322) 422
(1436, 324) 423
(1434, 325) 424
(1434, 327) 425
(1434, 329) 426
(1434, 332) 427
(1433, 334) 428
(1426, 337) 429
(1421, 340) 430
(1418, 343) 431
(1418, 345) 432
(1418, 347) 433
(1418, 349) 434
(1418, 351) 435
(1417, 352) 436
(1417, 354) 437
(1415, 356) 438
(1413, 359) 439
(1411, 361) 440
(1409, 363) 441
(1405, 365) 442
(1403, 367) 443
(1401, 369) 444
(1396, 371) 445
(1392, 373) 446
(1387, 375) 447
(1381, 377) 448
(1378, 380) 449
(1378, 381) 450
(1382, 381) 451
(1387, 381) 452
(1390, 382) 453
(1394, 382) 454
(1397, 382) 455
(1400, 382) 456
(1403, 382) 457
(1404, 382) 458
(1406, 381) 459
(1406, 382) 460
(1405, 383) 461
(1405, 384) 462
(1405, 385) 463
(1405, 385) 464
(1402, 386) 465
(1399, 388) 466
(1399, 389) 467
(1399, 390) 468
(1401, 391) 469
(1403, 390) 470
(1405, 389) 471
(1407, 388) 472
(1409, 388) 473
(1411, 387) 474
(1412, 386) 475
(1413, 385) 476
(1415, 385) 477
(1416, 384) 478
(1417, 383) 479
(1417, 383) 480
(1417, 383) 481
(1417, 383) 482
(1416, 382) 483
(1414, 381) 484
(1107, 432) 236
(1107, 432) 237
(1107, 432) 238
(1107, 432) 239
(1109, 432) 240
(1111, 433) 241
(1114, 433) 242
(1115, 433) 243
(1116, 434) 244
(1117, 434) 245
(1117, 434) 246
(1117, 435) 247
(1117, 437) 248
(1120, 439) 249
(1118, 442) 250
(1117, 444) 251
(1115, 446) 252
(1114, 449) 253
(1113, 451) 254
(1112, 453) 255
(1111, 455) 256
(1110, 457) 257
(1110, 459) 258
(1109, 462) 259
(1108, 464) 260
(1108, 465) 261
(1106, 467) 262
(1103, 468) 263
(1101, 469) 264
(1098, 470) 265
(1098, 470) 266
(1094, 470) 267
(1088, 470) 268
(1083, 470) 269
(1077, 470) 270
(1072, 471) 271
(1067, 471) 272
(1062, 471) 273
(1057, 471) 274
(1057, 472) 275
(1055, 472) 276
(1052, 473) 277
(1049, 473) 278
(1045, 473) 279
(1041, 473) 280
(1032, 473) 281
(1024, 473) 282
(1018, 472) 283
(1012, 472) 284
(1007, 472) 285
(998, 471) 286
(988, 472) 287
(981, 472) 288
(974, 472) 289
(967, 472) 290
(961, 471) 291
(955, 471) 292
(950, 471) 293
(945, 471) 294
(941, 470) 295
(938, 470) 296
(934, 469) 297
(931, 469) 298
(928, 468) 299
(925, 467) 300
(923, 467) 301
(921, 466) 302
(919, 466) 303
(917, 465) 304
(912, 464) 305
(907, 462) 306
(903, 460) 307
(898, 459) 308
(895, 458) 309
(894, 457) 310
(894, 456) 311
(894, 454) 312
(891, 453) 313
(886, 453) 314
(888, 453) 315
(889, 452) 316
(891, 452) 317
(899, 453) 318
(906, 454) 319
(913, 455) 320
(920, 455) 321
(926, 456) 322
(931, 457) 323
(936, 458) 324
(941, 459) 325
(945, 460) 326
(949, 460) 327
(958, 460) 328
(964, 460) 329
(971, 460) 330
(976, 460) 331
(982, 459) 332
(987, 459) 333
(986, 461) 334
(986, 462) 335
(986, 463) 336
(986, 464) 337
(986, 466) 338
(985, 467) 339
(984, 469) 340
(983, 471) 341
(982, 472) 342
(981, 474) 343
(981, 476) 344
(980, 477) 345
(978, 478) 346
(976, 480) 347
(975, 481) 348
(974, 482) 349
(973, 483) 350
(972, 485) 351
(971, 486) 352
(970, 487) 353
(970, 488) 354
(969, 488) 355
(967, 488) 356
(965, 488) 357
(963, 488) 358
(961, 489) 359
(959, 489) 360
(958, 489) 361
(957, 489) 362
(955, 489) 363
(954, 489) 364
(954, 489) 365
(953, 489) 366
(952, 489) 367
(951, 489) 368
(951, 489) 369
(950, 489) 370
(950, 489) 371
(949, 489) 372
(949, 489) 373
(948, 489) 374
(948, 489) 375
(953, 488) 376
(963, 488) 377
(972, 488) 378
(981, 487) 379
(990, 486) 380
(998, 486) 381
(1006, 485) 382
(1013, 484) 383
(1020, 484) 384
(1026, 483) 385
(1026, 482) 386
(1027, 480) 387
(1028, 479) 388
(1026, 478) 389
(726, 442) 321
(726, 442) 322
(730, 441) 323
(733, 441) 324
(736, 441) 325
(737, 441) 326
(735, 441) 327
(735, 441) 328
(731, 441) 329
(727, 440) 330
(724, 440) 331
(721, 440) 332
(718, 439) 333
(715, 439) 334
(713, 439) 335
(711, 438) 336
(709, 438) 337
(708, 438) 338
(706, 437) 339
(705, 437) 340
(704, 437) 341
(703, 437) 342
(703, 436) 343
(706, 437) 344
(710, 438) 345
(713, 438) 346
(720, 439) 347
(734, 439) 348
(746, 440) 349
(757, 441) 350
(764, 440) 351
(763, 440) 352
(761, 439) 353
(759, 438) 354
(759, 438) 355
(762, 437) 356
(771, 437) 357
(778, 437) 358
(785, 437) 359
(796, 436) 360
(804, 436) 361
(812, 435) 362
(823, 434) 363
(833, 433) 364
(842, 432) 365
(851, 431) 366
(859, 430) 367
(869, 429) 368
(880, 428) 369
(888, 427) 370
(893, 426) 371
(892, 426) 372
(890, 425) 373
(884, 424) 374
(879, 424) 375
(876, 423) 376
(879, 422) 377
(882, 422) 378
(884, 422) 379
(885, 421) 380
(884, 421) 381
(885, 420) 382
(887, 420) 383
(890, 420) 384
(892, 419) 385
(895, 419) 386
(897, 419) 387
(899, 418) 388
(900, 418) 389
(909, 419) 390
(916, 419) 391
(927, 419) 392
(939, 420) 393
(950, 420) 394
(960, 421) 395
(969, 422) 396
(977, 422) 397
(984, 423) 398
(991, 424) 399
(999, 424) 400
(1006, 424) 401
(1012, 424) 402
(1019, 425) 403
(1024, 425) 404
(1028, 425) 405
(1034, 426) 406
(1039, 428) 407
(1045, 429) 408
(1050, 430) 409
(1056, 432) 410
(1057, 434) 411
(1058, 436) 412
(1058, 438) 413
(1058, 440) 414
(1052, 442) 415
(1047, 445) 416
(1041, 448) 417
(1037, 450) 418
(1035, 452) 419
(1033, 454) 420
(1030, 457) 421
(1028, 460) 422
(1028, 463) 423
(1030, 467) 424
(1033, 472) 425
(1036, 476) 426
(1046, 481) 427
(1055, 486) 428
(1064, 491) 429
(1073, 496) 430
(1083, 501) 431
(1889, 332) 367
(1890, 332) 368
(1889, 333) 369
(1890, 333) 370
(1891, 333) 371
(1892, 333) 372
(1894, 332) 373
(1895, 332) 374
(1896, 332) 375
(1898, 332) 376
(1900, 332) 377
(1901, 332) 378
(1903, 332) 379
(1905, 331) 380
(1909, 332) 381
(1916, 332) 382
(1916, 333) 383
(12, 333) 384
(22, 334) 385
(32, 334) 386
(42, 335) 387
(53, 335) 388
(64, 336) 389
(76, 336) 390
(87, 337) 391
(98, 338) 392
(107, 338) 393
(116, 339) 394
(123, 339) 395
(130, 340) 396
(137, 341) 397
(144, 341) 398
(147, 342) 399
(150, 343) 400
(155, 343) 401
(159, 344) 402
(163, 345) 403
(167, 345) 404
(170, 346) 405
(173, 346) 406
(176, 347) 407
(178, 348) 408
(181, 348) 409
(182, 349) 410
(184, 349) 411
(186, 350) 412
(187, 350) 413
(189, 351) 414
(190, 351) 415
(191, 352) 416
(192, 352) 417
(192, 353) 418
(196, 354) 419
(198, 356) 420
(201, 357) 421
(203, 358) 422
(205, 360) 423
(207, 361) 424
(208, 362) 425
(210, 363) 426
(211, 364) 427
(212, 365) 428
(213, 366) 429
(214, 367) 430
(215, 368) 431
(215, 369) 432
(216, 370) 433
(217, 371) 434
(217, 372) 435
(218, 372) 436
(218, 373) 437
(219, 374) 438
(219, 375) 439
(219, 376) 440
(219, 377) 441
(220, 377) 442
(220, 378) 443
(221, 379) 444
(222, 379) 445
(221, 379) 446
(222, 380) 447
(222, 380) 448
(220, 380) 449
(219, 381) 450
(217, 382) 451
(216, 382) 452
(214, 383) 453
(213, 384) 454
(212, 384) 455
(211, 385) 456
(210, 386) 457
(210, 386) 458
(209, 387) 459
(208, 387) 460
(208, 388) 461
(210, 389) 462
(216, 391) 463
(221, 393) 464
(225, 395) 465
(229, 397) 466
(233, 398) 467
(240, 400) 468
(246, 401) 469
(251, 403) 470
(256, 404) 471
(260, 405) 472
(264, 407) 473
(267, 408) 474
(270, 409) 475
(273, 410) 476
(276, 411) 477
(278, 413) 478
(280, 414) 479
(280, 415) 480
(279, 416) 481
(279, 416) 482
(279, 417) 483
(279, 418) 484
(278, 419) 485
(278, 420) 486
(278, 420) 487
(277, 421) 488
(270, 422) 489
(263, 424) 490
(256, 425) 491
(251, 426) 492
(245, 427) 493
(241, 428) 494
(236, 429) 495
(232, 430) 496
(229, 431) 497
(226, 432) 498
(217, 432) 499
(1029, 481) 460
(1030, 481) 461
(1031, 481) 462
(1031, 482) 463
(1032, 482) 464
(1034, 483) 465
(1037, 484) 466
(1038, 484) 467
(1039, 485) 468
(1047, 485) 469
(1053, 484) 470
(1057, 484) 471
(1066, 483) 472
(1073, 482) 473
(1077, 481) 474
(1081, 480) 475
(1084, 479) 476
(1087, 478) 477
(1090, 477) 478
(1092, 476) 479
(1095, 475) 480
(1097, 474) 481
(1099, 473) 482
(1100, 472) 483
(1102, 471) 484
(1105, 471) 485
(1108, 472) 486
(1110, 471) 487
(1112, 471) 488
(1114, 471) 489
(1117, 471) 490
(1122, 470) 491
(1126, 470) 492
(1130, 470) 493
(1133, 470) 494
(1136, 470) 495
(1139, 471) 496
(1142, 471) 497
(1142, 471) 498
(1141, 471) 499
(1141, 471) 500
(1141, 471) 501
(1140, 471) 502
(1140, 471) 503
(1140, 471) 504
(1140, 472) 505
(1140, 472) 506
(1139, 472) 507
(1139, 472) 508
(1139, 472) 509
(1139, 472) 510
(1139, 472) 511
(1139, 472) 512
(1139, 472) 513
(1139, 472) 514
(1142, 471) 515
(1148, 470) 516
(1155, 469) 517
(1160, 468) 518
(1165, 467) 519
(1169, 466) 520
(1173, 465) 521
(1176, 464) 522
(1179, 464) 523
(1181, 463) 524
(1182, 463) 525
(1183, 462) 526
(1184, 462) 527
(1185, 462) 528
(1185, 462) 529
(1182, 461) 530
(1175, 460) 531
(1168, 459) 532
(1158, 458) 533
(524, 447) 484
(516, 447) 485
(514, 447) 486
(512, 447) 487
(510, 447) 488
(509, 447) 489
(508, 447) 490
(506, 447) 491
(505, 447) 492
(504, 447) 493
(503, 447) 494
(503, 447) 495
(509, 447) 496
(519, 447) 497
(529, 447) 498
(537, 447) 499
(545, 447) 500
(552, 447) 501
(558, 447) 502
(564, 447) 503
(569, 447) 504
(577, 447) 505
(583, 448) 506
(588, 448) 507
(593, 449) 508
(597, 449) 509
(597, 449) 510
(597, 449) 511
(596, 450) 512
(596, 450) 513
(595, 450) 514
(595, 450) 515
(594, 450) 516
(594, 450) 517
(591, 451) 518
(580, 451) 519
(570, 451) 520
(561, 452) 521
(553, 452) 522
(550, 453) 523
(548, 453) 524
(546, 453) 525
(541, 453) 526
(539, 453) 527
(535, 453) 528
(525, 453) 529
(516, 453) 530
(511, 453) 531
(506, 454) 532
(501, 454) 533
(497, 455) 534
(491, 455) 535
(486, 456) 536
(480, 456) 537
(479, 457) 538
(477, 458) 539
(475, 459) 540
(475, 460) 541
(473, 461) 542
(470, 461) 543
(467, 462) 544
(461, 463) 545
(465, 464) 546
(467, 465) 547
(472, 465) 548
(476, 465) 549
(481, 465) 550
(480, 466) 551
(483, 466) 552
(484, 466) 553
(483, 467) 554
(483, 468) 555
(486, 468) 556
(489, 468) 557
(492, 469) 558
(495, 470) 559
(498, 470) 560
(499, 471) 561
(500, 471) 562
(500, 472) 563
(500, 472) 564
(500, 472) 565
(499, 472) 566
(496, 472) 567
(493, 472) 568
(489, 472) 569
(485, 472) 570
(482, 472) 571
(479, 472) 572
(477, 472) 573
(476, 472) 574
(475, 472) 575
(475, 472) 576
(475, 471) 577
(474, 471) 578
(470, 471) 579
(473, 471) 580
(474, 470) 581
(474, 470) 582
(474, 470) 583
(475, 470) 584
(476, 469) 585
(476, 469) 586
(477, 469) 587
(478, 469) 588
(478, 468) 589
(474, 468) 590
(470, 468) 591
(467, 468) 592
(466, 469) 593
(466, 469) 594
(466, 469) 595
(466, 469) 596
(467, 469) 597
(462, 469) 598
(463, 469) 599
(459, 469) 600
(455, 469) 601
(457, 469) 602
(460, 469) 603
(462, 469) 604
(466, 469) 605
(468, 469) 606
(470, 469) 607
(471, 469) 608
(472, 469) 609
(473, 470) 610
(474, 470) 611
(475, 470) 612
(476, 470) 613
(476, 470) 614
(477, 470) 615
(477, 470) 616
(478, 470) 617
(476, 470) 618
(475, 470) 619
(474, 470) 620
(466, 470) 621
(458, 470) 622
(452, 471) 623
(443, 471) 624
(440, 471) 625
(436, 471) 626
(429, 471) 627
(423, 471) 628
(417, 471) 629
(412, 471) 630
(407, 472) 631
(408, 472) 632
(408, 472) 633
(410, 472) 634
(411, 472) 635
(411, 472) 636
(403, 472) 637
(397, 472) 638
(390, 472) 639
(385, 473) 640
(380, 473) 641
(376, 473) 642
(372, 473) 643
(368, 474) 644
(365, 474) 645
(362, 474) 646
(359, 474) 647
(1399, 653) 506
(1399, 652) 507
(1400, 652) 508
(1403, 652) 509
(1401, 652) 510
(1400, 652) 511
(1398, 652) 512
(1395, 652) 513
(1391, 652) 514
(1389, 652) 515
(1386, 652) 516
(1384, 651) 517
(1383, 651) 518
(1382, 650) 519
(1382, 650) 520
(1381, 649) 521
(1380, 649) 522
(1380, 649) 523
(1380, 648) 524
(1379, 648) 525
(1379, 647) 526
(1379, 647) 527
(1384, 646) 528
(1389, 646) 529
(1394, 645) 530
(1398, 645) 531
(1402, 644) 532
(1405, 644) 533
(1409, 643) 534
(1411, 643) 535
(1414, 642) 536
(1416, 642) 537
(1418, 641) 538
(1420, 641) 539
(1421, 641) 540
(1423, 640) 541
(1424, 640) 542
(1425, 639) 543
(1425, 639) 544
(1424, 640) 545
(1422, 640) 546
(1420, 641) 547
(1419, 642) 548
(1417, 642) 549
(1416, 643) 550
(1415, 643) 551
(1414, 644) 552
(1413, 645) 553
(1412, 645) 554
(1411, 646) 555
(1411, 646) 556
(1411, 647) 557
(1410, 647) 558
(1409, 648) 559
(1406, 648) 560
(1404, 649) 561
(1402, 650) 562
(1402, 650) 563
(1400, 651) 564
(1398, 651) 565
(1395, 652) 566
(1390, 652) 567
(1391, 652) 568
(1391, 652) 569
(1390, 653) 570
(1388, 653) 571
(1387, 653) 572
(1385, 653) 573
(1383, 653) 574
(1382, 653) 575
(1380, 653) 576
(1378, 653) 577
(1377, 653) 578
(1376, 653) 579
(1374, 654) 580
(1373, 654) 581
(1423, 420) 506
(1423, 420) 507
(1424, 420) 508
(1425, 419) 509
(1427, 419) 510
(1428, 418) 511
(1430, 418) 512
(1436, 418) 513
(1437, 417) 514
(1437, 417) 515
(1438, 416) 516
(1438, 415) 517
(1438, 415) 518
(1437, 414) 519
(1436, 413) 520
(1435, 412) 521
(1435, 412) 522
(1434, 411) 523
(1435, 412) 524
(1435, 412) 525
(1428, 413) 526
(1421, 413) 527
(1415, 414) 528
(1410, 414) 529
(1409, 415) 530
(1407, 417) 531
(1406, 418) 532
(1406, 420) 533
(1406, 421) 534
(1405, 423) 535
(1404, 425) 536
(1403, 426) 537
(1404, 428) 538
(1403, 429) 539
(1402, 430) 540
(1400, 430) 541
(1398, 432) 542
(1399, 433) 543
(1400, 435) 544
(1402, 437) 545
(1404, 439) 546
(1405, 441) 547
(1406, 443) 548
(1407, 445) 549
(1408, 447) 550
(1409, 449) 551
(1410, 450) 552
(1411, 452) 553
(1411, 454) 554
(1412, 455) 555
(1412, 457) 556
(1413, 458) 557
(1413, 460) 558
(1414, 461) 559
(1414, 463) 560
(1414, 463) 561
(1414, 462) 562
(1414, 461) 563
(1413, 460) 564
(1413, 459) 565
(1414, 459) 566
(1416, 458) 567
(1418, 458) 568
(1421, 459) 569
(1425, 459) 570
(1429, 459) 571
(1432, 460) 572
(1436, 460) 573
(1438, 460) 574
(1440, 460) 575
(1440, 460) 576
(1438, 461) 577
(1435, 462) 578
(1433, 462) 579
(1433, 462) 580
(1434, 463) 581
(1433, 463) 582
(1431, 464) 583
(1426, 464) 584
(1425, 465) 585
(1425, 465) 586
(1425, 465) 587
(1426, 464) 588
(1426, 464) 589
(1423, 464) 590
(1419, 465) 591
(1415, 466) 592
(1415, 466) 593
(1417, 466) 594
(1419, 465) 595
(1421, 464) 596
(1423, 463) 597
(1423, 463) 598
(1421, 463) 599
(1419, 465) 600
(1416, 466) 601
(1414, 468) 602
(1412, 469) 603
(1411, 471) 604
(1411, 471) 605
(1416, 470) 606
(1416, 470) 607
(1416, 469) 608
(1416, 468) 609
(1416, 468) 610
(1416, 467) 611
(1416, 466) 612
(1416, 466) 613
(1417, 465) 614
(1417, 465) 615
(1417, 464) 616
(1417, 464) 617
(1417, 463) 618
(1417, 463) 619
(1417, 462) 620
(1417, 462) 621
(1419, 462) 622
(1419, 463) 623
(1421, 463) 624
(1422, 463) 625
(1423, 463) 626
(1430, 463) 627
(1430, 463) 628
(1429, 464) 629
(1427, 465) 630
(1425, 466) 631
(1422, 467) 632
(1418, 467) 633
(1420, 467) 634
(1422, 467) 635
(1424, 466) 636
(1425, 466) 637
(1427, 466) 638
(1427, 466) 639
(1427, 466) 640
(1428, 466) 641
(1430, 466) 642
(1433, 465) 643
(1434, 465) 644
(1436, 465) 645
(1436, 464) 646
(1435, 465) 647
(1433, 466) 648
(1431, 466) 649
(1430, 467) 650
(1429, 467) 651
(1428, 467) 652
(1426, 468) 653
(1426, 468) 654
(1427, 468) 655
(1429, 468) 656
(1430, 468) 657
(1432, 468) 658
(1435, 468) 659
(1438, 467) 660
(1444, 467) 661
(1449, 466) 662
(1453, 466) 663
(1455, 465) 664
(1456, 464) 665
(1453, 464) 666
(1450, 464) 667
(1445, 464) 668
(1444, 463) 669
(1441, 463) 670
(1439, 463) 671
(1439, 463) 672
(1439, 462) 673
(1442, 461) 674
(1445, 460) 675
(1446, 459) 676
(1446, 458) 677
(1443, 458) 678
(1444, 458) 679
(1450, 458) 680
(1454, 458) 681
(1457, 458) 682
(1459, 458) 683
(1460, 457) 684
(1460, 457) 685
(1460, 457) 686
(1460, 457) 687
(1460, 457) 688
(1460, 456) 689
(1460, 456) 690
(1460, 456) 691
(1461, 455) 692
(1461, 455) 693
(1461, 454) 694
(1459, 454) 695
(195, 451) 523
(195, 451) 524
(194, 451) 525
(193, 451) 526
(192, 451) 527
(190, 451) 528
(190, 451) 529
(189, 451) 530
(186, 451) 531
(183, 451) 532
(180, 452) 533
(177, 452) 534
(173, 452) 535
(169, 452) 536
(166, 452) 537
(162, 452) 538
(158, 452) 539
(154, 452) 540
(150, 452) 541
(146, 452) 542
(145, 453) 543
(143, 453) 544
(140, 453) 545
(138, 453) 546
(135, 453) 547
(126, 453) 548
(118, 453) 549
(111, 453) 550
(101, 452) 551
(91, 452) 552
(82, 452) 553
(74, 452) 554
(66, 452) 555
(58, 451) 556
(51, 451) 557
(44, 451) 558
(38, 451) 559
(32, 451) 560
(27, 450) 561
(21, 450) 562
(17, 450) 563
(15, 450) 564
(13, 449) 565
(11, 449) 566
(9, 449) 567
(9, 449) 568
(1937, 448) 569
(1925, 448) 570
(1914, 448) 571
(1904, 448) 572
(1895, 448) 573
(1887, 448) 574
(1881, 447) 575
(1875, 447) 576
(1870, 447) 577
(1867, 447) 578
(1864, 447) 579
(1861, 447) 580
(1859, 447) 581
(1856, 447) 582
(1855, 446) 583
(1853, 446) 584
(1852, 446) 585
(1852, 446) 586
(1857, 446) 587
(1864, 447) 588
(1870, 447) 589
(1875, 448) 590
(1881, 448) 591
(1886, 449) 592
(1889, 449) 593
(1892, 450) 594
(1895, 451) 595
(1898, 451) 596
(1900, 452) 597
(1902, 452) 598
(1904, 453) 599
(1906, 454) 600
(1907, 455) 601
(1908, 455) 602
(1909, 456) 603
(1910, 457) 604
(1910, 458) 605
