(890, 495) 20
(890, 495) 21
(891, 494) 22
(890, 494) 23
(890, 493) 24
(889, 493) 25
(889, 493) 26
(888, 493) 27
(887, 493) 28
(886, 493) 29
(885, 492) 30
(883, 491) 31
(884, 491) 32
(884, 490) 33
(885, 490) 34
(886, 490) 35
(886, 489) 36
(884, 489) 37
(885, 488) 38
(886, 488) 39
(885, 487) 40
(879, 485) 41
(874, 483) 42
(866, 482) 43
(857, 480) 44
(855, 478) 45
(852, 476) 46
(848, 474) 47
(841, 473) 48
(831, 472) 49
(827, 472) 50
(825, 473) 51
(825, 473) 52
(827, 473) 53
(827, 474) 54
(823, 475) 55
(823, 475) 56
(824, 476) 57
(829, 477) 58
(834, 478) 59
(838, 479) 60
(841, 480) 61
(845, 482) 62
(848, 483) 63
(851, 485) 64
(853, 486) 65
(856, 488) 66
(858, 489) 67
(860, 490) 68
(862, 492) 69
(863, 493) 70
(871, 495) 71
(878, 497) 72
(884, 499) 73
(889, 500) 74
(894, 502) 75
(898, 504) 76
(901, 506) 77
(906, 507) 78
(910, 509) 79
(914, 510) 80
(918, 513) 81
(921, 515) 82
(923, 515) 83
(924, 515) 84
(925, 515) 85
(926, 515) 86
(927, 515) 87
(927, 515) 88
(924, 515) 89
(920, 513) 90
(920, 513) 91
(921, 513) 92
(921, 513) 93
(922, 513) 94
(922, 513) 95
(922, 515) 96
(919, 516) 97
(915, 517) 98
(915, 518) 99
(915, 520) 100
(919, 523) 101
(922, 525) 102
(925, 528) 103
(927, 530) 104
(930, 532) 105
(932, 534) 106
(934, 536) 107
(935, 539) 108
(935, 541) 109
(935, 543) 110
(934, 547) 111
(933, 550) 112
(931, 553) 113
(931, 556) 114
(930, 559) 115
(922, 561) 116
(910, 563) 117
(899, 565) 118
(889, 567) 119
(884, 570) 120
(874, 572) 121
(869, 574) 122
(864, 576) 123
(853, 578) 124
(851, 580) 125
(848, 582) 126
(845, 583) 127
(843, 585) 128
(841, 587) 129
(839, 588) 130
(837, 590) 131
(828, 592) 132
(821, 594) 133
(812, 597) 134
(804, 599) 135
(797, 602) 136
(791, 605) 137
(785, 607) 138
(780, 609) 139
(778, 612) 140
(777, 614) 141
(777, 617) 142
(777, 619) 143
(779, 621) 144
(778, 624) 145
(778, 626) 146
(781, 627) 147
(784, 629) 148
(786, 630) 149
(786, 631) 150
(789, 633) 151
(793, 634) 152
(797, 634) 153
(801, 635) 154
(812, 635) 155
(825, 635) 156
(835, 635) 157
(843, 635) 158
(848, 636) 159
(854, 637) 160
(857, 638) 161
(860, 638) 162
(863, 638) 163
(862, 639) 164
(862, 640) 165
(862, 641) 166
(866, 642) 167
(865, 643) 168
(864, 644) 169
(863, 645) 170
(863, 646) 171
(863, 647) 172
(863, 647) 173
(865, 648) 174
(865, 648) 175
(866, 649) 176
(868, 649) 177
(870, 650) 178
(871, 650) 179
(872, 650) 180
(873, 650) 181
(874, 651) 182
(875, 651) 183
(868, 651) 184
(866, 652) 185
(863, 652) 186
(859, 653) 187
(856, 654) 188
(854, 654) 189
(851, 655) 190
(849, 655) 191
(847, 656) 192
(846, 657) 193
(845, 657) 194
(849, 659) 195
(853, 660) 196
(856, 661) 197
(859, 662) 198
(863, 663) 199
(868, 663) 200
(871, 663) 201
(875, 663) 202
(881, 663) 203
(887, 663) 204
(893, 664) 205
(899, 664) 206
(904, 664) 207
(907, 665) 208
(907, 666) 209
(907, 666) 210
(906, 667) 211
(906, 668) 212
(906, 669) 213
(909, 669) 214
(913, 669) 215
(914, 669) 216
(915, 669) 217
(915, 669) 218
(916, 669) 219
(917, 669) 220
(917, 669) 221
(918, 669) 222
(918, 669) 223
(919, 669) 224
(919, 669) 225
(919, 669) 226
(919, 669) 227
(915, 668) 228
(906, 667) 229
(896, 666) 230
(887, 665) 231
(881, 664) 232
(871, 665) 233
(862, 666) 234
(856, 666) 235
(849, 666) 236
(839, 666) 237
(832, 665) 238
(826, 666) 239
(825, 667) 240
(823, 668) 241
(821, 670) 242
(817, 671) 243
(813, 672) 244
(809, 674) 245
(802, 674) 246
(796, 674) 247
(783, 674) 248
(771, 675) 249
(761, 676) 250
(750, 677) 251
(738, 678) 252
(726, 680) 253
(714, 681) 254
(707, 682) 255
(700, 683) 256
(693, 684) 257
(686, 685) 258
(678, 686) 259
(670, 688) 260
(662, 689) 261
(1102, 318) 49
(1103, 318) 50
(1104, 319) 51
(1107, 319) 52
(1109, 320) 53
(1113, 320) 54
(1113, 321) 55
(1113, 321) 56
(1113, 322) 57
(1112, 322) 58
(1109, 322) 59
(1107, 323) 60
(1105, 323) 61
(1103, 323) 62
(1101, 323) 63
(1100, 324) 64
(1099, 324) 65
(1098, 324) 66
(1097, 325) 67
(1093, 326) 68
(1090, 327) 69
(1090, 328) 70
(1090, 329) 71
(1092, 331) 72
(1094, 332) 73
(1093, 332) 74
(1093, 332) 75
(1092, 332) 76
(1088, 332) 77
(1084, 332) 78
(1080, 332) 79
(1076, 332) 80
(1073, 332) 81
(1070, 332) 82
(1068, 332) 83
(1066, 332) 84
(1064, 332) 85
(1062, 332) 86
(1060, 332) 87
(1059, 332) 88
(1057, 332) 89
(1056, 332) 90
(1055, 332) 91
(1054, 332) 92
(1053, 332) 93
(1053, 332) 94
(1053, 332) 95
(1053, 332) 96
(1055, 332) 97
(1056, 332) 98
(1057, 332) 99
(1059, 332) 100
(1060, 332) 101
(1061, 333) 102
(1062, 333) 103
(1063, 333) 104
(1064, 333) 105
(1065, 333) 106
(1065, 333) 107
(1062, 334) 108
(1059, 335) 109
(1055, 336) 110
(1053, 337) 111
(1050, 338) 112
(1048, 339) 113
(1046, 339) 114
(1044, 340) 115
(1047, 341) 116
(1049, 341) 117
(1052, 342) 118
(1055, 342) 119
(1058, 343) 120
(1060, 343) 121
(1062, 344) 122
(1063, 344) 123
(1066, 345) 124
(1068, 345) 125
(1071, 346) 126
(1073, 346) 127
(1075, 347) 128
(1077, 347) 129
(1079, 347) 130
(1081, 347) 131
(1082, 347) 132
(1084, 347) 133
(1084, 347) 134
(1082, 347) 135
(1081, 348) 136
(1079, 349) 137
(1076, 349) 138
(1070, 350) 139
(1065, 350) 140
(1063, 351) 141
(1061, 351) 142
(1056, 352) 143
(1052, 353) 144
(1049, 353) 145
(1049, 353) 146
(1054, 353) 147
(1060, 354) 148
(1066, 355) 149
(1071, 356) 150
(1077, 356) 151
(1079, 356) 152
(1080, 356) 153
(1082, 355) 154
(1083, 355) 155
(1087, 356) 156
(1086, 356) 157
(1087, 355) 158
(1087, 355) 159
(1088, 355) 160
(1095, 356) 161
(1103, 357) 162
(1111, 358) 163
(1117, 360) 164
(1123, 361) 165
(1129, 362) 166
(1134, 363) 167
(1138, 364) 168
(1142, 365) 169
(1146, 367) 170
(1149, 368) 171
(1152, 369) 172
(1154, 370) 173
(1157, 371) 174
(1159, 372) 175
(1161, 373) 176
(1162, 374) 177
(1162, 375) 178
(1161, 374) 179
(1159, 374) 180
(1157, 374) 181
(1155, 374) 182
(1153, 374) 183
(1153, 373) 184
(1153, 373) 185
(1154, 373) 186
(1153, 373) 187
(1153, 373) 188
(1153, 372) 189
(1153, 372) 190
(1149, 371) 191
(1145, 371) 192
(1143, 370) 193
(1146, 370) 194
(1144, 369) 195
(1140, 369) 196
(1136, 369) 197
(1131, 369) 198
(1124, 369) 199
(1122, 368) 200
(1120, 368) 201
(1118, 368) 202
(1115, 368) 203
(1113, 368) 204
(1111, 368) 205
(1108, 368) 206
(1107, 368) 207
(1105, 368) 208
(1103, 368) 209
(1102, 368) 210
(1100, 368) 211
(1098, 369) 212
(1097, 369) 213
(1097, 368) 214
(1096, 368) 215
(1096, 368) 216
(1095, 367) 217
(1090, 367) 218
(1087, 366) 219
(1083, 366) 220
(1080, 366) 221
(1077, 366) 222
(1078, 365) 223
(1078, 365) 224
(1077, 364) 225
(1075, 364) 226
(1075, 364) 227
(1075, 363) 228
(1072, 363) 229
(1069, 363) 230
(1067, 362) 231
(1065, 362) 232
(1067, 362) 233
(1068, 362) 234
(1070, 362) 235
(1071, 362) 236
(1073, 362) 237
(1074, 362) 238
(1076, 362) 239
(1077, 362) 240
(1078, 362) 241
(1079, 362) 242
(1079, 362) 243
(1073, 363) 244
(1067, 363) 245
(1062, 364) 246
(1058, 364) 247
(1054, 365) 248
(1052, 367) 249
(1051, 368) 250
(1049, 371) 251
(1046, 373) 252
(1044, 375) 253
(1043, 377) 254
(1042, 380) 255
(1041, 382) 256
(1037, 384) 257
(1032, 387) 258
(1028, 389) 259
(1024, 393) 260
(1020, 396) 261
(1015, 400) 262
(1013, 404) 263
(1012, 407) 264
(1012, 411) 265
(1012, 415) 266
(1012, 418) 267
(1013, 422) 268
(1015, 425) 269
(1016, 428) 270
(1020, 431) 271
(1024, 433) 272
(1035, 437) 273
(1044, 440) 274
(1053, 443) 275
(1060, 446) 276
(1067, 449) 277
(1073, 452) 278
(1079, 455) 279
(1084, 458) 280
(1088, 460) 281
(1092, 463) 282
(1096, 466) 283
(1099, 468) 284
(1102, 471) 285
(1105, 473) 286
(1107, 476) 287
(1109, 478) 288
(1111, 481) 289
(1113, 483) 290
(1113, 485) 291
(1111, 488) 292
(1110, 490) 293
(1109, 492) 294
(1109, 494) 295
(1109, 496) 296
(1109, 498) 297
(1110, 500) 298
(1111, 502) 299
(1110, 502) 300
(1109, 503) 301
(1109, 503) 302
(1108, 504) 303
(1108, 504) 304
(1108, 504) 305
(1103, 503) 306
(1099, 502) 307
(1099, 501) 308
(1098, 500) 309
(1096, 500) 310
(1094, 499) 311
(1093, 499) 312
(1093, 499) 313
(1922, 647) 65
(1924, 647) 66
(1924, 647) 67
(1923, 646) 68
(1920, 645) 69
(1917, 644) 70
(1913, 643) 71
(1913, 642) 72
(1917, 641) 73
(1917, 639) 74
(1917, 638) 75
(1917, 637) 76
(1918, 635) 77
(1918, 634) 78
(1918, 633) 79
(1918, 632) 80
(1918, 631) 81
(1918, 629) 82
(1917, 628) 83
(1917, 628) 84
(1917, 627) 85
(1917, 626) 86
(1920, 626) 87
(1920, 625) 88
(1921, 623) 89
(1924, 619) 90
(1923, 616) 91
(7, 613) 92
(8, 610) 93
(8, 609) 94
(9, 607) 95
(10, 607) 96
(11, 608) 97
(11, 608) 98
(10, 608) 99
(9, 607) 100
(9, 607) 101
(1927, 608) 102
(1926, 608) 103
(1925, 608) 104
(1924, 608) 105
(1923, 608) 106
(1921, 608) 107
(1920, 609) 108
(1920, 609) 109
(1920, 609) 110
(1920, 609) 111
(1920, 609) 112
(1920, 609) 113
(1919, 610) 114
(1920, 610) 115
(1920, 610) 116
(1920, 611) 117
(1921, 612) 118
(1922, 613) 119
(1923, 614) 120
(1924, 614) 121
(1930, 615) 122
(1929, 616) 123
(1928, 617) 124
(1929, 618) 125
(1929, 619) 126
(11, 620) 127
(14, 621) 128
(22, 623) 129
(32, 625) 130
(40, 627) 131
(48, 629) 132
(55, 631) 133
(61, 633) 134
(67, 635) 135
(72, 637) 136
(77, 639) 137
(81, 641) 138
(84, 642) 139
(88, 644) 140
(91, 646) 141
(93, 648) 142
(96, 649) 143
(98, 651) 144
(100, 652) 145
(102, 654) 146
(102, 655) 147
(99, 657) 148
(96, 659) 149
(94, 661) 150
(92, 663) 151
(91, 665) 152
(90, 666) 153
(89, 668) 154
(88, 670) 155
(87, 672) 156
(87, 673) 157
(87, 675) 158
(88, 677) 159
(90, 678) 160
(92, 680) 161
(93, 682) 162
(95, 683) 163
(96, 685) 164
(104, 687) 165
(113, 689) 166
(121, 690) 167
(131, 692) 168
(140, 694) 169
(148, 696) 170
(155, 697) 171
(161, 699) 172
(169, 701) 173
(700, 624) 169
(700, 624) 170
(706, 623) 171
(711, 623) 172
(716, 623) 173
(721, 623) 174
(725, 622) 175
(728, 622) 176
(731, 622) 177
(736, 622) 178
(740, 622) 179
(740, 622) 180
(738, 622) 181
(739, 623) 182
(744, 624) 183
(749, 624) 184
(753, 625) 185
(757, 626) 186
(760, 627) 187
(763, 628) 188
(766, 628) 189
(766, 629) 190
(764, 630) 191
(759, 630) 192
(756, 630) 193
(752, 630) 194
(751, 630) 195
(751, 629) 196
(751, 628) 197
(755, 627) 198
(760, 626) 199
(764, 625) 200
(767, 624) 201
(771, 622) 202
(773, 621) 203
(776, 620) 204
(778, 619) 205
(781, 618) 206
(782, 617) 207
(784, 616) 208
(786, 615) 209
(787, 614) 210
(788, 614) 211
(791, 614) 212
(798, 613) 213
(805, 612) 214
(812, 611) 215
(818, 610) 216
(825, 610) 217
(832, 609) 218
(838, 608) 219
(844, 608) 220
(849, 607) 221
(853, 607) 222
(858, 606) 223
(861, 606) 224
(861, 606) 225
(860, 606) 226
(856, 606) 227
(853, 607) 228
(850, 607) 229
(848, 607) 230
(845, 608) 231
(843, 608) 232
(841, 608) 233
(843, 608) 234
(26, 548) 217
(25, 548) 218
(24, 548) 219
(24, 547) 220
(25, 547) 221
(26, 547) 222
(27, 548) 223
(28, 548) 224
(30, 548) 225
(29, 548) 226
(28, 548) 227
(27, 550) 228
(26, 552) 229
(24, 553) 230
(23, 556) 231
(21, 557) 232
(19, 559) 233
(17, 560) 234
(16, 562) 235
(15, 563) 236
(14, 564) 237
(12, 566) 238
(11, 567) 239
(10, 568) 240
(10, 569) 241
(1927, 570) 242
(1927, 570) 243
(1926, 572) 244
(1926, 573) 245
(1925, 574) 246
(1925, 576) 247
(1925, 577) 248
(1925, 577) 249
(1925, 577) 250
(1925, 577) 251
(1924, 577) 252
(1924, 578) 253
(1924, 578) 254
(1924, 579) 255
(1924, 579) 256
(1923, 580) 257
(1922, 580) 258
(1921, 581) 259
(1920, 582) 260
(1920, 585) 261
(1920, 587) 262
(1920, 589) 263
(1920, 591) 264
(1920, 593) 265
(1920, 595) 266
(1920, 597) 267
(1920, 599) 268
(1920, 601) 269
(1920, 603) 270
(1920, 605) 271
(1920, 607) 272
(1918, 607) 273
(1917, 607) 274
(1916, 608) 275
(1916, 608) 276
(1916, 608) 277
(1915, 608) 278
(1915, 609) 279
(1915, 609) 280
(1916, 609) 281
(1916, 610) 282
(1916, 610) 283
(1916, 612) 284
(1916, 613) 285
(1915, 614) 286
(1915, 614) 287
(1916, 612) 288
(1916, 612) 289
(1915, 613) 290
(1915, 613) 291
(1916, 614) 292
(1916, 614) 293
(1917, 615) 294
(1917, 615) 295
(1915, 616) 296
(1916, 617) 297
(1919, 618) 298
(1921, 618) 299
(1923, 618) 300
(1924, 619) 301
(1925, 619) 302
(1926, 620) 303
(1928, 620) 304
(1928, 620) 305
(1929, 620) 306
(1929, 620) 307
(11, 620) 308
(13, 620) 309
(13, 620) 310
(12, 620) 311
(12, 619) 312
(1931, 619) 313
(1930, 618) 314
(1928, 617) 315
(1928, 617) 316
(1928, 616) 317
(9, 616) 318
(9, 615) 319
(1932, 614) 320
(1928, 613) 321
(1925, 613) 322
(1923, 612) 323
(1917, 611) 324
(1911, 609) 325
(1907, 608) 326
(1907, 607) 327
(1907, 606) 328
(1906, 605) 329
(1906, 604) 330
(1906, 603) 331
(1903, 602) 332
(1903, 601) 333
(1903, 601) 334
(1903, 600) 335
(1903, 599) 336
(1902, 598) 337
(1902, 597) 338
(1900, 596) 339
(1899, 596) 340
(1896, 596) 341
(1894, 595) 342
(1893, 595) 343
(1892, 595) 344
(1890, 594) 345
(1890, 594) 346
(1892, 594) 347
(1891, 593) 348
(1891, 592) 349
(1888, 591) 350
(1886, 590) 351
(1884, 589) 352
(1885, 588) 353
(1886, 588) 354
(1889, 587) 355
(1892, 587) 356
(1894, 586) 357
(1896, 586) 358
(1897, 585) 359
(1896, 585) 360
(1896, 585) 361
(1894, 585) 362
(1895, 584) 363
(1895, 584) 364
(1896, 584) 365
(1897, 584) 366
(1898, 583) 367
(1899, 582) 368
(1899, 582) 369
(1900, 581) 370
(1900, 580) 371
(1901, 579) 372
(1903, 577) 373
(1906, 576) 374
(1907, 575) 375
(1907, 574) 376
(1907, 572) 377
(1906, 570) 378
(1906, 569) 379
(1907, 569) 380
(1908, 569) 381
(1909, 569) 382
(1910, 569) 383
(1911, 569) 384
(1910, 571) 385
(1910, 572) 386
(1910, 574) 387
(1909, 575) 388
(1909, 577) 389
(1908, 579) 390
(1908, 580) 391
(1909, 582) 392
(1910, 583) 393
(1911, 585) 394
(1911, 586) 395
(1912, 588) 396
(1912, 589) 397
(1913, 590) 398
(1915, 592) 399
(1916, 594) 400
(1916, 596) 401
(1917, 598) 402
(1918, 599) 403
(1919, 601) 404
(1919, 602) 405
(1921, 603) 406
(1921, 604) 407
(1920, 605) 408
(1919, 604) 409
(1918, 605) 410
(1917, 605) 411
(1920, 606) 412
(1924, 607) 413
(1926, 609) 414
(1925, 610) 415
(1925, 612) 416
(1923, 614) 417
(1922, 616) 418
(1921, 618) 419
(1919, 620) 420
(1918, 622) 421
(1917, 624) 422
(1917, 625) 423
(1917, 627) 424
(1916, 629) 425
(1916, 630) 426
(1917, 632) 427
(1917, 633) 428
(1918, 634) 429
(1918, 635) 430
(1919, 637) 431
(1919, 638) 432
(1919, 639) 433
(1920, 640) 434
(1920, 641) 435
(1919, 642) 436
(1918, 643) 437
(1917, 644) 438
(1917, 645) 439
(1915, 646) 440
(1913, 647) 441
(1910, 647) 442
(1908, 647) 443
(1906, 647) 444
(1904, 647) 445
(1902, 647) 446
(1899, 646) 447
(1897, 645) 448
(1894, 642) 449
(1896, 641) 450
(1897, 639) 451
(1898, 637) 452
(1898, 636) 453
(1900, 634) 454
(1902, 633) 455
(1904, 631) 456
(1905, 629) 457
(1906, 628) 458
(1908, 626) 459
(1907, 624) 460
(1903, 623) 461
(1898, 621) 462
(1893, 620) 463
(1889, 619) 464
(1885, 618) 465
(1881, 617) 466
(1881, 615) 467
(1881, 614) 468
(1885, 613) 469
(1888, 612) 470
(1892, 611) 471
(1895, 611) 472
(1898, 610) 473
(1902, 609) 474
(1906, 608) 475
(1910, 607) 476
(1912, 607) 477
(1916, 606) 478
(1919, 605) 479
(1921, 604) 480
(1921, 604) 481
(10, 603) 482
(13, 604) 483
(15, 604) 484
(16, 604) 485
(17, 604) 486
(18, 605) 487
(20, 605) 488
(22, 606) 489
(24, 607) 490
(25, 608) 491
(26, 608) 492
(27, 609) 493
(27, 609) 494
(26, 610) 495
(24, 610) 496
(21, 610) 497
(20, 611) 498
(20, 611) 499
(20, 612) 500
(20, 612) 501
(20, 613) 502
(20, 613) 503
(19, 614) 504
(19, 614) 505
(20, 615) 506
(20, 616) 507
(17, 616) 508
(16, 617) 509
(15, 617) 510
(15, 618) 511
(14, 619) 512
(14, 619) 513
(14, 620) 514
(1931, 621) 515
(1927, 623) 516
(854, 421) 218
(854, 421) 219
(854, 421) 220
(854, 421) 221
(854, 421) 222
(854, 421) 223
(854, 421) 224
(846, 421) 225
(839, 421) 226
(833, 421) 227
(828, 420) 228
(823, 420) 229
(818, 420) 230
(814, 420) 231
(808, 419) 232
(803, 417) 233
(798, 416) 234
(794, 415) 235
(791, 414) 236
(787, 412) 237
(784, 411) 238
(781, 410) 239
(779, 409) 240
(777, 408) 241
(775, 407) 242
(773, 406) 243
(771, 405) 244
(770, 404) 245
(768, 403) 246
(768, 402) 247
(770, 400) 248
(772, 397) 249
(774, 395) 250
(773, 392) 251
(772, 389) 252
(771, 385) 253
(770, 382) 254
(771, 379) 255
(772, 377) 256
(774, 374) 257
(777, 371) 258
(780, 368) 259
(783, 366) 260
(786, 363) 261
(789, 361) 262
(799, 359) 263
(802, 357) 264
(805, 355) 265
(809, 354) 266
(810, 354) 267
(810, 354) 268
(805, 354) 269
(800, 354) 270
(795, 354) 271
(791, 354) 272
(788, 354) 273
(784, 354) 274
(784, 353) 275
(789, 353) 276
(787, 353) 277
(785, 352) 278
(784, 352) 279
(782, 352) 280
(781, 351) 281
(780, 351) 282
(779, 351) 283
(777, 351) 284
(775, 351) 285
(773, 351) 286
(771, 351) 287
(767, 353) 288
(764, 354) 289
(759, 356) 290
(755, 358) 291
(752, 360) 292
(750, 363) 293
(750, 364) 294
(749, 366) 295
(748, 368) 296
(747, 370) 297
(747, 372) 298
(745, 375) 299
(740, 379) 300
(735, 383) 301
(731, 388) 302
(721, 392) 303
(715, 395) 304
(703, 398) 305
(692, 402) 306
(680, 405) 307
(669, 408) 308
(660, 411) 309
(652, 414) 310
(649, 417) 311
(647, 421) 312
(646, 424) 313
(644, 427) 314
(642, 430) 315
(641, 433) 316
(639, 436) 317
(637, 438) 318
(635, 441) 319
(633, 443) 320
(631, 446) 321
(1248, 197) 225
(1248, 197) 226
(1250, 197) 227
(1251, 197) 228
(1254, 197) 229
(1257, 196) 230
(1260, 196) 231
(1262, 196) 232
(1264, 196) 233
(1266, 196) 234
(1266, 196) 235
(1266, 197) 236
(1265, 198) 237
(1266, 199) 238
(1266, 200) 239
(1265, 201) 240
(1264, 203) 241
(1264, 204) 242
(1263, 205) 243
(1262, 206) 244
(1262, 207) 245
(1261, 208) 246
(1261, 210) 247
(1261, 211) 248
(1260, 212) 249
(1260, 213) 250
(1260, 214) 251
(1259, 215) 252
(1259, 216) 253
(1259, 217) 254
(1254, 217) 255
(1245, 219) 256
(1242, 220) 257
(1241, 222) 258
(1240, 223) 259
(1239, 224) 260
(1240, 225) 261
(1245, 227) 262
(1258, 227) 263
(1270, 228) 264
(1280, 228) 265
(1290, 229) 266
(1302, 230) 267
(1313, 231) 268
(1320, 233) 269
(1326, 235) 270
(1333, 236) 271
(1340, 238) 272
(1346, 239) 273
(1353, 240) 274
(1360, 241) 275
(1366, 242) 276
(1372, 243) 277
(1378, 243) 278
(1390, 243) 279
(1400, 243) 280
(1410, 242) 281
(1422, 242) 282
(1432, 242) 283
(1443, 242) 284
(1453, 241) 285
(388, 605) 227
(387, 604) 228
(386, 604) 229
(386, 604) 230
(387, 604) 231
(388, 604) 232
(389, 604) 233
(389, 604) 234
(388, 604) 235
(386, 604) 236
(377, 603) 237
(369, 603) 238
(362, 602) 239
(355, 601) 240
(348, 601) 241
(341, 600) 242
(335, 599) 243
(329, 598) 244
(323, 597) 245
(318, 596) 246
(314, 595) 247
(310, 594) 248
(306, 594) 249
(303, 593) 250
(300, 592) 251
(297, 591) 252
(295, 590) 253
(293, 590) 254
(291, 589) 255
(289, 588) 256
(288, 587) 257
(286, 587) 258
(282, 587) 259
(282, 588) 260
(285, 589) 261
(293, 588) 262
(303, 588) 263
(313, 588) 264
(323, 587) 265
(334, 587) 266
(339, 585) 267
(342, 584) 268
(345, 582) 269
(347, 581) 270
(349, 579) 271
(351, 578) 272
(352, 577) 273
(354, 575) 274
(355, 574) 275
(356, 573) 276
(357, 571) 277
(358, 570) 278
(359, 569) 279
(360, 567) 280
(368, 566) 281
(374, 565) 282
(379, 564) 283
(383, 563) 284
(385, 562) 285
(390, 561) 286
(394, 560) 287
(396, 559) 288
(396, 558) 289
(389, 557) 290
(377, 556) 291
(365, 555) 292
(353, 554) 293
(344, 554) 294
(334, 553) 295
(321, 553) 296
(311, 553) 297
(304, 552) 298
(299, 552) 299
(301, 552) 300
(305, 552) 301
(304, 552) 302
(303, 552) 303
(302, 553) 304
(301, 553) 305
(301, 553) 306
(300, 554) 307
(300, 554) 308
(300, 555) 309
(300, 555) 310
(301, 555) 311
(301, 556) 312
(296, 555) 313
(293, 554) 314
(290, 554) 315
(289, 553) 316
(287, 551) 317
(286, 548) 318
(286, 546) 319
(286, 544) 320
(284, 542) 321
(283, 541) 322
(282, 539) 323
(283, 537) 324
(288, 535) 325
(293, 533) 326
(299, 531) 327
(304, 529) 328
(307, 528) 329
(309, 526) 330
(313, 524) 331
(1200, 593) 251
(1199, 593) 252
(1199, 593) 253
(1198, 593) 254
(1198, 593) 255
(1199, 593) 256
(1203, 592) 257
(1208, 592) 258
(1216, 591) 259
(1224, 590) 260
(1231, 589) 261
(1244, 587) 262
(1256, 585) 263
(1271, 583) 264
(1284, 580) 265
(1297, 578) 266
(1309, 577) 267
(1321, 575) 268
(1333, 574) 269
(1343, 573) 270
(1348, 573) 271
(1353, 573) 272
(1363, 573) 273
(1371, 573) 274
(1378, 574) 275
(1385, 574) 276
(1385, 575) 277
(1385, 576) 278
(1386, 578) 279
(1387, 580) 280
(1387, 582) 281
(1388, 584) 282
(1389, 586) 283
(1389, 588) 284
(1389, 590) 285
(1390, 592) 286
(1390, 593) 287
(1391, 595) 288
(1391, 597) 289
(1391, 598) 290
(1391, 600) 291
(1392, 602) 292
(1392, 603) 293
(1392, 605) 294
(1392, 606) 295
(1389, 609) 296
(1386, 612) 297
(1383, 614) 298
(1381, 617) 299
(1378, 620) 300
(1376, 622) 301
(1375, 625) 302
(1373, 627) 303
(1372, 629) 304
(1370, 632) 305
(1362, 634) 306
(1355, 636) 307
(1349, 638) 308
(1343, 640) 309
(1340, 642) 310
(1340, 643) 311
(1338, 644) 312
(1337, 645) 313
(1337, 646) 314
(1339, 647) 315
(1342, 647) 316
(1344, 648) 317
(1346, 647) 318
(1348, 647) 319
(1349, 646) 320
(1351, 646) 321
(1351, 645) 322
(1352, 645) 323
(1353, 645) 324
(1355, 644) 325
(1359, 643) 326
(1359, 643) 327
(1359, 643) 328
(1360, 643) 329
(1359, 642) 330
(1357, 641) 331
(899, 697) 285
(900, 696) 286
(900, 696) 287
(895, 697) 288
(889, 697) 289
(885, 698) 290
(881, 699) 291
(879, 701) 292
(878, 703) 293
(877, 704) 294
(876, 706) 295
(875, 707) 296
(875, 709) 297
(874, 710) 298
(873, 712) 299
(871, 712) 300
(870, 713) 301
(869, 714) 302
(869, 715) 303
(869, 716) 304
(871, 717) 305
(873, 717) 306
(874, 718) 307
(874, 718) 308
(875, 719) 309
(876, 719) 310
(876, 720) 311
(877, 720) 312
(878, 721) 313
(879, 721) 314
(879, 722) 315
(881, 722) 316
(882, 722) 317
(882, 722) 318
(884, 722) 319
(885, 723) 320
(887, 723) 321
(888, 723) 322
(889, 723) 323
(890, 724) 324
(891, 724) 325
(891, 724) 326
(892, 724) 327
(892, 725) 328
(893, 725) 329
(893, 725) 330
(896, 724) 331
(898, 723) 332
(900, 722) 333
(899, 722) 334
(900, 721) 335
(900, 721) 336
(904, 721) 337
(907, 721) 338
(910, 721) 339
(913, 720) 340
(915, 720) 341
(916, 719) 342
(921, 718) 343
(928, 717) 344
(932, 716) 345
(938, 714) 346
(943, 712) 347
(943, 712) 348
(943, 710) 349
(947, 710) 350
(951, 709) 351
(963, 708) 352
(974, 707) 353
(985, 706) 354
(441, 594) 333
(439, 594) 334
(438, 593) 335
(436, 593) 336
(433, 593) 337
(431, 593) 338
(428, 593) 339
(428, 593) 340
(427, 593) 341
(425, 592) 342
(423, 592) 343
(421, 592) 344
(420, 592) 345
(420, 590) 346
(421, 589) 347
(421, 588) 348
(422, 587) 349
(422, 586) 350
(423, 584) 351
(423, 583) 352
(423, 582) 353
(424, 581) 354
(424, 580) 355
(427, 578) 356
(431, 577) 357
(439, 574) 358
(446, 572) 359
(457, 569) 360
(466, 566) 361
(475, 564) 362
(483, 561) 363
(490, 558) 364
(496, 556) 365
(503, 553) 366
(512, 550) 367
(514, 547) 368
(517, 544) 369
(519, 540) 370
(521, 537) 371
(523, 534) 372
(524, 531) 373
(531, 528) 374
(537, 525) 375
(544, 523) 376
(550, 520) 377
(563, 517) 378
(567, 514) 379
(577, 512) 380
(591, 508) 381
(603, 505) 382
(615, 502) 383
(625, 499) 384
(634, 495) 385
(640, 492) 386
(646, 488) 387
(651, 485) 388
(655, 482) 389
(659, 479) 390
(662, 476) 391
(663, 474) 392
(664, 472) 393
(667, 470) 394
(669, 469) 395
(672, 468) 396
(674, 467) 397
(672, 466) 398
(670, 464) 399
(668, 463) 400
(666, 461) 401
(663, 460) 402
(661, 458) 403
(658, 457) 404
(656, 456) 405
(654, 454) 406
(653, 453) 407
(653, 452) 408
(653, 452) 409
(653, 451) 410
(653, 450) 411
(653, 449) 412
(654, 448) 413
(654, 447) 414
(655, 446) 415
(655, 445) 416
(652, 445) 417
(649, 445) 418
(647, 445) 419
(644, 445) 420
(642, 445) 421
(642, 444) 422
(643, 443) 423
(640, 442) 424
(636, 441) 425
(638, 440) 426
(641, 439) 427
(643, 438) 428
(644, 436) 429
(644, 435) 430
(645, 434) 431
(647, 433) 432
(649, 432) 433
(650, 431) 434
(654, 430) 435
(655, 429) 436
(656, 428) 437
(658, 427) 438
(660, 426) 439
(660, 424) 440
(660, 423) 441
(660, 421) 442
(659, 420) 443
(662, 419) 444
(664, 419) 445
(666, 418) 446
(668, 418) 447
(668, 419) 448
(668, 420) 449
(668, 422) 450
(668, 425) 451
(672, 427) 452
(676, 428) 453
(680, 430) 454
(683, 432) 455
(685, 434) 456
(687, 436) 457
(689, 438) 458
(691, 440) 459
(693, 443) 460
(695, 445) 461
(697, 448) 462
(699, 451) 463
(701, 453) 464
(708, 456) 465
(715, 458) 466
(720, 460) 467
(725, 462) 468
(730, 465) 469
(733, 467) 470
(736, 469) 471
(738, 471) 472
(740, 473) 473
(740, 476) 474
(737, 478) 475
(734, 480) 476
(730, 483) 477
(727, 485) 478
(725, 487) 479
(722, 489) 480
(719, 491) 481
(714, 493) 482
(709, 496) 483
(705, 498) 484
(704, 500) 485
(704, 502) 486
(704, 504) 487
(704, 506) 488
(706, 508) 489
(707, 510) 490
(709, 512) 491
(711, 514) 492
(714, 515) 493
(711, 516) 494
(709, 517) 495
(704, 518) 496
(699, 518) 497
(698, 517) 498
(695, 516) 499
(691, 514) 500
(688, 513) 501
(684, 511) 502
(680, 510) 503
(677, 508) 504
(674, 506) 505
(668, 504) 506
(661, 501) 507
(655, 499) 508
(649, 497) 509
(645, 494) 510
(640, 492) 511
(633, 490) 512
(627, 488) 513
(621, 486) 514
(615, 484) 515
(609, 482) 516
(603, 480) 517
(596, 478) 518
(591, 476) 519
(585, 474) 520
(581, 472) 521
(577, 470) 522
(573, 468) 523
(565, 467) 524
(560, 466) 525
(550, 464) 526
(548, 463) 527
(546, 461) 528
(540, 461) 529
(535, 460) 530
(529, 460) 531
(527, 459) 532
(527, 458) 533
(524, 457) 534
(523, 456) 535
(520, 455) 536
(518, 453) 537
(517, 452) 538
(516, 450) 539
(516, 449) 540
(516, 447) 541
(516, 445) 542
(516, 443) 543
(517, 442) 544
(520, 440) 545
(523, 439) 546
(526, 438) 547
(525, 436) 548
(525, 435) 549
(524, 433) 550
(525, 432) 551
(531, 431) 552
(536, 431) 553
(539, 429) 554
(543, 428) 555
(550, 428) 556
(556, 427) 557
(562, 427) 558
(569, 426) 559
(575, 426) 560
(581, 426) 561
(583, 425) 562
(584, 425) 563
(584, 424) 564
(584, 424) 565
(584, 424) 566
(586, 423) 567
(589, 423) 568
(594, 423) 569
(605, 425) 570
(615, 426) 571
(627, 428) 572
(637, 430) 573
(647, 432) 574
(658, 433) 575
(668, 433) 576
(675, 433) 577
(682, 433) 578
(689, 433) 579
(694, 433) 580
(699, 433) 581
(704, 433) 582
(708, 433) 583
(712, 433) 584
(715, 433) 585
(718, 433) 586
(721, 433) 587
(723, 434) 588
(724, 436) 589
(727, 437) 590
(729, 437) 591
(734, 437) 592
(739, 436) 593
(744, 436) 594
(749, 435) 595
(752, 435) 596
(756, 434) 597
(759, 433) 598
(762, 433) 599
(765, 432) 600
(767, 432) 601
(769, 431) 602
(771, 431) 603
(773, 431) 604
(774, 430) 605
(776, 430) 606
(777, 429) 607
(777, 430) 608
(778, 431) 609
(778, 432) 610
(779, 433) 611
(779, 434) 612
(779, 434) 613
(779, 435) 614
(779, 436) 615
(779, 437) 616
(785, 439) 617
(792, 440) 618
(797, 442) 619
(802, 443) 620
(806, 445) 621
(810, 446) 622
(813, 448) 623
(817, 450) 624
(820, 452) 625
(824, 453) 626
(826, 455) 627
(829, 457) 628
(831, 459) 629
(833, 460) 630
(835, 462) 631
(842, 463) 632
(847, 463) 633
(852, 464) 634
(862, 465) 635
(871, 466) 636
(876, 466) 637
(1559, 362) 342
(1561, 362) 343
(1564, 363) 344
(1568, 364) 345
(1573, 366) 346
(1578, 367) 347
(1585, 369) 348
(1592, 370) 349
(1598, 371) 350
(1604, 373) 351
(1609, 374) 352
(1614, 375) 353
(1618, 376) 354
(1622, 377) 355
(1625, 379) 356
(1628, 380) 357
(1631, 381) 358
(1633, 382) 359
(1635, 383) 360
(1636, 384) 361
(1633, 386) 362
(1633, 389) 363
(1633, 392) 364
(1633, 394) 365
(1635, 397) 366
(1634, 400) 367
(1633, 402) 368
(1630, 405) 369
(1621, 407) 370
(1612, 409) 371
(1604, 410) 372
(1595, 412) 373
(1586, 414) 374
(1584, 417) 375
(1582, 419) 376
(1579, 421) 377
(1582, 423) 378
(1584, 425) 379
(1588, 427) 380
(1593, 429) 381
(1597, 431) 382
(1601, 433) 383
(1605, 435) 384
(1609, 437) 385
(1613, 439) 386
(1616, 441) 387
(1619, 443) 388
(1622, 444) 389
(1624, 446) 390
(1626, 448) 391
(1628, 449) 392
(1630, 451) 393
(1632, 452) 394
(1633, 454) 395
(1634, 456) 396
(1636, 457) 397
(1637, 458) 398
(1638, 460) 399
(1643, 463) 400
(1647, 465) 401
(1651, 468) 402
(1655, 470) 403
(1658, 473) 404
(1661, 475) 405
(1664, 477) 406
(1665, 479) 407
(1666, 479) 408
(1666, 479) 409
(1669, 479) 410
(1671, 478) 411
(1670, 478) 412
(1669, 478) 413
(1668, 479) 414
(1667, 480) 415
(1666, 481) 416
(1665, 481) 417
(1663, 482) 418
(1662, 482) 419
(1660, 483) 420
(1658, 482) 421
(1658, 482) 422
(1659, 482) 423
(1659, 480) 424
(1659, 478) 425
(1657, 476) 426
(1652, 472) 427
(1648, 469) 428
(1636, 466) 429
(1626, 463) 430
(1620, 459) 431
(1609, 456) 432
(1602, 453) 433
(1595, 450) 434
(1589, 447) 435
(1585, 444) 436
(1581, 441) 437
(1582, 437) 438
(1067, 416) 342
(1067, 416) 343
(1065, 414) 344
(1063, 413) 345
(1060, 412) 346
(1057, 410) 347
(1045, 409) 348
(1042, 408) 349
(1038, 407) 350
(1034, 406) 351
(1030, 405) 352
(1025, 404) 353
(1019, 403) 354
(1015, 402) 355
(1010, 401) 356
(1006, 400) 357
(1003, 399) 358
(1000, 398) 359
(997, 397) 360
(994, 396) 361
(992, 395) 362
(990, 395) 363
(988, 394) 364
(986, 393) 365
(985, 392) 366
(983, 391) 367
(982, 391) 368
(981, 390) 369
(980, 389) 370
(979, 389) 371
(978, 388) 372
(974, 389) 373
(971, 389) 374
(968, 390) 375
(967, 390) 376
(966, 391) 377
(965, 392) 378
(965, 392) 379
(963, 393) 380
(963, 394) 381
(967, 394) 382
(976, 395) 383
(987, 395) 384
(997, 395) 385
(1007, 396) 386
(1016, 396) 387
(1025, 396) 388
(1034, 397) 389
(1042, 397) 390
(1050, 398) 391
(1058, 398) 392
(1066, 398) 393
(1074, 398) 394
(1082, 398) 395
(1090, 399) 396
(1098, 398) 397
(1106, 398) 398
(1114, 398) 399
(1120, 397) 400
(1125, 397) 401
(1130, 396) 402
(1135, 395) 403
(1140, 394) 404
(1145, 394) 405
(1149, 393) 406
(1154, 392) 407
(1159, 392) 408
(1164, 391) 409
(1169, 391) 410
(1175, 390) 411
(1177, 391) 412
(1180, 391) 413
(1183, 391) 414
(1186, 391) 415
(1190, 391) 416
(1193, 392) 417
(1196, 392) 418
(1199, 392) 419
(1200, 392) 420
(1200, 392) 421
(1200, 392) 422
(1201, 392) 423
(1202, 393) 424
(1202, 393) 425
(1204, 393) 426
(1210, 394) 427
(1216, 395) 428
(1222, 396) 429
(1227, 397) 430
(1231, 397) 431
(1235, 398) 432
(1239, 399) 433
(1242, 400) 434
(1245, 401) 435
(1247, 402) 436
(1250, 403) 437
(1252, 403) 438
(1252, 404) 439
(1247, 405) 440
(1237, 407) 441
(1223, 408) 442
(415, 465) 360
(414, 465) 361
(414, 465) 362
(408, 466) 363
(403, 466) 364
(397, 467) 365
(392, 467) 366
(387, 468) 367
(382, 468) 368
(380, 469) 369
(379, 469) 370
(377, 470) 371
(375, 470) 372
(375, 471) 373
(375, 471) 374
(375, 472) 375
(374, 472) 376
(375, 473) 377
(375, 473) 378
(375, 473) 379
(375, 473) 380
(374, 474) 381
(374, 475) 382
(374, 476) 383
(373, 478) 384
(372, 479) 385
(372, 481) 386
(370, 482) 387
(366, 484) 388
(362, 487) 389
(358, 489) 390
(355, 492) 391
(351, 494) 392
(347, 496) 393
(344, 499) 394
(341, 501) 395
(333, 504) 396
(326, 506) 397
(319, 508) 398
(311, 511) 399
(304, 513) 400
(296, 515) 401
(289, 517) 402
(281, 519) 403
(274, 519) 404
(268, 519) 405
(261, 519) 406
(255, 519) 407
(250, 519) 408
(244, 519) 409
(238, 519) 410
(233, 519) 411
(227, 518) 412
(227, 518) 413
(226, 517) 414
(225, 516) 415
(224, 516) 416
(221, 514) 417
(220, 513) 418
(220, 511) 419
(220, 510) 420
(221, 509) 421
(224, 508) 422
(223, 507) 423
(222, 505) 424
(221, 503) 425
(220, 501) 426
(221, 499) 427
(221, 498) 428
(1100, 644) 398
(1098, 643) 399
(1097, 643) 400
(1095, 643) 401
(1093, 642) 402
(1093, 642) 403
(1093, 642) 404
(1091, 641) 405
(1090, 641) 406
(1088, 640) 407
(1087, 639) 408
(1087, 639) 409
(1086, 638) 410
(1086, 637) 411
(1086, 637) 412
(1085, 636) 413
(1085, 635) 414
(1085, 634) 415
(1084, 634) 416
(1084, 633) 417
(1084, 633) 418
(1084, 632) 419
(1084, 631) 420
(1078, 630) 421
(1074, 629) 422
(1063, 627) 423
(1053, 625) 424
(1043, 623) 425
(1034, 621) 426
(1029, 619) 427
(1020, 617) 428
(1011, 615) 429
(1000, 612) 430
(990, 609) 431
(981, 607) 432
(973, 605) 433
(964, 603) 434
(959, 601) 435
(955, 599) 436
(950, 597) 437
(946, 595) 438
(942, 593) 439
(935, 591) 440
(926, 588) 441
(924, 586) 442
(926, 584) 443
(926, 582) 444
(925, 580) 445
(925, 578) 446
(925, 576) 447
(923, 574) 448
(923, 572) 449
(922, 570) 450
(923, 568) 451
(925, 566) 452
(933, 565) 453
(940, 565) 454
(946, 564) 455
(952, 563) 456
(957, 562) 457
(962, 562) 458
(966, 561) 459
(970, 560) 460
(973, 559) 461
(976, 559) 462
(979, 558) 463
(981, 557) 464
(984, 557) 465
(986, 556) 466
(987, 557) 467
(364, 610) 439
(365, 609) 440
(366, 609) 441
(367, 609) 442
(368, 610) 443
(370, 611) 444
(372, 611) 445
(371, 612) 446
(371, 613) 447
(371, 614) 448
(371, 614) 449
(372, 616) 450
(372, 617) 451
(374, 617) 452
(375, 616) 453
(376, 615) 454
(376, 614) 455
(375, 612) 456
(372, 610) 457
(370, 607) 458
(368, 605) 459
(367, 603) 460
(365, 600) 461
(364, 598) 462
(362, 595) 463
(361, 593) 464
(359, 590) 465
(360, 588) 466
(361, 586) 467
(361, 584) 468
(362, 581) 469
(363, 579) 470
(363, 577) 471
(364, 575) 472
(364, 573) 473
(365, 571) 474
(365, 570) 475
(366, 568) 476
(366, 566) 477
(366, 564) 478
(367, 562) 479
(367, 561) 480
(367, 559) 481
(367, 556) 482
(368, 553) 483
(368, 550) 484
(367, 547) 485
(367, 543) 486
(366, 540) 487
(366, 537) 488
(364, 533) 489
(359, 529) 490
(353, 525) 491
(346, 520) 492
(339, 516) 493
(333, 511) 494
(326, 507) 495
(319, 502) 496
(313, 497) 497
(305, 492) 498
(298, 487) 499
(291, 482) 500
(287, 478) 501
(281, 473) 502
(273, 468) 503
(263, 463) 504
(253, 457) 505
(241, 452) 506
(229, 447) 507
(1619, 768) 441
(1619, 768) 442
(1619, 768) 443
(1619, 768) 444
(1619, 768) 445
(1619, 768) 446
(1613, 767) 447
(1601, 765) 448
(1597, 765) 449
(1589, 764) 450
(1579, 763) 451
(1569, 761) 452
(1560, 760) 453
(1551, 759) 454
(1544, 757) 455
(1535, 757) 456
(1525, 756) 457
(1518, 755) 458
(1511, 753) 459
(1510, 751) 460
(1509, 748) 461
(1507, 746) 462
(1506, 744) 463
(1505, 741) 464
(1504, 739) 465
(1503, 737) 466
(1496, 736) 467
(1496, 734) 468
(1496, 732) 469
(1499, 731) 470
(1499, 729) 471
(1498, 727) 472
(1498, 726) 473
(1497, 724) 474
(1497, 723) 475
(1500, 722) 476
(1505, 720) 477
(1509, 719) 478
(1512, 717) 479
(1515, 716) 480
(1515, 715) 481
(1516, 714) 482
(1516, 712) 483
(1516, 711) 484
(1516, 710) 485
(1516, 709) 486
(1515, 708) 487
(1515, 707) 488
(1514, 706) 489
(1513, 705) 490
(1512, 704) 491
(1507, 703) 492
(1506, 702) 493
(1504, 701) 494
(1503, 700) 495
(1501, 699) 496
(1498, 698) 497
(1496, 697) 498
(1494, 696) 499
(1492, 695) 500
(1489, 694) 501
(1487, 693) 502
(1482, 691) 503
(1481, 691) 504
(1479, 690) 505
(1477, 689) 506
(1474, 688) 507
(1473, 688) 508
(1471, 687) 509
(1471, 686) 510
(1471, 686) 511
(1472, 685) 512
(1475, 684) 513
(1477, 681) 514
(1478, 679) 515
(1481, 678) 516
(1484, 677) 517
(1487, 676) 518
(1488, 676) 519
(1488, 675) 520
(1489, 673) 521
(1488, 672) 522
(1488, 671) 523
(1481, 670) 524
(1475, 669) 525
(1470, 669) 526
(1470, 668) 527
(1470, 667) 528
(1475, 666) 529
(1478, 666) 530
(1481, 665) 531
(1484, 665) 532
(1485, 665) 533
(1484, 664) 534
(1488, 663) 535
(1487, 663) 536
(1487, 662) 537
(1486, 662) 538
(1486, 661) 539
(1486, 661) 540
(1488, 660) 541
(1488, 660) 542
(1490, 660) 543
(1489, 659) 544
(1489, 659) 545
(1488, 659) 546
(1486, 658) 547
(1484, 658) 548
(1482, 658) 549
(1476, 657) 550
(1471, 656) 551
(1466, 656) 552
(1464, 656) 553
(1463, 657) 554
(1466, 656) 555
(1470, 656) 556
(1473, 656) 557
(1476, 655) 558
(1475, 655) 559
(1474, 655) 560
(1475, 655) 561
(1480, 655) 562
(1482, 654) 563
(1484, 654) 564
(1485, 654) 565
(1488, 654) 566
(1490, 654) 567
(1493, 654) 568
(1495, 654) 569
(1498, 654) 570
(1500, 654) 571
(1503, 654) 572
(1504, 653) 573
(1506, 653) 574
(1508, 653) 575
(1509, 653) 576
(1511, 653) 577
(1517, 652) 578
(1520, 652) 579
(1520, 651) 580
(1519, 651) 581
(1518, 651) 582
(1516, 651) 583
(1512, 651) 584
(1509, 651) 585
(1505, 651) 586
(1501, 651) 587
(1498, 651) 588
(1496, 651) 589
(1493, 650) 590
(1484, 650) 591
(1476, 649) 592
(1471, 648) 593
(1466, 648) 594
(1468, 648) 595
(1470, 647) 596
(1471, 647) 597
(1474, 647) 598
(1474, 646) 599
(1474, 646) 600
(1474, 646) 601
(1474, 646) 602
(1475, 646) 603
(1475, 646) 604
(1475, 646) 605
(1475, 646) 606
(1475, 646) 607
(1477, 647) 608
(1478, 647) 609
(1479, 647) 610
(1480, 647) 611
(1481, 647) 612
(1482, 647) 613
(1483, 647) 614
(1484, 647) 615
(1485, 647) 616
(1486, 647) 617
(1487, 647) 618
(1488, 647) 619
(1489, 647) 620
(1489, 648) 621
(1489, 648) 622
(1490, 648) 623
(1492, 648) 624
(1493, 648) 625
(1494, 648) 626
(1495, 648) 627
(1496, 649) 628
(1496, 650) 629
(1494, 651) 630
(1492, 651) 631
(1489, 651) 632
(1486, 652) 633
(1483, 652) 634
(1481, 653) 635
(1478, 654) 636
(1475, 654) 637
(501, 208) 455
(501, 207) 456
(500, 207) 457
(500, 207) 458
(499, 207) 459
(499, 207) 460
(499, 207) 461
(499, 207) 462
(499, 207) 463
(504, 206) 464
(510, 205) 465
(515, 204) 466
(520, 203) 467
(524, 202) 468
(528, 201) 469
(532, 200) 470
(535, 199) 471
(538, 198) 472
(541, 197) 473
(543, 196) 474
(545, 195) 475
(547, 194) 476
(549, 193) 477
(550, 193) 478
(551, 192) 479
(552, 192) 480
(553, 191) 481
(553, 191) 482
(554, 190) 483
(555, 190) 484
(555, 189) 485
(556, 189) 486
(556, 189) 487
(557, 188) 488
(557, 188) 489
(559, 189) 490
(561, 190) 491
(563, 192) 492
(565, 193) 493
(566, 194) 494
(568, 195) 495
(569, 197) 496
(570, 198) 497
(570, 199) 498
(571, 200) 499
(571, 201) 500
(571, 202) 501
(567, 203) 502
(563, 202) 503
(558, 202) 504
(554, 202) 505
(550, 202) 506
(546, 201) 507
(543, 201) 508
(540, 201) 509
(538, 200) 510
(535, 200) 511
(532, 200) 512
(530, 199) 513
(528, 199) 514
(526, 198) 515
(524, 198) 516
(523, 198) 517
(523, 197) 518
(526, 197) 519
(529, 198) 520
(533, 198) 521
(536, 198) 522
(571, 589) 459
(566, 589) 460
(557, 589) 461
(548, 589) 462
(539, 590) 463
(529, 590) 464
(522, 591) 465
(515, 591) 466
(507, 591) 467
(497, 590) 468
(486, 589) 469
(476, 587) 470
(466, 586) 471
(457, 585) 472
(450, 584) 473
(443, 583) 474
(439, 581) 475
(431, 581) 476
(423, 580) 477
(420, 580) 478
(417, 579) 479
(415, 579) 480
(412, 578) 481
(408, 578) 482
(405, 579) 483
(401, 579) 484
(397, 579) 485
(394, 579) 486
(390, 580) 487
(387, 580) 488
(384, 580) 489
(381, 580) 490
(379, 580) 491
(377, 580) 492
(375, 580) 493
(373, 580) 494
(371, 582) 495
(369, 583) 496
(368, 585) 497
(366, 587) 498
(365, 588) 499
(364, 590) 500
(363, 591) 501
(362, 593) 502
(361, 594) 503
(361, 596) 504
(360, 597) 505
(360, 598) 506
(359, 600) 507
(359, 601) 508
(359, 602) 509
(358, 604) 510
(358, 605) 511
(358, 606) 512
(357, 607) 513
(357, 608) 514
(356, 610) 515
(356, 611) 516
(355, 612) 517
(355, 613) 518
(354, 614) 519
(353, 613) 520
(352, 613) 521
(351, 612) 522
(350, 612) 523
(350, 611) 524
(349, 611) 525
(349, 610) 526
(350, 610) 527
(1035, 418) 472
(1031, 418) 473
(1025, 419) 474
(1020, 418) 475
(1016, 418) 476
(1013, 417) 477
(1012, 417) 478
(1010, 416) 479
(1008, 416) 480
(1009, 416) 481
(1012, 415) 482
(1011, 413) 483
(1010, 411) 484
(1009, 409) 485
(1008, 407) 486
(1007, 405) 487
(1003, 405) 488
(998, 404) 489
(1000, 402) 490
(1003, 401) 491
(1005, 400) 492
(1008, 399) 493
(1009, 398) 494
(1012, 397) 495
(1014, 396) 496
(1016, 395) 497
(1018, 395) 498
(1020, 394) 499
(1021, 394) 500
(1022, 393) 501
(1023, 393) 502
(1024, 392) 503
(1025, 392) 504
(1026, 391) 505
(1033, 390) 506
(1045, 389) 507
(1056, 388) 508
(1061, 387) 509
(1059, 386) 510
(1058, 384) 511
(1056, 383) 512
(1054, 382) 513
(1052, 381) 514
(1047, 380) 515
(1043, 378) 516
(1039, 377) 517
(1036, 376) 518
(1038, 374) 519
(1043, 373) 520
(1046, 371) 521
(1051, 370) 522
(1053, 368) 523
(1057, 367) 524
(1060, 365) 525
(1056, 364) 526
(1054, 362) 527
(1052, 361) 528
(1050, 359) 529
(1048, 358) 530
(1047, 357) 531
(1049, 355) 532
(1053, 353) 533
(1056, 352) 534
(1059, 350) 535
(1063, 349) 536
(1066, 347) 537
(1070, 345) 538
(1073, 344) 539
(1076, 342) 540
(1079, 340) 541
(1082, 338) 542
(1086, 336) 543
(1089, 335) 544
(1092, 333) 545
(1095, 331) 546
(1099, 329) 547
(1101, 328) 548
(1104, 326) 549
(1106, 325) 550
(1108, 323) 551
(1110, 322) 552
(1111, 320) 553
(1113, 319) 554
(1114, 317) 555
(1115, 316) 556
(1116, 315) 557
(1117, 313) 558
(1118, 312) 559
(1119, 311) 560
(1118, 309) 561
(1117, 308) 562
(1116, 308) 563
(1115, 308) 564
(1114, 307) 565
(1114, 307) 566
(1114, 307) 567
(1113, 307) 568
(984, 531) 488
(984, 531) 489
(984, 531) 490
(984, 531) 491
(986, 531) 492
(987, 532) 493
(989, 532) 494
(991, 535) 495
(990, 537) 496
(991, 539) 497
(990, 539) 498
(988, 539) 499
(988, 538) 500
(989, 539) 501
(990, 539) 502
(992, 539) 503
(993, 539) 504
(993, 540) 505
(992, 541) 506
(990, 543) 507
(989, 545) 508
(989, 546) 509
(988, 547) 510
(989, 549) 511
(989, 551) 512
(988, 553) 513
(988, 554) 514
(989, 555) 515
(988, 557) 516
(988, 558) 517
(987, 559) 518
(987, 561) 519
(987, 561) 520
(988, 562) 521
(987, 563) 522
(987, 564) 523
(989, 565) 524
(990, 565) 525
(991, 566) 526
(992, 567) 527
(993, 568) 528
(994, 569) 529
(994, 569) 530
(990, 569) 531
(986, 568) 532
(982, 568) 533
(977, 567) 534
(973, 566) 535
(970, 565) 536
(967, 565) 537
(964, 564) 538
(962, 563) 539
(959, 562) 540
(957, 561) 541
(955, 560) 542
(954, 560) 543
(952, 559) 544
(951, 558) 545
(950, 557) 546
(949, 557) 547
(948, 556) 548
(947, 555) 549
(946, 555) 550
(945, 554) 551
(945, 553) 552
(944, 553) 553
(940, 552) 554
(937, 552) 555
(937, 551) 556
(936, 550) 557
(935, 549) 558
(934, 548) 559
(927, 547) 560
(914, 545) 561
(902, 545) 562
(890, 545) 563
(880, 545) 564
(871, 545) 565
(863, 545) 566
(856, 544) 567
(848, 543) 568
(841, 542) 569
(835, 541) 570
(829, 540) 571
(824, 539) 572
(820, 537) 573
(823, 537) 574
(833, 536) 575
(843, 536) 576
(850, 536) 577
(849, 535) 578
(848, 535) 579
(846, 535) 580
(843, 535) 581
(843, 534) 582
(847, 534) 583
(852, 533) 584
(856, 533) 585
(863, 532) 586
(868, 531) 587
(876, 531) 588
(876, 530) 589
(876, 530) 590
(882, 529) 591
(888, 529) 592
(892, 528) 593
(898, 528) 594
(899, 527) 595
(899, 526) 596
(899, 525) 597
(896, 524) 598
(895, 523) 599
(894, 522) 600
(893, 521) 601
(892, 520) 602
(892, 519) 603
(892, 519) 604
(893, 518) 605
(893, 517) 606
(893, 517) 607
(898, 517) 608
(902, 517) 609
(908, 517) 610
(912, 517) 611
(916, 517) 612
(916, 517) 613
(916, 517) 614
(913, 517) 615
(910, 517) 616
(906, 517) 617
(903, 517) 618
(901, 517) 619
(898, 517) 620
(896, 517) 621
(894, 517) 622
(892, 517) 623
(892, 517) 624
(896, 517) 625
(902, 517) 626
(905, 517) 627
(909, 517) 628
(912, 517) 629
(915, 517) 630
(1512, 336) 503
(1506, 336) 504
(1496, 335) 505
(1490, 334) 506
(1483, 333) 507
(1473, 332) 508
(1462, 331) 509
(1445, 330) 510
(1432, 330) 511
(1422, 329) 512
(1414, 328) 513
(1401, 328) 514
(1390, 327) 515
(1382, 327) 516
(1378, 326) 517
(1378, 325) 518
(1378, 326) 519
(1383, 326) 520
(1385, 326) 521
(1388, 326) 522
(1392, 326) 523
(1398, 326) 524
(1403, 326) 525
(1407, 326) 526
(1411, 326) 527
(1415, 326) 528
(1419, 326) 529
(1422, 326) 530
(1424, 327) 531
(1427, 327) 532
(1429, 327) 533
(1431, 327) 534
(1433, 327) 535
(1432, 327) 536
(1432, 328) 537
(1431, 329) 538
(1430, 329) 539
(1428, 330) 540
(1425, 330) 541
(1425, 330) 542
(1425, 330) 543
(1424, 330) 544
(1423, 331) 545
(1422, 331) 546
(1415, 332) 547
(1408, 333) 548
(1400, 334) 549
(1393, 335) 550
(1386, 336) 551
(1378, 337) 552
(1372, 338) 553
(1365, 338) 554
(1362, 339) 555
(1359, 340) 556
(1356, 341) 557
(1349, 342) 558
(1342, 343) 559
(1334, 345) 560
(1328, 348) 561
(1318, 351) 562
(1312, 354) 563
(1309, 357) 564
(1306, 359) 565
(1302, 362) 566
(1299, 364) 567
(1296, 366) 568
(1292, 368) 569
(1289, 370) 570
(1287, 372) 571
(1286, 374) 572
(1285, 376) 573
(1284, 378) 574
(1283, 380) 575
(1283, 382) 576
(1283, 384) 577
(1288, 385) 578
(1293, 385) 579
(1298, 384) 580
(1304, 384) 581
(1310, 383) 582
(1316, 382) 583
(1326, 380) 584
(1337, 378) 585
(1348, 377) 586
(1359, 375) 587
(1370, 374) 588
(1378, 373) 589
