(1304, 530) 35
(1304, 530) 36
(1304, 530) 37
(1299, 531) 38
(1293, 531) 39
(1295, 532) 40
(1293, 533) 41
(1291, 534) 42
(1289, 535) 43
(1289, 536) 44
(1293, 536) 45
(1296, 536) 46
(1300, 536) 47
(1297, 536) 48
(1297, 537) 49
(1298, 537) 50
(1301, 537) 51
(1301, 537) 52
(1302, 538) 53
(1303, 538) 54
(1304, 538) 55
(1305, 538) 56
(1305, 538) 57
(1304, 538) 58
(1302, 538) 59
(1299, 537) 60
(1301, 538) 61
(1303, 538) 62
(1304, 538) 63
(1305, 538) 64
(1305, 538) 65
(1301, 538) 66
(1296, 538) 67
(1291, 537) 68
(1289, 537) 69
(1287, 536) 70
(1285, 536) 71
(1284, 535) 72
(1281, 535) 73
(1280, 535) 74
(1277, 534) 75
(1277, 534) 76
(1275, 534) 77
(1273, 533) 78
(1273, 533) 79
(1268, 533) 80
(1263, 533) 81
(1259, 533) 82
(1256, 533) 83
(1254, 533) 84
(1252, 533) 85
(1251, 533) 86
(1249, 533) 87
(1248, 533) 88
(1247, 533) 89
(1246, 533) 90
(1245, 533) 91
(1244, 533) 92
(1243, 533) 93
(1242, 534) 94
(1242, 534) 95
(1241, 534) 96
(1241, 534) 97
(1240, 534) 98
(1240, 534) 99
(1239, 534) 100
(1239, 534) 101
(1246, 534) 102
(1251, 533) 103
(1256, 533) 104
(1260, 533) 105
(1262, 532) 106
(1268, 531) 107
(1271, 530) 108
(1269, 530) 109
(1266, 530) 110
(1258, 529) 111
(1251, 529) 112
(1246, 529) 113
(1242, 528) 114
(1238, 528) 115
(1234, 527) 116
(1231, 526) 117
(1228, 526) 118
(1229, 526) 119
(1238, 527) 120
(1246, 527) 121
(1252, 528) 122
(1252, 528) 123
(1252, 528) 124
(1259, 528) 125
(1264, 529) 126
(1268, 528) 127
(1272, 528) 128
(1275, 528) 129
(1278, 528) 130
(1283, 527) 131
(1287, 527) 132
(1292, 527) 133
(1295, 526) 134
(1298, 526) 135
(1300, 525) 136
(1303, 525) 137
(1305, 525) 138
(1305, 526) 139
(1305, 525) 140
(1305, 525) 141
(1304, 525) 142
(1302, 525) 143
(1301, 525) 144
(1302, 525) 145
(1296, 526) 146
(1288, 525) 147
(1289, 525) 148
(1289, 524) 149
(1291, 524) 150
(1292, 524) 151
(1293, 524) 152
(1292, 524) 153
(1292, 524) 154
(1292, 524) 155
(1291, 524) 156
(1290, 524) 157
(1289, 524) 158
(1289, 524) 159
(1288, 523) 160
(1288, 524) 161
(1287, 524) 162
(1288, 524) 163
(1289, 524) 164
(1289, 525) 165
(1289, 525) 166
(1289, 525) 167
(1288, 525) 168
(1288, 526) 169
(1287, 526) 170
(1287, 526) 171
(1287, 527) 172
(1286, 527) 173
(1280, 527) 174
(1280, 527) 175
(1280, 527) 176
(1274, 528) 177
(1268, 528) 178
(1268, 528) 179
(1268, 528) 180
(1267, 528) 181
(1267, 528) 182
(1267, 529) 183
(1267, 530) 184
(1267, 530) 185
(1266, 530) 186
(1267, 530) 187
(1267, 531) 188
(1268, 531) 189
(1268, 531) 190
(1267, 532) 191
(1267, 532) 192
(1268, 532) 193
(1269, 533) 194
(1268, 533) 195
(1267, 534) 196
(1266, 534) 197
(1266, 534) 198
(1266, 535) 199
(1267, 536) 200
(1267, 536) 201
(1266, 536) 202
(1265, 536) 203
(1265, 536) 204
(1266, 537) 205
(1265, 537) 206
(1260, 538) 207
(1253, 539) 208
(1253, 539) 209
(1250, 539) 210
(1250, 539) 211
(1249, 539) 212
(1246, 539) 213
(1243, 539) 214
(1240, 539) 215
(1238, 539) 216
(1236, 539) 217
(1234, 539) 218
(1232, 539) 219
(1230, 539) 220
(1227, 538) 221
(1216, 538) 222
(1204, 537) 223
(1193, 537) 224
(1184, 536) 225
(1172, 536) 226
(1161, 536) 227
(1151, 535) 228
(1144, 535) 229
(1138, 535) 230
(1133, 535) 231
(1129, 535) 232
(1125, 535) 233
(1120, 536) 234
(1115, 537) 235
(1110, 537) 236
(1105, 536) 237
(1102, 535) 238
(1099, 534) 239
(1098, 534) 240
(1099, 533) 241
(1099, 532) 242
(1099, 532) 243
(1096, 531) 244
(1092, 530) 245
(1089, 529) 246
(1086, 529) 247
(1083, 528) 248
(1082, 527) 249
(1081, 526) 250
(1080, 526) 251
(1079, 525) 252
(1078, 525) 253
(1078, 524) 254
(1077, 523) 255
(1077, 523) 256
(1076, 522) 257
(1076, 522) 258
(1075, 521) 259
(1075, 520) 260
(1074, 520) 261
(1074, 519) 262
(1074, 519) 263
(1074, 518) 264
(1073, 518) 265
(1070, 517) 266
(1068, 516) 267
(1065, 515) 268
(1063, 514) 269
(1061, 513) 270
(1059, 512) 271
(1057, 512) 272
(1056, 511) 273
(1055, 510) 274
(1056, 509) 275
(1056, 508) 276
(1057, 507) 277
(1057, 506) 278
(1057, 505) 279
(1058, 504) 280
(1058, 503) 281
(1056, 502) 282
(1054, 502) 283
(1053, 501) 284
(1051, 501) 285
(1043, 500) 286
(1036, 500) 287
(1305, 116) 53
(1306, 116) 54
(1307, 116) 55
(1309, 115) 56
(1312, 115) 57
(1315, 114) 58
(1320, 113) 59
(1325, 113) 60
(1330, 112) 61
(1335, 111) 62
(1340, 110) 63
(1345, 109) 64
(1349, 108) 65
(1352, 108) 66
(1354, 107) 67
(1354, 106) 68
(1353, 106) 69
(1351, 106) 70
(1342, 107) 71
(1335, 108) 72
(1328, 109) 73
(1317, 111) 74
(1308, 113) 75
(1298, 116) 76
(1289, 118) 77
(1282, 119) 78
(1277, 121) 79
(1272, 122) 80
(1268, 123) 81
(1264, 124) 82
(1264, 125) 83
(1264, 126) 84
(1264, 126) 85
(1264, 126) 86
(1266, 127) 87
(1267, 127) 88
(1268, 127) 89
(1268, 128) 90
(1269, 127) 91
(1271, 127) 92
(1272, 127) 93
(1273, 127) 94
(1274, 126) 95
(1276, 126) 96
(1277, 125) 97
(1278, 125) 98
(1278, 124) 99
(1279, 124) 100
(1279, 123) 101
(1279, 123) 102
(1279, 122) 103
(1280, 122) 104
(1280, 121) 105
(1280, 121) 106
(1280, 120) 107
(1280, 120) 108
(1280, 120) 109
(1280, 119) 110
(1281, 119) 111
(1281, 118) 112
(1281, 118) 113
(1281, 118) 114
(1281, 117) 115
(1281, 117) 116
(1281, 117) 117
(1281, 116) 118
(1281, 116) 119
(1281, 116) 120
(1283, 116) 121
(1285, 116) 122
(1287, 116) 123
(1288, 116) 124
(1290, 116) 125
(1291, 116) 126
(1292, 116) 127
(1293, 116) 128
(1294, 116) 129
(1295, 115) 130
(1296, 115) 131
(1296, 115) 132
(1293, 116) 133
(1289, 116) 134
(1286, 116) 135
(1283, 117) 136
(1280, 117) 137
(1277, 118) 138
(1271, 119) 139
(1265, 119) 140
(1260, 118) 141
(1255, 118) 142
(1251, 118) 143
(1247, 118) 144
(1244, 118) 145
(1241, 118) 146
(1244, 118) 147
(1249, 118) 148
(1256, 117) 149
(1264, 116) 150
(1273, 115) 151
(899, 438) 66
(899, 438) 67
(899, 438) 68
(899, 438) 69
(900, 438) 70
(900, 438) 71
(901, 438) 72
(901, 438) 73
(902, 438) 74
(903, 438) 75
(903, 438) 76
(903, 438) 77
(903, 438) 78
(905, 439) 79
(907, 440) 80
(908, 441) 81
(910, 442) 82
(911, 443) 83
(912, 443) 84
(913, 443) 85
(913, 443) 86
(913, 444) 87
(912, 444) 88
(910, 445) 89
(910, 445) 90
(909, 446) 91
(909, 446) 92
(906, 447) 93
(904, 447) 94
(901, 448) 95
(898, 448) 96
(896, 448) 97
(893, 449) 98
(893, 450) 99
(893, 450) 100
(893, 450) 101
(893, 451) 102
(895, 452) 103
(899, 453) 104
(902, 454) 105
(905, 456) 106
(907, 457) 107
(909, 458) 108
(912, 459) 109
(914, 460) 110
(916, 461) 111
(918, 462) 112
(920, 463) 113
(922, 464) 114
(923, 465) 115
(923, 466) 116
(922, 467) 117
(920, 469) 118
(918, 470) 119
(911, 471) 120
(903, 472) 121
(895, 473) 122
(890, 474) 123
(885, 475) 124
(880, 475) 125
(875, 475) 126
(870, 476) 127
(866, 476) 128
(862, 476) 129
(859, 476) 130
(856, 477) 131
(856, 477) 132
(856, 477) 133
(859, 477) 134
(861, 478) 135
(863, 478) 136
(864, 478) 137
(865, 478) 138
(866, 478) 139
(867, 478) 140
(868, 478) 141
(869, 478) 142
(870, 478) 143
(870, 479) 144
(871, 479) 145
(871, 479) 146
(868, 479) 147
(866, 480) 148
(863, 480) 149
(862, 480) 150
(860, 480) 151
(859, 480) 152
(859, 480) 153
(858, 479) 154
(857, 479) 155
(857, 479) 156
(856, 478) 157
(856, 478) 158
(856, 477) 159
(855, 477) 160
(855, 477) 161
(855, 476) 162
(854, 476) 163
(854, 476) 164
(854, 475) 165
(854, 475) 166
(854, 475) 167
(854, 474) 168
(858, 474) 169
(862, 473) 170
(865, 473) 171
(868, 472) 172
(871, 471) 173
(872, 472) 174
(873, 472) 175
(874, 472) 176
(874, 472) 177
(874, 473) 178
(874, 473) 179
(873, 474) 180
(873, 474) 181
(873, 474) 182
(873, 475) 183
(873, 475) 184
(873, 475) 185
(872, 476) 186
(872, 476) 187
(872, 476) 188
(872, 477) 189
(865, 477) 190
(859, 478) 191
(848, 478) 192
(839, 479) 193
(829, 479) 194
(819, 480) 195
(812, 481) 196
(805, 483) 197
(799, 484) 198
(793, 486) 199
(788, 487) 200
(782, 488) 201
(776, 488) 202
(771, 489) 203
(768, 490) 204
(766, 491) 205
(764, 493) 206
(505, 546) 178
(506, 545) 179
(507, 545) 180
(508, 545) 181
(509, 545) 182
(509, 545) 183
(510, 545) 184
(511, 545) 185
(511, 545) 186
(512, 545) 187
(512, 545) 188
(513, 545) 189
(513, 545) 190
(511, 544) 191
(510, 542) 192
(510, 541) 193
(514, 539) 194
(518, 538) 195
(526, 536) 196
(532, 535) 197
(542, 533) 198
(552, 532) 199
(560, 531) 200
(564, 529) 201
(568, 527) 202
(572, 525) 203
(570, 524) 204
(567, 522) 205
(564, 520) 206
(559, 519) 207
(555, 517) 208
(550, 516) 209
(546, 515) 210
(541, 514) 211
(537, 513) 212
(534, 512) 213
(531, 511) 214
(528, 509) 215
(526, 508) 216
(523, 507) 217
(521, 506) 218
(519, 505) 219
(516, 504) 220
(513, 504) 221
(513, 504) 222
(510, 503) 223
(508, 502) 224
(506, 501) 225
(504, 500) 226
(501, 498) 227
(499, 497) 228
(497, 496) 229
(494, 495) 230
(492, 494) 231
(485, 493) 232
(479, 493) 233
(474, 492) 234
(470, 491) 235
(467, 491) 236
(464, 490) 237
(461, 490) 238
(458, 489) 239
(456, 489) 240
(456, 488) 241
(459, 488) 242
(462, 488) 243
(466, 488) 244
(469, 488) 245
(472, 488) 246
(472, 488) 247
(473, 488) 248
(479, 489) 249
(484, 489) 250
(490, 489) 251
(495, 489) 252
(500, 489) 253
(504, 489) 254
(508, 489) 255
(512, 489) 256
(515, 489) 257
(518, 489) 258
(521, 489) 259
(523, 489) 260
(525, 489) 261
(526, 490) 262
(527, 491) 263
(533, 491) 264
(537, 491) 265
(542, 491) 266
(546, 492) 267
(549, 492) 268
(553, 492) 269
(557, 492) 270
(562, 491) 271
(567, 491) 272
(572, 491) 273
(578, 490) 274
(585, 490) 275
(591, 489) 276
(597, 489) 277
(607, 488) 278
(616, 488) 279
(630, 487) 280
(642, 487) 281
(653, 486) 282
(653, 486) 283
(652, 485) 284
(649, 485) 285
(644, 484) 286
(640, 484) 287
(638, 484) 288
(635, 483) 289
(633, 483) 290
(631, 482) 291
(629, 482) 292
(627, 481) 293
(620, 481) 294
(614, 481) 295
(609, 480) 296
(604, 480) 297
(600, 480) 298
(591, 480) 299
(585, 480) 300
(579, 480) 301
(573, 479) 302
(561, 480) 303
(548, 480) 304
(536, 481) 305
(526, 481) 306
(514, 482) 307
(505, 483) 308
(497, 483) 309
(490, 484) 310
(483, 484) 311
(476, 485) 312
(465, 486) 313
(454, 486) 314
(445, 487) 315
(436, 488) 316
(428, 489) 317
(421, 490) 318
(413, 490) 319
(403, 490) 320
(393, 489) 321
(384, 489) 322
(375, 488) 323
(367, 488) 324
(359, 488) 325
(352, 487) 326
(346, 487) 327
(340, 486) 328
(329, 486) 329
(319, 486) 330
(310, 486) 331
(302, 486) 332
(288, 486) 333
(277, 486) 334
(269, 486) 335
(261, 486) 336
(255, 485) 337
(250, 485) 338
(245, 485) 339
(241, 485) 340
(238, 485) 341
(236, 484) 342
(234, 484) 343
(232, 484) 344
(231, 484) 345
(230, 484) 346
(228, 483) 347
(227, 483) 348
(226, 483) 349
(225, 483) 350
(225, 483) 351
(224, 482) 352
(223, 482) 353
(223, 482) 354
(222, 482) 355
(222, 482) 356
(221, 481) 357
(221, 481) 358
(216, 481) 359
(210, 481) 360
(204, 480) 361
(199, 480) 362
(194, 480) 363
(194, 480) 364
(194, 480) 365
(194, 480) 366
(192, 479) 367
(190, 479) 368
(187, 478) 369
(185, 477) 370
(181, 476) 371
(178, 476) 372
(175, 476) 373
(172, 476) 374
(170, 477) 375
(168, 477) 376
(166, 478) 377
(164, 479) 378
(162, 479) 379
(161, 480) 380
(161, 482) 381
(160, 483) 382
(160, 483) 383
(160, 483) 384
(160, 483) 385
(164, 483) 386
(165, 484) 387
(166, 484) 388
(166, 485) 389
(167, 485) 390
(167, 486) 391
(166, 488) 392
(163, 489) 393
(161, 491) 394
(159, 492) 395
(158, 494) 396
(156, 496) 397
(155, 499) 398
(152, 501) 399
(152, 504) 400
(148, 506) 401
(143, 508) 402
(138, 510) 403
(134, 512) 404
(132, 512) 405
(130, 513) 406
(128, 513) 407
(126, 513) 408
(123, 513) 409
(120, 513) 410
(118, 514) 411
(116, 514) 412
(114, 514) 413
(114, 514) 414
(116, 515) 415
(119, 516) 416
(119, 517) 417
(121, 518) 418
(122, 519) 419
(126, 519) 420
(129, 520) 421
(131, 519) 422
(133, 518) 423
(135, 518) 424
(137, 517) 425
(139, 516) 426
(137, 516) 427
(137, 516) 428
(137, 517) 429
(138, 518) 430
(140, 519) 431
(141, 520) 432
(142, 520) 433
(143, 520) 434
(144, 521) 435
(145, 521) 436
(146, 521) 437
(146, 521) 438
(144, 520) 439
(140, 519) 440
(136, 518) 441
(137, 517) 442
(137, 516) 443
(137, 515) 444
(137, 514) 445
(138, 513) 446
(140, 511) 447
(142, 510) 448
(144, 509) 449
(147, 508) 450
(149, 506) 451
(153, 505) 452
(156, 504) 453
(160, 502) 454
(164, 501) 455
(168, 499) 456
(171, 497) 457
(172, 494) 458
(171, 491) 459
(171, 488) 460
(171, 485) 461
(170, 482) 462
(170, 480) 463
(170, 477) 464
(169, 475) 465
(167, 473) 466
(165, 470) 467
(162, 468) 468
(159, 466) 469
(156, 464) 470
(152, 462) 471
(552, 463) 329
(549, 463) 330
(546, 463) 331
(541, 463) 332
(538, 463) 333
(535, 463) 334
(532, 463) 335
(531, 463) 336
(524, 464) 337
(515, 464) 338
(506, 465) 339
(498, 466) 340
(489, 468) 341
(481, 469) 342
(475, 470) 343
(469, 471) 344
(464, 472) 345
(459, 473) 346
(455, 474) 347
(451, 475) 348
(448, 476) 349
(445, 476) 350
(442, 477) 351
(439, 478) 352
(437, 479) 353
(435, 480) 354
(433, 481) 355
(432, 482) 356
(430, 482) 357
(429, 483) 358
(427, 484) 359
(425, 486) 360
(422, 487) 361
(420, 489) 362
(418, 490) 363
(416, 491) 364
(414, 492) 365
(413, 494) 366
(410, 495) 367
(408, 496) 368
(406, 497) 369
(404, 498) 370
(402, 499) 371
(394, 500) 372
(386, 501) 373
(378, 502) 374
(371, 503) 375
(365, 504) 376
(359, 504) 377
(354, 505) 378
(349, 506) 379
(345, 507) 380
(341, 508) 381
(338, 509) 382
(335, 510) 383
(336, 510) 384
(336, 511) 385
(335, 511) 386
(335, 511) 387
(334, 511) 388
(334, 511) 389
(333, 511) 390
(333, 511) 391
(333, 512) 392
(332, 513) 393
(334, 514) 394
(335, 515) 395
(337, 515) 396
(338, 516) 397
(339, 517) 398
(341, 518) 399
(342, 518) 400
(342, 519) 401
(343, 520) 402
(344, 520) 403
(345, 521) 404
(353, 521) 405
(358, 522) 406
(362, 523) 407
(366, 523) 408
(369, 523) 409
(371, 524) 410
(370, 524) 411
(369, 524) 412
(369, 524) 413
(361, 524) 414
(353, 524) 415
(345, 524) 416
(337, 524) 417
(329, 524) 418
(322, 524) 419
(315, 523) 420
(309, 523) 421
(303, 523) 422
(298, 523) 423
(294, 523) 424
(290, 523) 425
(286, 523) 426
(280, 522) 427
(277, 521) 428
(275, 519) 429
(274, 518) 430
(274, 517) 431
(274, 516) 432
(275, 515) 433
(277, 514) 434
(287, 513) 435
(297, 513) 436
(306, 512) 437
(316, 512) 438
(321, 512) 439
(325, 511) 440
(334, 511) 441
(333, 511) 442
(332, 511) 443
(331, 511) 444
(330, 510) 445
(331, 510) 446
(336, 511) 447
(346, 511) 448
(356, 512) 449
(365, 513) 450
(374, 513) 451
(382, 514) 452
(387, 515) 453
(393, 515) 454
(573, 521) 369
(571, 520) 370
(569, 520) 371
(566, 520) 372
(565, 520) 373
(564, 519) 374
(562, 519) 375
(561, 519) 376
(560, 518) 377
(559, 518) 378
(558, 518) 379
(557, 517) 380
(556, 517) 381
(555, 517) 382
(555, 516) 383
(554, 516) 384
(554, 516) 385
(553, 515) 386
(553, 515) 387
(552, 515) 388
(552, 514) 389
(552, 514) 390
(551, 514) 391
(551, 514) 392
(551, 513) 393
(558, 513) 394
(563, 513) 395
(563, 513) 396
(566, 512) 397
(566, 512) 398
(564, 512) 399
(564, 511) 400
(558, 511) 401
(552, 511) 402
(551, 511) 403
(551, 511) 404
(558, 510) 405
(564, 509) 406
(569, 509) 407
(574, 508) 408
(579, 508) 409
(583, 507) 410
(586, 507) 411
(589, 506) 412
(592, 506) 413
(595, 505) 414
(597, 505) 415
(599, 505) 416
(601, 504) 417
(603, 504) 418
(606, 503) 419
(608, 503) 420
(612, 503) 421
(614, 503) 422
(615, 503) 423
(619, 504) 424
(621, 504) 425
(623, 504) 426
(624, 505) 427
(626, 505) 428
(627, 505) 429
(629, 506) 430
(630, 506) 431
(631, 506) 432
(632, 507) 433
(632, 507) 434
(633, 507) 435
(634, 507) 436
(634, 508) 437
(635, 508) 438
(635, 508) 439
(636, 509) 440
(636, 509) 441
(636, 509) 442
(637, 509) 443
(637, 509) 444
(631, 509) 445
(627, 508) 446
(622, 508) 447
(619, 507) 448
(617, 506) 449
(613, 506) 450
(613, 505) 451
(614, 504) 452
(623, 504) 453
(633, 503) 454
(641, 503) 455
(649, 502) 456
(657, 501) 457
(665, 501) 458
(672, 500) 459
(1131, 510) 369
(1131, 510) 370
(1132, 510) 371
(1134, 510) 372
(1135, 510) 373
(1139, 510) 374
(1141, 510) 375
(1145, 511) 376
(1147, 511) 377
(1149, 511) 378
(1149, 511) 379
(1149, 511) 380
(1148, 511) 381
(1148, 511) 382
(1148, 511) 383
(1148, 511) 384
(1147, 511) 385
(1147, 511) 386
(1143, 511) 387
(1139, 511) 388
(1142, 511) 389
(1144, 510) 390
(1143, 510) 391
(1141, 510) 392
(1140, 510) 393
(1139, 509) 394
(1138, 509) 395
(1137, 509) 396
(1136, 509) 397
(1135, 509) 398
(1134, 508) 399
(1133, 508) 400
(1133, 508) 401
(1127, 508) 402
(1122, 507) 403
(1117, 507) 404
(1113, 507) 405
(1113, 507) 406
(1114, 506) 407
(1121, 506) 408
(1131, 505) 409
(1141, 505) 410
(1149, 505) 411
(1163, 504) 412
(1179, 503) 413
(1193, 502) 414
(1204, 502) 415
(1213, 502) 416
(1223, 502) 417
(1231, 502) 418
(1244, 502) 419
(1258, 502) 420
(1269, 502) 421
(1280, 502) 422
(1290, 502) 423
(1298, 502) 424
(1308, 501) 425
(1316, 500) 426
(1324, 499) 427
(1331, 498) 428
(1337, 497) 429
(1343, 496) 430
(1348, 495) 431
(1356, 495) 432
(1363, 495) 433
(1370, 494) 434
(1376, 494) 435
(1381, 494) 436
(1385, 493) 437
(1390, 493) 438
(1394, 492) 439
(1397, 492) 440
(1400, 492) 441
(1403, 491) 442
(1405, 491) 443
(1408, 491) 444
(1410, 490) 445
(1412, 490) 446
(1413, 490) 447
(1415, 489) 448
(1416, 489) 449
(1415, 489) 450
(1410, 490) 451
(1406, 490) 452
(1399, 491) 453
(1389, 491) 454
(1385, 491) 455
(1381, 491) 456
(1372, 492) 457
(1366, 493) 458
(1358, 493) 459
(1352, 494) 460
(1346, 494) 461
(1344, 494) 462
(1340, 495) 463
(1334, 495) 464
(1329, 495) 465
(1324, 495) 466
(1325, 496) 467
(1324, 496) 468
(1320, 496) 469
(1319, 497) 470
(1319, 497) 471
(1320, 497) 472
(1321, 497) 473
(1321, 498) 474
(1320, 498) 475
(1319, 499) 476
(1317, 499) 477
(1315, 499) 478
(1314, 499) 479
(1313, 500) 480
(1312, 500) 481
(1311, 501) 482
(1311, 501) 483
(1302, 502) 484
(1293, 502) 485
(1282, 502) 486
(1272, 502) 487
(1264, 502) 488
(1255, 503) 489
(1247, 503) 490
(1241, 503) 491
(1226, 503) 492
(1213, 503) 493
(1201, 503) 494
(1189, 503) 495
(1187, 503) 496
(1183, 504) 497
(1179, 505) 498
(1168, 505) 499
(1159, 505) 500
(1151, 505) 501
(1145, 505) 502
(1139, 505) 503
(1134, 505) 504
(1130, 505) 505
(1126, 505) 506
(1123, 505) 507
(1121, 505) 508
(1119, 505) 509
(1117, 505) 510
(1115, 505) 511
(1105, 505) 512
(1095, 505) 513
(1089, 505) 514
(1078, 505) 515
(1068, 505) 516
(1064, 505) 517
(1064, 505) 518
(1063, 506) 519
(1066, 506) 520
(1069, 506) 521
(1068, 506) 522
(1067, 506) 523
(1064, 506) 524
(1061, 507) 525
(1059, 507) 526
(1057, 508) 527
(1056, 508) 528
(1056, 508) 529
(1056, 508) 530
(1056, 509) 531
(1056, 509) 532
(1056, 509) 533
(1056, 510) 534
(1056, 510) 535
(1060, 510) 536
(1065, 510) 537
(1065, 510) 538
(1065, 511) 539
(1066, 511) 540
(1066, 511) 541
(1066, 512) 542
(1066, 512) 543
(1067, 513) 544
(1067, 513) 545
(1067, 514) 546
(1067, 514) 547
(1073, 514) 548
(1079, 514) 549
(1086, 514) 550
(1094, 514) 551
(1102, 514) 552
(1112, 515) 553
(1119, 515) 554
(1127, 515) 555
(1134, 516) 556
(1141, 516) 557
(1150, 516) 558
(1157, 516) 559
(1164, 516) 560
(1170, 516) 561
(1176, 517) 562
(1183, 517) 563
(1189, 517) 564
(1190, 517) 565
(1196, 518) 566
(1201, 518) 567
(1207, 519) 568
(1212, 519) 569
(1216, 520) 570
(1220, 520) 571
(1224, 521) 572
(1227, 521) 573
(1230, 521) 574
(1229, 522) 575
(1226, 522) 576
(1219, 522) 577
(1212, 522) 578
(1205, 521) 579
(1200, 521) 580
(1201, 521) 581
(1201, 521) 582
(1195, 521) 583
(1189, 521) 584
(1182, 520) 585
(1179, 520) 586
(1180, 520) 587
(1182, 521) 588
(1183, 521) 589
(1184, 521) 590
(1184, 521) 591
(1181, 520) 592
(1178, 520) 593
(1170, 520) 594
(1163, 520) 595
(1156, 519) 596
(1158, 519) 597
(1158, 519) 598
(1157, 519) 599
(1156, 519) 600
(1155, 519) 601
(1155, 519) 602
(1154, 519) 603
(1154, 519) 604
(1147, 519) 605
(1140, 518) 606
(1134, 518) 607
(1129, 518) 608
(1122, 518) 609
(1119, 519) 610
(1116, 519) 611
(1113, 519) 612
(1108, 519) 613
(1105, 519) 614
(1101, 519) 615
(1098, 519) 616
(1094, 519) 617
(1090, 519) 618
(1090, 520) 619
(1090, 521) 620
(1092, 522) 621
(1092, 523) 622
(1091, 525) 623
(1090, 526) 624
(1089, 528) 625
(1083, 529) 626
(1077, 531) 627
(1071, 532) 628
(1062, 534) 629
(1054, 535) 630
(1046, 536) 631
(1040, 537) 632
(1032, 537) 633
(1027, 537) 634
(1024, 539) 635
(1017, 539) 636
(1005, 537) 637
(995, 536) 638
(985, 534) 639
(980, 534) 640
(977, 535) 641
(974, 535) 642
(971, 535) 643
(970, 537) 644
(969, 539) 645
(967, 540) 646
(967, 542) 647
(966, 542) 648
(965, 542) 649
(963, 543) 650
(962, 543) 651
(961, 543) 652
(961, 543) 653
(962, 543) 654
(964, 543) 655
(965, 543) 656
(965, 544) 657
(966, 544) 658
(966, 544) 659
(967, 544) 660
(975, 545) 661
(981, 545) 662
(986, 546) 663
(991, 547) 664
(995, 548) 665
(1003, 547) 666
(1009, 546) 667
(1014, 545) 668
(1019, 545) 669
(1024, 544) 670
(1028, 543) 671
(1032, 541) 672
(1035, 540) 673
(1038, 539) 674
(1040, 538) 675
(1042, 537) 676
(1043, 536) 677
(1047, 534) 678
(1050, 533) 679
(1052, 532) 680
(1054, 531) 681
(1056, 530) 682
(1058, 529) 683
(1060, 528) 684
(1061, 527) 685
(1062, 526) 686
(1063, 525) 687
(1064, 525) 688
(1064, 526) 689
(1066, 526) 690
(1067, 526) 691
(1074, 526) 692
(1081, 526) 693
(1088, 526) 694
(1093, 526) 695
(1098, 526) 696
(1098, 525) 697
(1098, 525) 698
(1091, 524) 699
(1079, 524) 700
(1072, 523) 701
(1064, 522) 702
(1054, 522) 703
(1047, 521) 704
(1037, 520) 705
(1023, 520) 706
(1009, 519) 707
(996, 518) 708
(985, 517) 709
(975, 516) 710
(967, 515) 711
(960, 515) 712
(953, 514) 713
(947, 513) 714
(942, 513) 715
(937, 512) 716
(933, 511) 717
(929, 511) 718
(926, 510) 719
(922, 510) 720
(920, 509) 721
(918, 509) 722
(887, 484) 384
(886, 483) 385
(894, 484) 386
(902, 484) 387
(908, 484) 388
(914, 484) 389
(919, 484) 390
(924, 484) 391
(926, 485) 392
(928, 485) 393
(929, 486) 394
(931, 486) 395
(931, 486) 396
(932, 487) 397
(933, 487) 398
(934, 487) 399
(935, 487) 400
(935, 488) 401
(932, 488) 402
(929, 488) 403
(926, 488) 404
(921, 489) 405
(917, 489) 406
(914, 489) 407
(910, 490) 408
(907, 490) 409
(904, 490) 410
(899, 490) 411
(892, 490) 412
(887, 490) 413
(888, 489) 414
(890, 489) 415
(896, 489) 416
(899, 489) 417
(902, 488) 418
(904, 488) 419
(905, 488) 420
(905, 486) 421
(905, 485) 422
(905, 485) 423
(906, 485) 424
(908, 485) 425
(909, 484) 426
(909, 484) 427
(910, 484) 428
(912, 484) 429
(913, 484) 430
(916, 484) 431
(918, 483) 432
(921, 483) 433
(920, 483) 434
(919, 483) 435
(918, 482) 436
(916, 482) 437
(914, 482) 438
(912, 482) 439
(907, 482) 440
(903, 481) 441
(899, 481) 442
(897, 481) 443
(895, 481) 444
(895, 481) 445
(895, 481) 446
(895, 481) 447
(896, 481) 448
(897, 482) 449
(898, 482) 450
(899, 482) 451
(900, 482) 452
(900, 481) 453
(900, 481) 454
(901, 481) 455
(901, 480) 456
(905, 481) 457
(909, 481) 458
(910, 481) 459
(912, 481) 460
(913, 481) 461
(914, 481) 462
(915, 481) 463
(914, 481) 464
(914, 481) 465
(912, 480) 466
(912, 480) 467
(911, 480) 468
(909, 479) 469
(908, 479) 470
(907, 479) 471
(906, 478) 472
(902, 478) 473
(899, 478) 474
(897, 478) 475
(896, 478) 476
(896, 478) 477
(895, 478) 478
(895, 479) 479
(895, 479) 480
(899, 478) 481
(903, 478) 482
(907, 478) 483
(910, 478) 484
(913, 478) 485
(915, 478) 486
(917, 478) 487
(917, 478) 488
(916, 479) 489
(916, 480) 490
(914, 481) 491
(913, 482) 492
(912, 482) 493
(911, 483) 494
(910, 483) 495
(908, 483) 496
(908, 483) 497
(907, 483) 498
(906, 483) 499
(906, 483) 500
(905, 483) 501
(905, 483) 502
(904, 483) 503
(904, 483) 504
(903, 483) 505
(903, 482) 506
(903, 482) 507
(907, 482) 508
(911, 482) 509
(921, 483) 510
(930, 483) 511
(938, 483) 512
(945, 483) 513
(952, 483) 514
(958, 483) 515
(963, 483) 516
(968, 484) 517
(972, 484) 518
(976, 484) 519
(979, 484) 520
(978, 485) 521
(972, 485) 522
(960, 486) 523
(952, 486) 524
(945, 487) 525
(940, 488) 526
(935, 488) 527
(931, 488) 528
(927, 488) 529
(927, 488) 530
(927, 488) 531
(926, 487) 532
(924, 487) 533
(923, 486) 534
(921, 486) 535
(919, 486) 536
(918, 485) 537
(917, 485) 538
(917, 485) 539
(917, 484) 540
(919, 484) 541
(921, 484) 542
(922, 483) 543
(924, 483) 544
(925, 482) 545
(926, 482) 546
(927, 482) 547
(928, 481) 548
(929, 481) 549
(930, 481) 550
(930, 480) 551
(929, 480) 552
(926, 481) 553
(924, 481) 554
(923, 481) 555
(922, 481) 556
(922, 481) 557
(921, 481) 558
(920, 481) 559
(919, 480) 560
(918, 480) 561
(918, 480) 562
(917, 480) 563
(916, 479) 564
(916, 479) 565
(915, 478) 566
(915, 478) 567
(914, 477) 568
(914, 477) 569
(914, 477) 570
(913, 476) 571
(913, 476) 572
(913, 475) 573
(913, 475) 574
(913, 474) 575
(914, 474) 576
(915, 473) 577
(915, 473) 578
(916, 472) 579
(916, 472) 580
(917, 471) 581
(917, 471) 582
(917, 470) 583
(918, 469) 584
(918, 469) 585
(920, 469) 586
(929, 469) 587
(936, 469) 588
(941, 469) 589
(946, 469) 590
(951, 470) 591
(955, 470) 592
(959, 470) 593
(962, 470) 594
(965, 470) 595
(965, 470) 596
(962, 471) 597
(957, 471) 598
(952, 471) 599
(947, 470) 600
(943, 470) 601
(939, 470) 602
(935, 470) 603
(932, 470) 604
(929, 470) 605
(927, 470) 606
(925, 470) 607
(923, 470) 608
(921, 470) 609
(919, 470) 610
(918, 470) 611
(916, 470) 612
(915, 470) 613
(914, 470) 614
(914, 470) 615
(914, 470) 616
(915, 470) 617
(915, 470) 618
(915, 469) 619
(916, 469) 620
(917, 470) 621
(917, 470) 622
(917, 470) 623
(918, 469) 624
(920, 469) 625
(921, 469) 626
(922, 468) 627
(922, 468) 628
(922, 468) 629
(921, 468) 630
(920, 468) 631
(918, 468) 632
(917, 468) 633
(916, 468) 634
(915, 468) 635
(914, 468) 636
(913, 468) 637
(912, 468) 638
(911, 468) 639
(910, 468) 640
(909, 468) 641
(908, 469) 642
(908, 469) 643
(911, 469) 644
(913, 469) 645
(916, 469) 646
(918, 469) 647
(920, 469) 648
(919, 469) 649
(918, 469) 650
(917, 469) 651
(916, 468) 652
(916, 468) 653
(916, 468) 654
(915, 468) 655
(915, 468) 656
(913, 469) 657
(911, 469) 658
(911, 468) 659
(911, 468) 660
(910, 467) 661
(909, 467) 662
(909, 467) 663
(910, 467) 664
(909, 468) 665
(908, 468) 666
(908, 469) 667
(908, 470) 668
(910, 471) 669
(913, 472) 670
(912, 473) 671
(910, 473) 672
(910, 474) 673
(910, 475) 674
(910, 475) 675
(911, 476) 676
(912, 476) 677
(910, 476) 678
(908, 476) 679
(907, 477) 680
(908, 478) 681
(909, 479) 682
(911, 480) 683
(915, 481) 684
(918, 481) 685
(926, 482) 686
(933, 483) 687
(939, 483) 688
(945, 484) 689
(950, 485) 690
(954, 485) 691
(958, 486) 692
(966, 487) 693
(969, 487) 694
(976, 489) 695
(983, 490) 696
(988, 491) 697
(993, 492) 698
(998, 493) 699
(1002, 494) 700
(1006, 496) 701
(1009, 497) 702
(1012, 498) 703
(1014, 499) 704
(1017, 500) 705
(1019, 501) 706
(1021, 502) 707
(1024, 503) 708
(1028, 503) 709
(1031, 504) 710
(1033, 505) 711
(1037, 505) 712
(1038, 506) 713
(1039, 507) 714
(1038, 507) 715
(1038, 508) 716
(1039, 509) 717
(1041, 509) 718
(1043, 510) 719
(1043, 510) 720
(1042, 511) 721
(1041, 511) 722
(1040, 511) 723
(1039, 511) 724
(1037, 512) 725
(1032, 512) 726
(1030, 513) 727
(1026, 514) 728
(1026, 514) 729
(1023, 514) 730
(1019, 515) 731
(1016, 515) 732
(1015, 515) 733
(1015, 515) 734
(1015, 517) 735
(1016, 517) 736
(1016, 516) 737
(1018, 515) 738
(1018, 515) 739
(1018, 516) 740
(1017, 515) 741
(1016, 515) 742
(1014, 514) 743
(1014, 515) 744
(1013, 515) 745
(1012, 515) 746
(1011, 516) 747
(1009, 516) 748
(1448, 459) 395
(1452, 460) 396
(1457, 461) 397
(1458, 461) 398
(1459, 461) 399
(1458, 461) 400
(1457, 461) 401
(1456, 460) 402
(1455, 460) 403
(1454, 460) 404
(1454, 460) 405
(1454, 460) 406
(1453, 460) 407
(1453, 460) 408
(1453, 460) 409
(1453, 460) 410
(1452, 460) 411
(1452, 460) 412
(1452, 460) 413
(1452, 460) 414
(1452, 460) 415
(1452, 460) 416
(1452, 460) 417
(1451, 460) 418
(1451, 460) 419
(1451, 460) 420
(1451, 460) 421
(1453, 460) 422
(1455, 460) 423
(1457, 459) 424
(1458, 458) 425
(1459, 458) 426
(1460, 457) 427
(1461, 457) 428
(1462, 456) 429
(1463, 456) 430
(1464, 455) 431
(1465, 455) 432
(1465, 454) 433
(1466, 454) 434
(1466, 453) 435
(1472, 453) 436
(1478, 452) 437
(1483, 452) 438
(1488, 451) 439
(1492, 451) 440
(1495, 451) 441
(1499, 450) 442
(1502, 450) 443
(1511, 450) 444
(1520, 450) 445
(1527, 450) 446
(1534, 450) 447
(1541, 450) 448
(1542, 450) 449
(1542, 450) 450
(1544, 451) 451
(1546, 452) 452
(1547, 452) 453
(1546, 454) 454
(1546, 455) 455
(1546, 456) 456
(1552, 457) 457
(1557, 457) 458
(1562, 458) 459
(1566, 458) 460
(1570, 459) 461
(1574, 459) 462
(1574, 459) 463
(1573, 460) 464
(1565, 462) 465
(1557, 464) 466
(1550, 465) 467
(1543, 467) 468
(1539, 468) 469
(1537, 468) 470
(1536, 468) 471
(1535, 468) 472
(1535, 468) 473
(1534, 468) 474
(1531, 469) 475
(1529, 469) 476
(1527, 469) 477
(1525, 469) 478
(1523, 469) 479
(1521, 469) 480
(1520, 470) 481
(1519, 470) 482
(1518, 470) 483
(1517, 470) 484
(1516, 470) 485
(1515, 470) 486
(1514, 471) 487
(1514, 471) 488
(1513, 471) 489
(1512, 471) 490
(1512, 471) 491
(1511, 471) 492
(1511, 471) 493
(1511, 473) 494
(1512, 474) 495
(1515, 475) 496
(414, 488) 476
(413, 488) 477
(412, 488) 478
(413, 488) 479
(413, 488) 480
(413, 487) 481
(412, 487) 482
(412, 487) 483
(406, 488) 484
(400, 488) 485
(394, 489) 486
(388, 490) 487
(382, 490) 488
(377, 491) 489
(372, 492) 490
(368, 492) 491
(368, 494) 492
(368, 496) 493
(373, 497) 494
(377, 499) 495
(381, 501) 496
(385, 503) 497
(388, 504) 498
(389, 505) 499
(390, 506) 500
(391, 507) 501
(392, 507) 502
(393, 508) 503
(394, 509) 504
(399, 509) 505
(402, 510) 506
(412, 510) 507
(421, 510) 508
(429, 510) 509
(428, 511) 510
(426, 511) 511
(426, 511) 512
(427, 512) 513
(430, 513) 514
(436, 514) 515
(442, 515) 516
(447, 515) 517
(456, 516) 518
(463, 516) 519
(470, 517) 520
(477, 518) 521
(482, 519) 522
(486, 520) 523
(490, 520) 524
(493, 521) 525
(496, 522) 526
(498, 522) 527
(500, 523) 528
(501, 523) 529
(502, 524) 530
(503, 524) 531
(504, 525) 532
(505, 525) 533
(505, 525) 534
(506, 526) 535
(507, 526) 536
(507, 527) 537
(508, 527) 538
(508, 527) 539
(514, 528) 540
(514, 529) 541
(514, 530) 542
(510, 531) 543
(506, 532) 544
(503, 532) 545
(500, 533) 546
(497, 534) 547
(495, 534) 548
(493, 535) 549
(493, 536) 550
(494, 537) 551
(497, 539) 552
(499, 541) 553
(499, 541) 554
(498, 540) 555
(498, 539) 556
(491, 538) 557
(485, 536) 558
(481, 535) 559
(478, 534) 560
(474, 532) 561
(478, 531) 562
(483, 530) 563
(490, 529) 564
(488, 528) 565
(486, 527) 566
(484, 527) 567
(476, 526) 568
(473, 525) 569
(470, 524) 570
(467, 524) 571
(464, 524) 572
(462, 523) 573
(461, 523) 574
(460, 523) 575
(458, 522) 576
(457, 522) 577
(456, 522) 578
(452, 522) 579
(448, 523) 580
(444, 523) 581
(439, 523) 582
(435, 523) 583
(431, 524) 584
(427, 524) 585
(427, 524) 586
(427, 525) 587
(427, 525) 588
(426, 525) 589
(426, 525) 590
(426, 525) 591
(430, 525) 592
(435, 524) 593
(439, 524) 594
(444, 523) 595
(448, 523) 596
(454, 522) 597
(460, 522) 598
(467, 521) 599
(473, 520) 600
(479, 520) 601
(484, 519) 602
(489, 519) 603
(493, 518) 604
(497, 518) 605
(500, 517) 606
(505, 516) 607
(510, 515) 608
(514, 514) 609
(518, 513) 610
(521, 512) 611
(524, 511) 612
(527, 510) 613
(529, 509) 614
(532, 509) 615
(534, 508) 616
(542, 506) 617
(550, 505) 618
(560, 503) 619
(570, 502) 620
(580, 500) 621
(585, 500) 622
(597, 500) 623
(609, 499) 624
(621, 499) 625
(626, 499) 626
(636, 499) 627
(645, 500) 628
(653, 500) 629
(660, 500) 630
(667, 500) 631
(673, 500) 632
(678, 500) 633
(683, 500) 634
(687, 500) 635
(691, 501) 636
(695, 501) 637
(698, 501) 638
(701, 501) 639
(703, 501) 640
(709, 500) 641
(715, 498) 642
(720, 497) 643
(725, 496) 644
(729, 495) 645
(733, 494) 646
(736, 493) 647
(739, 491) 648
(742, 490) 649
(744, 489) 650
(746, 488) 651
(748, 487) 652
(750, 486) 653
(752, 485) 654
(753, 484) 655
(754, 483) 656
(756, 482) 657
(757, 481) 658
(758, 481) 659
(758, 480) 660
(761, 480) 661
(759, 480) 662
(756, 481) 663
(753, 481) 664
(749, 481) 665
(745, 481) 666
(740, 481) 667
(738, 481) 668
(735, 481) 669
(732, 481) 670
(729, 481) 671
(726, 481) 672
(723, 481) 673
(719, 481) 674
(187, 342) 554
(186, 342) 555
(185, 341) 556
(184, 340) 557
(183, 340) 558
(182, 339) 559
(182, 338) 560
(188, 337) 561
(194, 336) 562
(199, 336) 563
(204, 335) 564
(209, 335) 565
(213, 334) 566
(216, 333) 567
(219, 333) 568
(222, 334) 569
(222, 335) 570
(223, 336) 571
(223, 338) 572
(223, 339) 573
(223, 340) 574
(223, 342) 575
(219, 344) 576
(213, 347) 577
(206, 349) 578
(200, 352) 579
(195, 354) 580
(189, 357) 581
(184, 359) 582
(180, 361) 583
(172, 363) 584
(162, 366) 585
(154, 368) 586
(147, 371) 587
(141, 374) 588
(135, 376) 589
(130, 379) 590
(125, 381) 591
(114, 384) 592
(101, 386) 593
(88, 388) 594
(77, 391) 595
(68, 394) 596
(59, 397) 597
(50, 399) 598
(42, 402) 599
(29, 405) 600
(29, 408) 601
(1930, 412) 602
(1919, 415) 603
(1909, 417) 604
(1901, 420) 605
(1899, 423) 606
(1896, 426) 607
(1897, 429) 608
(1898, 432) 609
(1898, 435) 610
(1894, 438) 611
(1890, 441) 612
(1885, 444) 613
(1887, 446) 614
(1896, 449) 615
(1904, 451) 616
(1905, 453) 617
(1909, 456) 618
(1912, 458) 619
(1916, 460) 620
(1920, 462) 621
(1924, 465) 622
(1924, 467) 623
(11, 469) 624
(14, 471) 625
(15, 472) 626
(16, 474) 627
(16, 476) 628
(16, 478) 629
(17, 479) 630
(1935, 481) 631
(1930, 482) 632
(1929, 484) 633
(10, 486) 634
(11, 487) 635
(14, 489) 636
(14, 490) 637
(16, 492) 638
(17, 493) 639
(16, 495) 640
(16, 496) 641
(15, 498) 642
(15, 499) 643
(16, 501) 644
(16, 502) 645
(16, 503) 646
(17, 504) 647
(16, 505) 648
(13, 506) 649
(11, 507) 650
(11, 508) 651
(12, 509) 652
(14, 510) 653
(14, 510) 654
(15, 511) 655
(16, 511) 656
(16, 512) 657
(16, 512) 658
(16, 512) 659
(16, 513) 660
(19, 513) 661
(24, 514) 662
(28, 514) 663
(32, 515) 664
(35, 515) 665
(37, 516) 666
(39, 516) 667
(42, 517) 668
(42, 518) 669
(43, 519) 670
(46, 519) 671
(50, 519) 672
(54, 520) 673
(52, 520) 674
(52, 520) 675
(52, 520) 676
(52, 521) 677
(51, 521) 678
(51, 522) 679
(55, 522) 680
(59, 522) 681
(62, 522) 682
(64, 523) 683
(67, 523) 684
(68, 523) 685
(71, 523) 686
(73, 523) 687
(75, 523) 688
(76, 523) 689
(77, 523) 690
(79, 523) 691
(80, 523) 692
(82, 523) 693
(86, 523) 694
(87, 523) 695
(87, 523) 696
(88, 523) 697
(90, 523) 698
(93, 523) 699
(96, 523) 700
(98, 522) 701
(100, 522) 702
(101, 522) 703
(102, 521) 704
(103, 521) 705
(104, 520) 706
(105, 520) 707
(106, 520) 708
(107, 520) 709
(107, 520) 710
(113, 520) 711
(114, 519) 712
(114, 519) 713
(115, 519) 714
(115, 519) 715
(116, 519) 716
(116, 518) 717
(117, 518) 718
(117, 518) 719
(118, 517) 720
(119, 517) 721
(119, 516) 722
(120, 516) 723
(121, 516) 724
(121, 515) 725
(122, 515) 726
(122, 515) 727
(122, 515) 728
(122, 515) 729
(122, 515) 730
(122, 515) 731
(123, 515) 732
(122, 515) 733
(122, 515) 734
(122, 515) 735
(122, 515) 736
(123, 514) 737
(123, 514) 738
(122, 513) 739
(122, 513) 740
(122, 513) 741
(122, 513) 742
(122, 513) 743
(122, 513) 744
(122, 513) 745
(123, 512) 746
(123, 512) 747
(124, 512) 748
(124, 512) 749
(124, 512) 750
(124, 512) 751
(124, 511) 752
(124, 511) 753
(124, 511) 754
(125, 511) 755
(125, 511) 756
(125, 511) 757
(126, 511) 758
(128, 511) 759
(129, 511) 760
(128, 510) 761
(127, 510) 762
(125, 510) 763
(124, 509) 764
(125, 509) 765
(124, 509) 766
(126, 509) 767
(128, 509) 768
(130, 508) 769
(132, 508) 770
(133, 508) 771
(134, 508) 772
(136, 508) 773
(137, 508) 774
(145, 507) 775
(152, 507) 776
(158, 507) 777
(160, 506) 778
(161, 506) 779
(161, 505) 780
(162, 505) 781
(162, 504) 782
(162, 504) 783
(161, 504) 784
(161, 503) 785
(160, 503) 786
(158, 503) 787
(159, 502) 788
(159, 502) 789
(160, 502) 790
(161, 502) 791
(162, 501) 792
(163, 501) 793
(165, 501) 794
(165, 501) 795
(165, 501) 796
(165, 501) 797
(164, 501) 798
(163, 501) 799
(160, 501) 800
(157, 501) 801
(156, 500) 802
(157, 500) 803
(159, 499) 804
(159, 499) 805
(160, 499) 806
(160, 499) 807
(161, 498) 808
(162, 499) 809
(162, 499) 810
(162, 499) 811
(161, 499) 812
(162, 500) 813
(161, 500) 814
(162, 500) 815
(161, 499) 816
(161, 499) 817
(160, 499) 818
(159, 499) 819
(156, 500) 820
(157, 500) 821
(157, 500) 822
(158, 500) 823
(158, 500) 824
(158, 500) 825
(159, 500) 826
(160, 500) 827
(161, 500) 828
(162, 499) 829
(163, 499) 830
(163, 499) 831
(164, 499) 832
(165, 499) 833
(166, 499) 834
(167, 499) 835
(169, 499) 836
(170, 500) 837
(172, 500) 838
(173, 500) 839
(174, 501) 840
(173, 501) 841
(174, 501) 842
(176, 501) 843
(178, 502) 844
(181, 502) 845
(184, 502) 846
(186, 502) 847
(187, 502) 848
(189, 503) 849
(192, 504) 850
(192, 504) 851
(192, 505) 852
(192, 505) 853
(192, 505) 854
(193, 506) 855
(199, 506) 856
(204, 507) 857
(208, 508) 858
(213, 508) 859
(217, 509) 860
(220, 509) 861
(221, 510) 862
(225, 510) 863
(229, 511) 864
(233, 511) 865
(238, 512) 866
(244, 512) 867
(248, 513) 868
(253, 513) 869
(252, 513) 870
(253, 514) 871
(252, 514) 872
(250, 514) 873
(250, 514) 874
(249, 515) 875
(240, 515) 876
(1443, 476) 586
(1443, 476) 587
(1443, 476) 588
(1443, 476) 589
(1443, 476) 590
(1443, 476) 591
(1443, 476) 592
(1443, 476) 593
(1443, 476) 594
(1443, 476) 595
(1443, 476) 596
(1443, 476) 597
(1444, 478) 598
(1445, 479) 599
(1446, 481) 600
(1447, 482) 601
(1448, 484) 602
(1449, 485) 603
(1450, 487) 604
(1450, 488) 605
(1451, 489) 606
(1451, 491) 607
(1452, 492) 608
(1453, 493) 609
(1454, 494) 610
(1455, 495) 611
(1455, 496) 612
(1456, 497) 613
(1456, 498) 614
(1457, 499) 615
(1457, 500) 616
(1458, 501) 617
(1458, 501) 618
(1458, 502) 619
(1457, 503) 620
(1457, 503) 621
(1459, 504) 622
(1460, 505) 623
(1462, 506) 624
(1463, 507) 625
(1463, 507) 626
(1464, 508) 627
(1464, 509) 628
(1464, 509) 629
(1465, 510) 630
(1465, 511) 631
(1465, 511) 632
(1465, 512) 633
(1465, 512) 634
(1466, 513) 635
(1466, 514) 636
(1466, 514) 637
(1466, 515) 638
(1466, 515) 639
(1466, 516) 640
(1466, 516) 641
(1466, 517) 642
(1466, 517) 643
(1466, 518) 644
(1467, 517) 645
(1470, 517) 646
(1475, 517) 647
(1480, 517) 648
(1486, 517) 649
(1490, 517) 650
(1494, 517) 651
(1498, 516) 652
(1501, 516) 653
(1504, 516) 654
(1507, 516) 655
(1510, 516) 656
(1512, 516) 657
(1514, 516) 658
(1515, 516) 659
(1515, 515) 660
(1514, 517) 661
(1512, 518) 662
(1507, 519) 663
(1503, 520) 664
(1500, 521) 665
(1497, 522) 666
(1494, 523) 667
(1492, 524) 668
(1492, 524) 669
(1491, 525) 670
(1488, 525) 671
(1486, 526) 672
(1484, 527) 673
(1481, 528) 674
(1479, 529) 675
(1477, 530) 676
(1475, 530) 677
(462, 566) 635
(462, 565) 636
(462, 565) 637
(462, 565) 638
(462, 564) 639
(462, 564) 640
(461, 563) 641
(461, 563) 642
(460, 562) 643
(460, 562) 644
(460, 561) 645
(459, 561) 646
(459, 560) 647
(459, 560) 648
(458, 559) 649
(458, 559) 650
(458, 558) 651
(458, 558) 652
(458, 557) 653
(460, 558) 654
(462, 558) 655
(462, 558) 656
(463, 558) 657
(464, 558) 658
(464, 558) 659
(463, 558) 660
(462, 557) 661
(461, 557) 662
(458, 556) 663
(455, 556) 664
(445, 556) 665
(435, 556) 666
(425, 555) 667
(416, 555) 668
(408, 554) 669
(400, 554) 670
(393, 554) 671
(387, 553) 672
(381, 553) 673
(378, 552) 674
(380, 551) 675
(383, 551) 676
(387, 550) 677
(390, 550) 678
(393, 550) 679
(395, 549) 680
(401, 549) 681
(405, 548) 682
(412, 547) 683
(417, 546) 684
(422, 545) 685
(427, 544) 686
(430, 544) 687
(434, 543) 688
(436, 542) 689
(439, 542) 690
(441, 541) 691
(442, 540) 692
(444, 540) 693
(445, 539) 694
(447, 539) 695
(448, 538) 696
(449, 537) 697
(452, 536) 698
(454, 534) 699
(456, 532) 700
(458, 531) 701
(460, 529) 702
(462, 528) 703
(463, 526) 704
(465, 525) 705
(467, 524) 706
(474, 522) 707
(485, 521) 708
(496, 520) 709
(506, 519) 710
(515, 518) 711
(523, 517) 712
(530, 516) 713
(537, 515) 714
(543, 514) 715
(548, 513) 716
(552, 512) 717
(557, 511) 718
(561, 510) 719
(564, 510) 720
(567, 509) 721
(570, 508) 722
(572, 507) 723
(575, 506) 724
(577, 505) 725
(577, 505) 726
(575, 505) 727
(565, 505) 728
(555, 506) 729
(545, 507) 730
(536, 507) 731
(527, 508) 732
(521, 508) 733
(515, 509) 734
(510, 509) 735
(501, 509) 736
(493, 509) 737
(485, 508) 738
(486, 508) 739
(487, 508) 740
(489, 508) 741
(494, 508) 742
(498, 508) 743
(501, 507) 744
(503, 507) 745
(506, 508) 746
(510, 508) 747
(513, 509) 748
(515, 509) 749
(516, 509) 750
(516, 510) 751
(517, 510) 752
(516, 510) 753
(511, 509) 754
(507, 509) 755
(503, 509) 756
(498, 508) 757
(494, 508) 758
(492, 508) 759
(489, 508) 760
(487, 508) 761
(484, 508) 762
(482, 508) 763
(480, 508) 764
(472, 509) 765
(464, 509) 766
(458, 510) 767
(453, 510) 768
(449, 511) 769
(444, 511) 770
(434, 511) 771
(424, 511) 772
(413, 511) 773
(403, 511) 774
(394, 511) 775
(386, 511) 776
(379, 510) 777
(372, 510) 778
(366, 510) 779
(361, 510) 780
(356, 510) 781
(352, 509) 782
(348, 509) 783
(345, 509) 784
(347, 509) 785
(348, 510) 786
(349, 510) 787
(350, 510) 788
(350, 511) 789
(350, 511) 790
(350, 512) 791
(350, 512) 792
(349, 512) 793
(349, 513) 794
(348, 515) 795
(347, 516) 796
(347, 517) 797
(345, 518) 798
(343, 520) 799
(340, 521) 800
(336, 523) 801
(331, 525) 802
(326, 527) 803
(321, 528) 804
(315, 530) 805
(309, 532) 806
(302, 534) 807
(295, 536) 808
(1325, 444) 727
(1322, 444) 728
(1320, 445) 729
(1318, 446) 730
(1316, 447) 731
(1314, 448) 732
(1312, 449) 733
(1311, 450) 734
(1309, 451) 735
(1307, 453) 736
(1306, 454) 737
(1304, 455) 738
(1303, 457) 739
(1302, 458) 740
(1301, 459) 741
(1301, 461) 742
(1300, 462) 743
(1299, 463) 744
(1299, 464) 745
(1298, 465) 746
(1297, 466) 747
(1297, 467) 748
(1296, 469) 749
(1295, 470) 750
(1295, 471) 751
(1294, 472) 752
(1293, 473) 753
(1293, 474) 754
(1292, 475) 755
(1291, 476) 756
(1291, 477) 757
(1290, 478) 758
(1289, 479) 759
(1289, 481) 760
(1288, 482) 761
(1288, 483) 762
(1288, 485) 763
(1287, 486) 764
(1287, 488) 765
(1287, 488) 766
(1288, 489) 767
(1289, 489) 768
(1291, 488) 769
(1293, 488) 770
(1293, 489) 771
(1294, 490) 772
(1294, 490) 773
(1294, 491) 774
(1294, 492) 775
(1294, 492) 776
(1294, 494) 777
(1294, 495) 778
(1294, 496) 779
(1294, 498) 780
(1293, 499) 781
(1292, 500) 782
(1290, 500) 783
(1287, 501) 784
(1286, 501) 785
(1284, 502) 786
(1282, 502) 787
(1280, 503) 788
(1279, 504) 789
(1278, 505) 790
(1278, 505) 791
(1278, 506) 792
(1278, 507) 793
(1277, 508) 794
(1277, 509) 795
(1277, 510) 796
(1277, 510) 797
(1277, 511) 798
(1277, 512) 799
(1277, 513) 800
(1276, 513) 801
(1276, 514) 802
(1276, 515) 803
(1276, 515) 804
(1277, 516) 805
(1278, 516) 806
(1279, 517) 807
(1279, 516) 808
(1280, 516) 809
(1281, 516) 810
(1282, 516) 811
(1285, 516) 812
(1286, 516) 813
(1287, 516) 814
(1289, 515) 815
(1290, 515) 816
(1291, 515) 817
(1293, 515) 818
(1293, 515) 819
(1293, 515) 820
(1294, 515) 821
(1294, 515) 822
(1295, 515) 823
(1295, 514) 824
(1296, 514) 825
(1297, 514) 826
(1297, 514) 827
(1299, 514) 828
(1300, 514) 829
(1300, 514) 830
(1298, 514) 831
(1296, 514) 832
(1294, 514) 833
(1293, 514) 834
(1293, 514) 835
(1297, 515) 836
(1298, 515) 837
(1298, 515) 838
(1297, 515) 839
(1296, 515) 840
(1295, 515) 841
(1293, 515) 842
(1293, 515) 843
(1293, 515) 844
(1292, 515) 845
(1292, 515) 846
(1292, 514) 847
(1292, 514) 848
(1290, 514) 849
(1289, 514) 850
(1285, 514) 851
(1282, 515) 852
(1279, 515) 853
(1281, 515) 854
(1282, 515) 855
(1283, 515) 856
(1284, 514) 857
(1285, 514) 858
(1286, 514) 859
(1287, 514) 860
(1288, 514) 861
(1289, 513) 862
(1289, 513) 863
(1289, 513) 864
(1288, 513) 865
(1286, 513) 866
(1285, 513) 867
(1283, 513) 868
(1284, 513) 869
(1284, 513) 870
(1284, 514) 871
(1284, 514) 872
(1284, 514) 873
(1284, 514) 874
(1284, 514) 875
(1284, 515) 876
(1284, 515) 877
(1281, 515) 878
(1281, 515) 879
(1281, 515) 880
(1280, 515) 881
(1279, 516) 882
(1279, 517) 883
(1280, 518) 884
(1280, 519) 885
(1281, 519) 886
(1281, 520) 887
(1281, 521) 888
(1281, 521) 889
(1281, 522) 890
(1279, 523) 891
(1280, 524) 892
(1281, 525) 893
(1282, 526) 894
(1284, 525) 895
(1286, 525) 896
(1287, 525) 897
(1289, 525) 898
(1289, 524) 899
(1287, 525) 900
(1284, 525) 901
(1282, 525) 902
(1280, 524) 903
(1278, 524) 904
(1277, 524) 905
(1276, 524) 906
(1275, 523) 907
(1274, 523) 908
(1273, 523) 909
(1272, 523) 910
(1271, 523) 911
(1270, 522) 912
(1269, 522) 913
(1269, 522) 914
(1268, 522) 915
(1268, 522) 916
(1267, 521) 917
(1267, 521) 918
(1268, 521) 919
(1269, 521) 920
(1269, 520) 921
(1268, 520) 922
(1266, 519) 923
(1260, 519) 924
(1255, 518) 925
(1257, 517) 926
(1131, 295) 758
(1131, 294) 759
(1131, 294) 760
(1132, 294) 761
(1133, 295) 762
(1133, 295) 763
(1134, 295) 764
(1134, 295) 765
(1138, 296) 766
(1142, 295) 767
(1145, 294) 768
(1149, 292) 769
(1154, 290) 770
(1160, 288) 771
(1166, 285) 772
(1173, 283) 773
(1179, 280) 774
(1181, 277) 775
(1183, 275) 776
(1186, 272) 777
(1190, 270) 778
(1194, 267) 779
(1198, 265) 780
(1202, 262) 781
(1206, 260) 782
(1209, 258) 783
(1212, 255) 784
(1215, 253) 785
(1217, 251) 786
(1219, 249) 787
(1221, 247) 788
(1220, 246) 789
(1218, 245) 790
(1216, 245) 791
(1214, 244) 792
(1212, 244) 793
(1209, 244) 794
(1205, 244) 795
(1201, 244) 796
(1198, 244) 797
(1196, 244) 798
(1193, 244) 799
(1191, 244) 800
(1189, 244) 801
(1187, 244) 802
(1186, 244) 803
(1184, 244) 804
(1183, 244) 805
(1182, 244) 806
(1181, 244) 807
(1180, 244) 808
(1179, 244) 809
(1178, 244) 810
(1177, 245) 811
(1177, 245) 812
(1176, 245) 813
(1173, 245) 814
(1170, 246) 815
(1167, 246) 816
(1165, 246) 817
(1164, 246) 818
(1162, 247) 819
(1162, 247) 820
(1163, 246) 821
(1165, 245) 822
(1168, 244) 823
(1172, 243) 824
(1176, 241) 825
(1179, 240) 826
(1183, 238) 827
(1188, 237) 828
(1192, 235) 829
(1196, 233) 830
(1201, 232) 831
(1205, 230) 832
(1209, 228) 833
(1213, 226) 834
(1216, 225) 835
(1219, 223) 836
(1222, 221) 837
(1225, 220) 838
(1227, 218) 839
(1229, 217) 840
(1231, 215) 841
(1232, 214) 842
(1234, 212) 843
(1234, 211) 844
(1231, 209) 845
(1228, 207) 846
(1225, 205) 847
(1224, 204) 848
(1220, 203) 849
(1219, 202) 850
(1219, 201) 851
(1219, 200) 852
(1219, 198) 853
(1221, 197) 854
(1223, 196) 855
(1225, 195) 856
(1228, 193) 857
(1231, 192) 858
(1235, 191) 859
(1239, 189) 860
(1244, 188) 861
(1249, 186) 862
(1254, 185) 863
(1258, 183) 864
(1263, 182) 865
(1267, 180) 866
(1271, 179) 867
(1275, 177) 868
(1280, 176) 869
(1284, 174) 870
(1287, 172) 871
(1290, 171) 872
(1293, 169) 873
(1295, 167) 874
(1298, 166) 875
(1300, 164) 876
(1302, 163) 877
(1302, 161) 878
(1304, 160) 879
(1306, 158) 880
(1308, 157) 881
(1308, 155) 882
(1307, 154) 883
(1305, 153) 884
(1303, 153) 885
(1298, 153) 886
(1295, 153) 887
(1292, 153) 888
(1289, 153) 889
(1287, 153) 890
(1287, 152) 891
(1288, 151) 892
(1290, 150) 893
(1292, 149) 894
(1294, 148) 895
(1296, 147) 896
(1298, 147) 897
(1299, 146) 898
(1301, 145) 899
(1302, 144) 900
(1303, 143) 901
(1304, 142) 902
(1305, 141) 903
(1305, 140) 904
(1306, 140) 905
(1307, 139) 906
(1309, 139) 907
(1310, 138) 908
(1311, 138) 909
(1311, 137) 910
(1311, 137) 911
(1311, 136) 912
(1311, 136) 913
(1310, 135) 914
(1310, 135) 915
(1309, 134) 916
(1733, 516) 792
(1733, 516) 793
(1732, 516) 794
(1733, 517) 795
(1733, 517) 796
(1730, 516) 797
(1728, 517) 798
(1726, 517) 799
(1725, 518) 800
(1723, 519) 801
(1720, 519) 802
(1718, 520) 803
(1716, 520) 804
(1714, 521) 805
(1712, 522) 806
(1711, 522) 807
(1709, 523) 808
(1706, 523) 809
(1702, 523) 810
(1699, 524) 811
(1696, 524) 812
(1693, 525) 813
(1691, 525) 814
(1690, 526) 815
(1688, 526) 816
(1688, 527) 817
(1688, 528) 818
(1694, 529) 819
(1701, 529) 820
(1707, 530) 821
(1713, 531) 822
(1721, 531) 823
(1727, 531) 824
(1732, 531) 825
(1738, 531) 826
(1744, 531) 827
(1745, 532) 828
(1746, 532) 829
(1746, 533) 830
(1747, 533) 831
(1748, 534) 832
(1748, 534) 833
(1749, 535) 834
(1750, 535) 835
(1750, 536) 836
(1750, 536) 837
(1746, 538) 838
(1738, 540) 839
(1729, 542) 840
(1717, 545) 841
(1701, 549) 842
(1684, 553) 843
(1669, 556) 844
(1655, 560) 845
(1642, 563) 846
(1629, 567) 847
(1616, 570) 848
(1605, 573) 849
(1591, 577) 850
(1577, 581) 851
(1565, 585) 852
(1554, 588) 853
(1544, 592) 854
(1529, 595) 855
(1516, 599) 856
(1504, 602) 857
(1489, 606) 858
(1474, 609) 859
(1458, 613) 860
(1444, 616) 861
(1429, 619) 862
(1414, 623) 863
(1400, 626) 864
(1387, 629) 865
(1373, 633) 866
(1360, 636) 867
(1347, 639) 868
(1334, 642) 869
(1321, 644) 870
(1309, 646) 871
(1300, 648) 872
(1292, 650) 873
(1283, 651) 874
(1275, 651) 875
(1267, 652) 876
(1262, 652) 877
(1259, 652) 878
(1257, 652) 879
(1255, 651) 880
(1254, 651) 881
(1252, 651) 882
(1251, 651) 883
(1250, 651) 884
(1248, 651) 885
(1247, 651) 886
(1247, 651) 887
(1246, 650) 888
(1245, 650) 889
(1244, 650) 890
(1244, 650) 891
(1243, 650) 892
(1243, 650) 893
(1242, 650) 894
(1242, 650) 895
(1241, 650) 896
(1241, 649) 897
(1244, 650) 898
(1247, 650) 899
(1249, 650) 900
(1251, 650) 901
(1253, 650) 902
(1254, 650) 903
(1255, 650) 904
(1257, 651) 905
(1258, 651) 906
(1259, 651) 907
(1260, 651) 908
(1261, 651) 909
(1261, 651) 910
(1262, 651) 911
(1263, 651) 912
(1263, 652) 913
(1264, 652) 914
(1264, 652) 915
(1264, 652) 916
(1263, 652) 917
(1263, 652) 918
(1267, 652) 919
(1272, 652) 920
(1276, 652) 921
(1280, 652) 922
(1284, 652) 923
(1288, 652) 924
(1293, 652) 925
(1297, 652) 926
(1302, 652) 927
(1306, 652) 928
(1311, 652) 929
(1316, 651) 930
(1321, 651) 931
(1326, 651) 932
(1331, 651) 933
(1336, 651) 934
(1341, 651) 935
(1345, 651) 936
(1349, 651) 937
(1353, 651) 938
(1357, 651) 939
(1360, 651) 940
(1364, 650) 941
(1368, 650) 942
(1374, 651) 943
(1381, 651) 944
(1387, 653) 945
(1394, 654) 946
(1401, 656) 947
(1408, 659) 948
(1417, 662) 949
(1426, 665) 950
(1435, 667) 951
(1450, 670) 952
(1468, 672) 953
(1488, 675) 954
(1509, 677) 955
(1530, 679) 956
(1550, 681) 957
(1571, 683) 958
(1587, 684) 959
(1603, 686) 960
(1625, 687) 961
(1647, 689) 962
(1669, 690) 963
(1689, 692) 964
(1707, 693) 965
(1725, 694) 966
(1739, 695) 967
(1752, 696) 968
(1763, 697) 969
(1775, 698) 970
(931, 457) 811
(931, 457) 812
(935, 457) 813
(939, 457) 814
(948, 457) 815
(961, 458) 816
(972, 458) 817
(983, 459) 818
(986, 459) 819
(982, 460) 820
(984, 460) 821
(987, 462) 822
(989, 463) 823
(991, 464) 824
(993, 465) 825
(995, 466) 826
(996, 467) 827
(1004, 469) 828
(1017, 470) 829
(1030, 472) 830
(1043, 473) 831
(1054, 474) 832
(1059, 474) 833
(1063, 474) 834
(1067, 474) 835
(1070, 474) 836
(1074, 474) 837
(1076, 474) 838
(1079, 474) 839
(1081, 474) 840
(1082, 474) 841
(1081, 475) 842
(1076, 476) 843
(1069, 477) 844
(1060, 478) 845
(1052, 479) 846
(1046, 480) 847
(1039, 482) 848
(1039, 482) 849
(1039, 483) 850
(1041, 484) 851
(1042, 485) 852
(1042, 487) 853
(1038, 487) 854
(1034, 487) 855
(1032, 488) 856
(1030, 489) 857
(1029, 489) 858
(1027, 489) 859
(1024, 490) 860
(1024, 490) 861
(1027, 490) 862
(1030, 490) 863
(1030, 491) 864
(1029, 491) 865
(1026, 492) 866
(1024, 492) 867
(1025, 493) 868
(1024, 493) 869
(1020, 494) 870
(1019, 494) 871
(1017, 494) 872
(1017, 493) 873
(1017, 493) 874
(1017, 492) 875
(1022, 492) 876
(1022, 491) 877
(1020, 491) 878
(1018, 491) 879
(1011, 491) 880
(1006, 491) 881
(1000, 491) 882
(996, 491) 883
(991, 491) 884
(988, 491) 885
(986, 491) 886
(985, 490) 887
(984, 490) 888
(979, 490) 889
(967, 490) 890
(956, 490) 891
(952, 491) 892
(947, 492) 893
(944, 492) 894
(942, 492) 895
(941, 493) 896
(941, 493) 897
(941, 493) 898
(941, 494) 899
(945, 494) 900
(950, 495) 901
(960, 496) 902
(975, 498) 903
(988, 499) 904
(999, 501) 905
(1011, 502) 906
(1014, 503) 907
(1024, 503) 908
(1040, 504) 909
(1054, 504) 910
(1073, 504) 911
(1091, 504) 912
(1108, 504) 913
(1124, 505) 914
(1138, 505) 915
(1152, 505) 916
(1165, 506) 917
(1184, 507) 918
(1201, 508) 919
(1216, 509) 920
(1229, 510) 921
(1242, 511) 922
(1253, 512) 923
(1263, 513) 924
(1272, 514) 925
(1280, 515) 926
(1283, 515) 927
(1287, 514) 928
(1285, 514) 929
(1284, 513) 930
(1283, 513) 931
(1282, 512) 932
(1279, 512) 933
(1279, 511) 934
(1276, 510) 935
(1274, 510) 936
(1274, 509) 937
(1276, 509) 938
(1276, 509) 939
(1276, 508) 940
(1275, 508) 941
(1275, 508) 942
(1274, 507) 943
(1274, 507) 944
(1273, 507) 945
(1272, 507) 946
(1271, 506) 947
(1270, 506) 948
(1267, 506) 949
(1260, 506) 950
(1253, 506) 951
(1251, 506) 952
(1248, 507) 953
(1250, 507) 954
(1253, 507) 955
(1256, 507) 956
(1259, 508) 957
(1262, 508) 958
(1264, 508) 959
(1266, 508) 960
(1268, 509) 961
(1269, 509) 962
(1269, 509) 963
(1268, 510) 964
(1271, 510) 965
(1273, 511) 966
(1275, 511) 967
(1276, 512) 968
(1278, 512) 969
(1279, 512) 970
(1280, 513) 971
(1281, 513) 972
(1282, 513) 973
(1282, 512) 974
(1283, 512) 975
(1283, 511) 976
(1283, 510) 977
(1284, 509) 978
(1284, 508) 979
(1284, 508) 980
(1285, 507) 981
(1285, 506) 982
(1285, 506) 983
(1285, 505) 984
(1288, 504) 985
(1290, 503) 986
(1291, 504) 987
(1290, 504) 988
(1288, 504) 989
(1288, 504) 990
(1287, 504) 991
(1285, 504) 992
(1281, 504) 993
(1278, 505) 994
(1275, 505) 995
(1272, 505) 996
(1269, 505) 997
(1265, 505) 998
(1266, 505) 999
(1267, 505) 1000
(1268, 505) 1001
(1268, 505) 1002
(1268, 505) 1003
(1268, 505) 1004
(1272, 506) 1005
(1277, 506) 1006
(1279, 506) 1007
(1280, 506) 1008
(1280, 506) 1009
(1281, 506) 1010
(1282, 506) 1011
(1281, 506) 1012
(1280, 506) 1013
(1280, 506) 1014
(1279, 507) 1015
(1279, 508) 1016
(1279, 508) 1017
(1279, 509) 1018
(1280, 510) 1019
(1281, 511) 1020
(1281, 511) 1021
(1282, 512) 1022
(1284, 513) 1023
(1285, 514) 1024
(1287, 515) 1025
(1288, 515) 1026
(1290, 516) 1027
(1291, 517) 1028
(1292, 518) 1029
(1293, 518) 1030
(1294, 519) 1031
(1295, 520) 1032
(1296, 520) 1033
(1296, 521) 1034
(1297, 522) 1035
(1298, 522) 1036
(1298, 523) 1037
(1292, 523) 1038
(1291, 523) 1039
(1289, 524) 1040
(1285, 524) 1041
(1282, 524) 1042
(1279, 523) 1043
(1280, 523) 1044
(1280, 523) 1045
(1280, 523) 1046
(1280, 523) 1047
(1273, 522) 1048
(1266, 522) 1049
(1267, 521) 1050
(1268, 521) 1051
(1269, 521) 1052
(1270, 520) 1053
(1267, 520) 1054
(1609, 448) 842
(1612, 447) 843
(1617, 447) 844
(1623, 447) 845
(1629, 447) 846
(1635, 447) 847
(1642, 447) 848
(1648, 447) 849
(1656, 448) 850
(1664, 448) 851
(1670, 448) 852
(1676, 448) 853
(1684, 449) 854
(1686, 449) 855
(1689, 449) 856
(1691, 449) 857
(1694, 450) 858
(1697, 450) 859
(1705, 450) 860
(1714, 451) 861
(1729, 453) 862
(1742, 454) 863
(1755, 455) 864
(1768, 457) 865
(1776, 458) 866
(1785, 459) 867
(1794, 460) 868
(1803, 461) 869
(1812, 462) 870
(1820, 463) 871
(1827, 464) 872
(1833, 465) 873
(1843, 467) 874
(1851, 469) 875
(1852, 471) 876
(1848, 473) 877
(1839, 475) 878
(1829, 477) 879
(1821, 479) 880
(1812, 480) 881
(1805, 482) 882
(1796, 483) 883
(1788, 485) 884
(1780, 486) 885
(1774, 488) 886
(1768, 489) 887
(1762, 491) 888
(1757, 492) 889
(1753, 493) 890
(1749, 495) 891
(1745, 496) 892
(1742, 497) 893
(1745, 498) 894
(1745, 499) 895
(1741, 499) 896
(1734, 500) 897
(1724, 501) 898
(1713, 502) 899
(1700, 503) 900
(1687, 504) 901
(1672, 505) 902
(1658, 506) 903
(1646, 507) 904
(1634, 508) 905
(1624, 509) 906
(1615, 510) 907
(1607, 511) 908
(1600, 512) 909
(1593, 513) 910
(1587, 514) 911
(1582, 515) 912
(1577, 516) 913
(1573, 517) 914
(1569, 518) 915
(1566, 518) 916
(1562, 519) 917
(1560, 520) 918
(1551, 520) 919
(1546, 521) 920
(1541, 522) 921
(1538, 522) 922
(1536, 523) 923
(1533, 523) 924
(1531, 523) 925
(1524, 523) 926
(1518, 523) 927
(1513, 523) 928
(1509, 523) 929
(1505, 523) 930
(1502, 522) 931
(1499, 522) 932
(1496, 521) 933
(1493, 521) 934
(1491, 521) 935
(1494, 520) 936
(911, 518) 874
(913, 517) 875
(914, 517) 876
(915, 516) 877
(917, 516) 878
(918, 516) 879
(919, 515) 880
(920, 515) 881
(920, 515) 882
(921, 514) 883
(922, 514) 884
(922, 514) 885
(923, 513) 886
(923, 513) 887
(924, 513) 888
(924, 513) 889
(924, 512) 890
(927, 513) 891
(929, 513) 892
(932, 513) 893
(933, 514) 894
(935, 514) 895
(937, 514) 896
(938, 515) 897
(939, 515) 898
(940, 515) 899
(941, 516) 900
(941, 516) 901
(939, 516) 902
(935, 516) 903
(932, 516) 904
(928, 516) 905
(925, 517) 906
(923, 517) 907
(920, 517) 908
(922, 518) 909
(922, 519) 910
(927, 519) 911
(927, 520) 912
(932, 520) 913
(936, 521) 914
(936, 522) 915
(936, 522) 916
(943, 522) 917
(942, 523) 918
(942, 523) 919
(940, 523) 920
(937, 522) 921
(934, 522) 922
(929, 522) 923
(924, 522) 924
(921, 522) 925
(918, 522) 926
(915, 522) 927
(912, 522) 928
(915, 522) 929
(915, 521) 930
(913, 521) 931
(910, 520) 932
(906, 520) 933
(902, 520) 934
(896, 519) 935
(890, 519) 936
(888, 518) 937
(887, 518) 938
(885, 517) 939
(884, 517) 940
(883, 517) 941
(883, 516) 942
(882, 516) 943
(881, 515) 944
(881, 515) 945
(880, 514) 946
(880, 514) 947
(879, 514) 948
(880, 513) 949
(879, 513) 950
(877, 513) 951
(877, 514) 952
(877, 514) 953
(877, 514) 954
(879, 514) 955
(881, 514) 956
(881, 514) 957
(881, 514) 958
(881, 515) 959
(885, 515) 960
(891, 514) 961
(888, 515) 962
(886, 515) 963
(885, 515) 964
(884, 515) 965
(883, 515) 966
(872, 515) 967
(860, 514) 968
(849, 514) 969
(839, 514) 970
(829, 514) 971
(821, 514) 972
(814, 513) 973
(807, 513) 974
(801, 513) 975
(795, 513) 976
(791, 513) 977
(786, 512) 978
(782, 512) 979
(779, 512) 980
(775, 512) 981
(773, 512) 982
(770, 511) 983
(768, 511) 984
(762, 511) 985
(758, 511) 986
(754, 511) 987
(750, 511) 988
(747, 511) 989
(744, 511) 990
(741, 511) 991
(739, 511) 992
(737, 511) 993
(733, 511) 994
(723, 512) 995
(716, 512) 996
(709, 512) 997
(703, 512) 998
(698, 512) 999
(693, 513) 1000
(688, 513) 1001
(684, 514) 1002
(680, 514) 1003
(678, 514) 1004
(676, 514) 1005
(674, 514) 1006
(672, 514) 1007
(670, 515) 1008
(669, 515) 1009
(668, 515) 1010
(667, 515) 1011
(665, 515) 1012
(666, 515) 1013
(668, 516) 1014
(677, 516) 1015
(686, 516) 1016
(693, 515) 1017
(700, 515) 1018
(707, 515) 1019
(716, 515) 1020
(721, 515) 1021
(729, 515) 1022
(735, 515) 1023
(740, 515) 1024
(745, 515) 1025
(750, 515) 1026
(755, 515) 1027
(760, 515) 1028
(764, 514) 1029
(765, 515) 1030
(770, 514) 1031
(773, 514) 1032
(775, 514) 1033
(778, 514) 1034
(781, 514) 1035
(782, 514) 1036
(783, 514) 1037
(782, 515) 1038
(778, 514) 1039
(773, 514) 1040
(769, 514) 1041
(765, 513) 1042
(761, 513) 1043
(758, 513) 1044
(755, 513) 1045
(753, 513) 1046
(751, 512) 1047
(749, 512) 1048
(749, 512) 1049
(750, 512) 1050
(759, 512) 1051
(775, 512) 1052
(792, 512) 1053
(800, 512) 1054
(815, 512) 1055
(829, 511) 1056
(842, 511) 1057
(854, 511) 1058
(864, 511) 1059
(873, 511) 1060
(882, 511) 1061
(889, 511) 1062
(896, 511) 1063
(902, 512) 1064
(907, 512) 1065
(912, 512) 1066
(916, 512) 1067
(920, 512) 1068
(924, 512) 1069
(927, 513) 1070
(933, 513) 1071
(941, 513) 1072
(947, 513) 1073
(951, 512) 1074
(952, 512) 1075
(954, 512) 1076
(953, 512) 1077
(953, 512) 1078
(952, 512) 1079
(951, 512) 1080
(950, 512) 1081
(947, 512) 1082
(947, 512) 1083
(947, 512) 1084
(947, 512) 1085
(946, 512) 1086
(944, 511) 1087
(936, 511) 1088
(928, 511) 1089
(920, 510) 1090
(914, 510) 1091
(908, 509) 1092
(902, 509) 1093
(904, 508) 1094
(911, 508) 1095
(910, 508) 1096
(907, 508) 1097
(905, 508) 1098
(904, 507) 1099
(903, 507) 1100
(903, 507) 1101
(902, 507) 1102
(901, 506) 1103
(899, 507) 1104
(898, 507) 1105
(897, 507) 1106
(896, 507) 1107
(895, 508) 1108
(895, 507) 1109
(895, 508) 1110
(895, 508) 1111
(894, 508) 1112
(893, 508) 1113
(893, 508) 1114
(892, 509) 1115
(892, 509) 1116
(892, 509) 1117
(892, 509) 1118
(892, 509) 1119
(892, 509) 1120
(891, 509) 1121
(891, 509) 1122
(892, 509) 1123
(892, 510) 1124
(892, 510) 1125
(892, 510) 1126
(892, 510) 1127
(893, 510) 1128
(893, 510) 1129
(893, 510) 1130
(898, 510) 1131
(900, 509) 1132
(906, 509) 1133
(915, 509) 1134
(919, 508) 1135
(921, 508) 1136
(925, 508) 1137
(929, 507) 1138
(935, 507) 1139
(940, 507) 1140
(944, 507) 1141
(940, 507) 1142
(937, 507) 1143
(936, 507) 1144
(937, 507) 1145
(940, 506) 1146
(944, 506) 1147
(942, 506) 1148
(939, 506) 1149
(937, 506) 1150
(935, 506) 1151
(933, 505) 1152
(931, 505) 1153
(930, 505) 1154
(929, 505) 1155
(929, 505) 1156
(928, 505) 1157
(928, 505) 1158
(928, 504) 1159
(929, 504) 1160
(932, 504) 1161
(934, 504) 1162
(936, 504) 1163
(938, 504) 1164
(940, 504) 1165
(941, 503) 1166
(943, 503) 1167
(944, 503) 1168
(946, 503) 1169
(947, 503) 1170
(948, 503) 1171
(949, 503) 1172
(951, 502) 1173
(951, 502) 1174
(954, 502) 1175
(957, 502) 1176
(960, 502) 1177
(967, 502) 1178
(973, 502) 1179
(980, 502) 1180
(982, 502) 1181
(984, 502) 1182
(987, 501) 1183
(989, 501) 1184
(991, 501) 1185
(992, 501) 1186
(993, 501) 1187
(995, 500) 1188
(997, 500) 1189
(998, 500) 1190
(1003, 500) 1191
(1008, 500) 1192
(1012, 500) 1193
(1012, 500) 1194
(1013, 500) 1195
(1018, 500) 1196
(1023, 500) 1197
(1028, 500) 1198
(1029, 500) 1199
(1031, 500) 1200
(1033, 500) 1201
(1035, 499) 1202
(1036, 499) 1203
(1038, 499) 1204
(1039, 499) 1205
(1040, 499) 1206
(1041, 499) 1207
(1043, 499) 1208
(1045, 499) 1209
(1051, 499) 1210
(1057, 499) 1211
(1058, 498) 1212
(1057, 498) 1213
(1058, 498) 1214
(1059, 498) 1215
(1061, 498) 1216
(1060, 498) 1217
(1063, 498) 1218
(1064, 498) 1219
(1065, 498) 1220
(1066, 498) 1221
(1074, 498) 1222
(1074, 498) 1223
(1067, 498) 1224
(1061, 497) 1225
(1056, 497) 1226
(1052, 497) 1227
(1048, 496) 1228
(1050, 496) 1229
(1060, 496) 1230
(1073, 496) 1231
(1078, 496) 1232
(1081, 496) 1233
(1085, 496) 1234
(1088, 496) 1235
(1091, 496) 1236
(1095, 496) 1237
(1101, 496) 1238
(1103, 496) 1239
(1103, 496) 1240
(1102, 496) 1241
(1108, 496) 1242
(1116, 496) 1243
(1124, 496) 1244
(1131, 497) 1245
(1138, 497) 1246
(1143, 497) 1247
(1143, 497) 1248
(1136, 497) 1249
(1135, 497) 1250
(1130, 497) 1251
(1125, 497) 1252
(1124, 497) 1253
(1120, 497) 1254
(1121, 497) 1255
(1121, 497) 1256
(1120, 497) 1257
(1118, 497) 1258
(1112, 497) 1259
(1109, 498) 1260
(1102, 498) 1261
(1096, 499) 1262
(1094, 499) 1263
(1092, 499) 1264
(1090, 499) 1265
(1085, 498) 1266
(1085, 498) 1267
(1083, 498) 1268
(1081, 498) 1269
(1075, 498) 1270
(1069, 498) 1271
(1068, 498) 1272
(1065, 498) 1273
(1063, 498) 1274
(1064, 498) 1275
(1064, 497) 1276
(1060, 497) 1277
(1061, 497) 1278
(1061, 497) 1279
(1059, 496) 1280
(1059, 496) 1281
(1058, 496) 1282
(1058, 496) 1283
(1057, 495) 1284
(1058, 495) 1285
(1060, 495) 1286
(1059, 495) 1287
(1059, 495) 1288
(1059, 495) 1289
(1059, 495) 1290
(1058, 495) 1291
(1057, 495) 1292
(1063, 495) 1293
(1063, 494) 1294
(1063, 494) 1295
(1060, 494) 1296
(1058, 494) 1297
(1056, 493) 1298
(1056, 493) 1299
(1056, 493) 1300
(1056, 493) 1301
(1057, 493) 1302
(1060, 493) 1303
(1060, 493) 1304
(1059, 492) 1305
(1059, 492) 1306
(1058, 492) 1307
(1061, 492) 1308
(1063, 492) 1309
(1066, 492) 1310
(1066, 492) 1311
(1068, 492) 1312
(1070, 492) 1313
(1073, 492) 1314
(1078, 492) 1315
(1076, 492) 1316
(1075, 492) 1317
(1074, 492) 1318
(1073, 492) 1319
(1072, 492) 1320
(1072, 492) 1321
(1070, 491) 1322
(1069, 491) 1323
(1067, 491) 1324
(1065, 491) 1325
(1065, 491) 1326
(1065, 491) 1327
(1065, 491) 1328
(1065, 491) 1329
(1065, 491) 1330
(1065, 491) 1331
(1064, 491) 1332
(1064, 491) 1333
(1063, 490) 1334
(1062, 490) 1335
(1063, 490) 1336
(1067, 490) 1337
(1067, 490) 1338
(1067, 490) 1339
(1072, 490) 1340
(1076, 490) 1341
(1080, 490) 1342
(1084, 490) 1343
(1087, 490) 1344
(1089, 490) 1345
(1092, 490) 1346
(1094, 490) 1347
(1096, 490) 1348
(1098, 490) 1349
(1098, 490) 1350
(1097, 489) 1351
(1097, 489) 1352
(1097, 489) 1353
(1100, 489) 1354
(1721, 528) 930
(1722, 528) 931
(1722, 528) 932
(1722, 527) 933
(1718, 527) 934
(1719, 527) 935
(1720, 527) 936
(1721, 527) 937
(1722, 527) 938
(1726, 527) 939
(1730, 528) 940
(1733, 529) 941
(1737, 530) 942
(1741, 531) 943
(1745, 532) 944
(1749, 532) 945
(1751, 531) 946
(1751, 529) 947
(1751, 528) 948
(1751, 527) 949
(1751, 525) 950
(1751, 524) 951
(1751, 522) 952
(1751, 521) 953
(1751, 520) 954
(1745, 517) 955
(1740, 515) 956
(1736, 513) 957
(1732, 510) 958
(1729, 508) 959
(1726, 506) 960
(1727, 504) 961
(1728, 503) 962
(1729, 501) 963
(1730, 499) 964
(1731, 498) 965
(1732, 496) 966
(1733, 495) 967
(1733, 493) 968
(1734, 492) 969
(1734, 490) 970
(1735, 489) 971
(1735, 487) 972
(1736, 486) 973
(1736, 485) 974
(1736, 484) 975
(1737, 482) 976
(1737, 481) 977
(1737, 480) 978
(1732, 478) 979
(1727, 477) 980
(1723, 475) 981
(1720, 474) 982
(1716, 473) 983
(1713, 471) 984
(1711, 470) 985
(1705, 470) 986
(1698, 470) 987
(1691, 470) 988
(1685, 470) 989
(1680, 470) 990
(1673, 470) 991
(1667, 470) 992
(1662, 470) 993
(1657, 470) 994
(1653, 470) 995
(1648, 469) 996
(1645, 469) 997
(1645, 469) 998
(1646, 469) 999
(1646, 470) 1000
(1647, 470) 1001
(1643, 469) 1002
(1641, 469) 1003
(1633, 468) 1004
(1622, 467) 1005
(1616, 465) 1006
(1612, 463) 1007
(1609, 461) 1008
(1606, 459) 1009
(1603, 457) 1010
(1601, 455) 1011
(1600, 453) 1012
(1598, 451) 1013
(1596, 450) 1014
(1595, 448) 1015
(1594, 446) 1016
(1593, 444) 1017
(1593, 443) 1018
(1596, 441) 1019
(1599, 440) 1020
(1602, 439) 1021
(1604, 438) 1022
(1606, 436) 1023
(1608, 435) 1024
(1609, 434) 1025
(1610, 433) 1026
(1611, 431) 1027
(1612, 430) 1028
(1612, 429) 1029
(1612, 428) 1030
(1612, 428) 1031
(1614, 427) 1032
(1617, 426) 1033
(1621, 425) 1034
(1625, 424) 1035
(1630, 423) 1036
(1631, 422) 1037
(1633, 421) 1038
(1635, 420) 1039
(1636, 419) 1040
(1638, 418) 1041
(1223, 514) 1344
(1223, 514) 1345
(1223, 513) 1346
(1223, 514) 1347
(1224, 513) 1348
(1225, 513) 1349
(1226, 513) 1350
(1227, 513) 1351
(1227, 513) 1352
(1230, 512) 1353
(1232, 512) 1354
(1233, 512) 1355
(1235, 512) 1356
(1236, 512) 1357
(1238, 512) 1358
(1240, 512) 1359
(1242, 512) 1360
(1244, 512) 1361
(1246, 512) 1362
(1248, 511) 1363
(1250, 511) 1364
(1252, 511) 1365
(1254, 511) 1366
(1256, 511) 1367
(1258, 511) 1368
(1257, 511) 1369
(1259, 511) 1370
(1261, 511) 1371
(1263, 511) 1372
(1267, 511) 1373
(1269, 511) 1374
(1272, 511) 1375
(1274, 511) 1376
(1277, 511) 1377
(1279, 511) 1378
(1281, 511) 1379
(1284, 511) 1380
(1284, 511) 1381
(1287, 511) 1382
(1289, 511) 1383
(1290, 511) 1384
(1290, 511) 1385
(1290, 510) 1386
(1286, 510) 1387
(1281, 509) 1388
(1284, 509) 1389
(1287, 509) 1390
(1289, 509) 1391
(1290, 509) 1392
(1292, 509) 1393
(1294, 509) 1394
(1297, 509) 1395
(1301, 508) 1396
(1304, 508) 1397
(1305, 508) 1398
(1305, 508) 1399
(1304, 508) 1400
(1305, 508) 1401
(1306, 508) 1402
(1308, 508) 1403
(1309, 508) 1404
(1310, 507) 1405
(1311, 507) 1406
(1311, 507) 1407
(1312, 507) 1408
(1312, 508) 1409
(1314, 508) 1410
(1315, 508) 1411
(1316, 508) 1412
(1318, 508) 1413
(1319, 508) 1414
(1320, 509) 1415
(1322, 509) 1416
(1323, 509) 1417
(1325, 510) 1418
(1326, 510) 1419
(1327, 510) 1420
(1325, 510) 1421
(1325, 511) 1422
(1326, 511) 1423
(1327, 511) 1424
(1329, 511) 1425
(1330, 512) 1426
(1331, 512) 1427
(1332, 512) 1428
(1334, 512) 1429
(1335, 512) 1430
(1336, 512) 1431
(1337, 513) 1432
(1338, 513) 1433
(1338, 513) 1434
(1339, 513) 1435
(1340, 514) 1436
(1340, 514) 1437
(1341, 514) 1438
(1342, 514) 1439
(1342, 515) 1440
(1344, 515) 1441
(1345, 516) 1442
(1346, 517) 1443
(1346, 517) 1444
(1347, 517) 1445
(1344, 517) 1446
(1342, 516) 1447
(1340, 516) 1448
(1341, 516) 1449
(1343, 516) 1450
(1342, 516) 1451
(1341, 516) 1452
(1339, 516) 1453
(1338, 516) 1454
(1337, 516) 1455
(1336, 516) 1456
(1335, 515) 1457
(1335, 515) 1458
(1334, 515) 1459
(1334, 515) 1460
(1334, 515) 1461
(1336, 515) 1462
(1335, 515) 1463
(1335, 515) 1464
(1334, 515) 1465
(1334, 514) 1466
(1334, 514) 1467
(1334, 514) 1468
(1334, 514) 1469
(1334, 514) 1470
(1334, 514) 1471
(1338, 514) 1472
(1343, 514) 1473
(1348, 514) 1474
(1345, 514) 1475
(1343, 513) 1476
(1343, 513) 1477
(1346, 513) 1478
(1349, 513) 1479
(1353, 513) 1480
(1356, 514) 1481
(1356, 514) 1482
(1355, 514) 1483
(1358, 514) 1484
(1360, 514) 1485
(1361, 514) 1486
(1363, 514) 1487
(1365, 514) 1488
(1367, 515) 1489
(1374, 515) 1490
(1375, 515) 1491
(1377, 516) 1492
(1377, 516) 1493
(1378, 517) 1494
(1377, 516) 1495
(1376, 516) 1496
(1375, 516) 1497
(1374, 516) 1498
(1374, 516) 1499
(1374, 516) 1500
(1374, 516) 1501
(1377, 515) 1502
(1379, 515) 1503
(1389, 516) 1504
(1398, 516) 1505
(1398, 516) 1506
(1397, 516) 1507
(1387, 516) 1508
(1378, 516) 1509
(1369, 515) 1510
(1362, 515) 1511
(1357, 516) 1512
(1352, 516) 1513
(1347, 516) 1514
(1344, 517) 1515
(1340, 517) 1516
(1337, 517) 1517
(1331, 517) 1518
(1323, 518) 1519
(1320, 519) 1520
(1317, 520) 1521
(1314, 520) 1522
(1312, 521) 1523
(1308, 521) 1524
(1304, 522) 1525
(1300, 522) 1526
(1296, 522) 1527
(1293, 523) 1528
(1291, 523) 1529
(1290, 523) 1530
(1288, 523) 1531
(1288, 523) 1532
(1287, 523) 1533
(1287, 523) 1534
(1286, 523) 1535
(1286, 523) 1536
(1285, 523) 1537
(1284, 522) 1538
(1283, 522) 1539
(1282, 522) 1540
(1281, 523) 1541
(1279, 523) 1542
(1273, 523) 1543
(1267, 523) 1544
(1262, 523) 1545
(1261, 523) 1546
(1261, 523) 1547
(1263, 523) 1548
(1268, 522) 1549
(1272, 522) 1550
(1275, 522) 1551
(1279, 522) 1552
(1282, 522) 1553
(1284, 522) 1554
(1288, 522) 1555
(1292, 523) 1556
(1296, 523) 1557
(1299, 524) 1558
(1302, 525) 1559
(1302, 525) 1560
(1302, 526) 1561
(1302, 527) 1562
(1302, 527) 1563
(1302, 528) 1564
(1302, 529) 1565
(1299, 529) 1566
(1296, 530) 1567
(1294, 530) 1568
(1292, 531) 1569
(1289, 531) 1570
(1288, 531) 1571
(1286, 532) 1572
(1284, 532) 1573
(1282, 533) 1574
(1282, 533) 1575
(1282, 533) 1576
(1282, 533) 1577
(1281, 533) 1578
(1281, 533) 1579
(1280, 534) 1580
(1280, 534) 1581
(1279, 534) 1582
(1279, 534) 1583
(1278, 534) 1584
(1278, 534) 1585
(1277, 535) 1586
(1277, 535) 1587
(1277, 535) 1588
(1276, 535) 1589
(1276, 535) 1590
(1276, 535) 1591
(1276, 536) 1592
(1274, 536) 1593
(1272, 536) 1594
(1271, 537) 1595
(1269, 537) 1596
(1268, 538) 1597
(1267, 538) 1598
(1265, 539) 1599
(1264, 539) 1600
(1263, 539) 1601
(1262, 540) 1602
(1262, 540) 1603
(1261, 540) 1604
(1261, 540) 1605
(1262, 540) 1606
(1261, 541) 1607
(1259, 541) 1608
(1259, 541) 1609
(1258, 541) 1610
(1258, 542) 1611
(1258, 542) 1612
(1258, 542) 1613
(1258, 542) 1614
(1259, 543) 1615
(1259, 543) 1616
(1259, 543) 1617
(1260, 543) 1618
(1263, 544) 1619
(1263, 544) 1620
(1263, 544) 1621
(1263, 544) 1622
(1266, 544) 1623
(1268, 544) 1624
(1270, 543) 1625
(1272, 543) 1626
(1273, 543) 1627
(1275, 543) 1628
(1276, 542) 1629
(1276, 542) 1630
(1276, 541) 1631
(1275, 540) 1632
(1272, 540) 1633
(1272, 540) 1634
(1271, 541) 1635
(1271, 541) 1636
(1272, 542) 1637
(1272, 542) 1638
(1272, 543) 1639
(1272, 543) 1640
(1272, 544) 1641
(1272, 544) 1642
(1272, 544) 1643
(1271, 543) 1644
(1270, 542) 1645
(1269, 542) 1646
(1268, 541) 1647
(1267, 540) 1648
(1267, 539) 1649
(1266, 538) 1650
(1266, 537) 1651
(1265, 536) 1652
(1265, 536) 1653
(1265, 535) 1654
(1264, 534) 1655
(1264, 533) 1656
(1264, 533) 1657
(1264, 532) 1658
(1265, 533) 1659
(1267, 533) 1660
(1268, 533) 1661
(1269, 533) 1662
(989, 466) 1480
(987, 465) 1481
(987, 465) 1482
(986, 465) 1483
(984, 465) 1484
(983, 465) 1485
(985, 465) 1486
(986, 465) 1487
(987, 465) 1488
(987, 466) 1489
(986, 465) 1490
(986, 465) 1491
(986, 464) 1492
(979, 464) 1493
(972, 464) 1494
(965, 464) 1495
(959, 464) 1496
(953, 464) 1497
(948, 464) 1498
(945, 464) 1499
(941, 464) 1500
(938, 464) 1501
(935, 464) 1502
(933, 464) 1503
(930, 464) 1504
(928, 464) 1505
(926, 464) 1506
(924, 464) 1507
(922, 464) 1508
(919, 464) 1509
(918, 464) 1510
(916, 464) 1511
(914, 464) 1512
(913, 464) 1513
(912, 464) 1514
(911, 464) 1515
(911, 464) 1516
(915, 464) 1517
(913, 464) 1518
(911, 463) 1519
(909, 463) 1520
(907, 463) 1521
(906, 462) 1522
(904, 462) 1523
(903, 462) 1524
(902, 461) 1525
(900, 461) 1526
(899, 461) 1527
(898, 462) 1528
(897, 462) 1529
(896, 462) 1530
(896, 462) 1531
(895, 463) 1532
(894, 463) 1533
(894, 463) 1534
(893, 463) 1535
(893, 463) 1536
(893, 464) 1537
(900, 464) 1538
(907, 465) 1539
(914, 466) 1540
(919, 466) 1541
(922, 467) 1542
(926, 468) 1543
(929, 469) 1544
(932, 470) 1545
(935, 470) 1546
(937, 471) 1547
(939, 472) 1548
(941, 472) 1549
(949, 473) 1550
(957, 473) 1551
(964, 473) 1552
(972, 473) 1553
(976, 474) 1554
(980, 475) 1555
(984, 476) 1556
(987, 476) 1557
(989, 477) 1558
(991, 478) 1559
(992, 479) 1560
(992, 480) 1561
(991, 480) 1562
(989, 480) 1563
(987, 481) 1564
(984, 481) 1565
(982, 482) 1566
(980, 482) 1567
(978, 482) 1568
(976, 483) 1569
(968, 483) 1570
(960, 484) 1571
(954, 484) 1572
(954, 484) 1573
(954, 485) 1574
(948, 485) 1575
(943, 485) 1576
(943, 485) 1577
(944, 486) 1578
(944, 486) 1579
(944, 486) 1580
(944, 486) 1581
(945, 487) 1582
(945, 487) 1583
(946, 487) 1584
(947, 487) 1585
(948, 488) 1586
(954, 487) 1587
(958, 486) 1588
(966, 484) 1589
(974, 484) 1590
(974, 484) 1591
(973, 484) 1592
(972, 484) 1593
(973, 485) 1594
(972, 486) 1595
(972, 486) 1596
(972, 487) 1597
(972, 488) 1598
(967, 487) 1599
(962, 487) 1600
(957, 487) 1601
(952, 487) 1602
(947, 486) 1603
(943, 486) 1604
(938, 485) 1605
(935, 485) 1606
(931, 485) 1607
(928, 485) 1608
(925, 484) 1609
(922, 484) 1610
(919, 483) 1611
(916, 483) 1612
(912, 482) 1613
(909, 482) 1614
(907, 482) 1615
(908, 483) 1616
(908, 483) 1617
(908, 483) 1618
(904, 483) 1619
(899, 483) 1620
(896, 483) 1621
(893, 483) 1622
(890, 484) 1623
(892, 484) 1624
(893, 484) 1625
(895, 484) 1626
(896, 484) 1627
(897, 485) 1628
(898, 485) 1629
(899, 485) 1630
(900, 485) 1631
(900, 485) 1632
(900, 486) 1633
(900, 487) 1634
(899, 488) 1635
(899, 489) 1636
(275, 551) 1481
(275, 551) 1482
(274, 551) 1483
(274, 551) 1484
(274, 551) 1485
(274, 551) 1486
(274, 551) 1487
(273, 551) 1488
(273, 551) 1489
(273, 551) 1490
(273, 552) 1491
(273, 552) 1492
(272, 552) 1493
(272, 552) 1494
(272, 552) 1495
(272, 552) 1496
(272, 552) 1497
(272, 552) 1498
(277, 552) 1499
(281, 552) 1500
(285, 552) 1501
(289, 552) 1502
(292, 552) 1503
(301, 552) 1504
(310, 553) 1505
(317, 553) 1506
(324, 553) 1507
(330, 554) 1508
(335, 554) 1509
(340, 554) 1510
(344, 554) 1511
(348, 554) 1512
(352, 555) 1513
(355, 555) 1514
(354, 554) 1515
(349, 553) 1516
(344, 551) 1517
(340, 550) 1518
(336, 549) 1519
(333, 547) 1520
(329, 546) 1521
(326, 545) 1522
(324, 544) 1523
(321, 543) 1524
(319, 541) 1525
(317, 540) 1526
(315, 539) 1527
(313, 538) 1528
(311, 537) 1529
(310, 536) 1530
(309, 535) 1531
(308, 534) 1532
(307, 533) 1533
(306, 532) 1534
(305, 531) 1535
(305, 530) 1536
(304, 529) 1537
(304, 528) 1538
(303, 528) 1539
(303, 527) 1540
(303, 526) 1541
(303, 525) 1542
(303, 524) 1543
(303, 523) 1544
(303, 523) 1545
(303, 522) 1546
(303, 521) 1547
(303, 520) 1548
(303, 520) 1549
(303, 519) 1550
(303, 518) 1551
(304, 518) 1552
(304, 517) 1553
(304, 517) 1554
(304, 516) 1555
(305, 516) 1556
(305, 515) 1557
(305, 514) 1558
(305, 514) 1559
(305, 513) 1560
(306, 513) 1561
(306, 513) 1562
(306, 512) 1563
(306, 512) 1564
(306, 511) 1565
(306, 511) 1566
(306, 511) 1567
(306, 510) 1568
(300, 510) 1569
(290, 511) 1570
(287, 511) 1571
(283, 511) 1572
(281, 511) 1573
(281, 511) 1574
(283, 511) 1575
(286, 510) 1576
(292, 510) 1577
(298, 510) 1578
(303, 510) 1579
(308, 510) 1580
(311, 510) 1581
(315, 509) 1582
(318, 509) 1583
(321, 509) 1584
(323, 509) 1585
(326, 509) 1586
(328, 509) 1587
(329, 509) 1588
(331, 508) 1589
(333, 508) 1590
(334, 508) 1591
(335, 508) 1592
(336, 508) 1593
(337, 508) 1594
(337, 508) 1595
(336, 507) 1596
(335, 507) 1597
(334, 506) 1598
(333, 506) 1599
(332, 505) 1600
(331, 505) 1601
(331, 504) 1602
(326, 504) 1603
(323, 505) 1604
(320, 505) 1605
(318, 505) 1606
(316, 505) 1607
(315, 505) 1608
(315, 505) 1609
(315, 505) 1610
(316, 504) 1611
(317, 504) 1612
(319, 505) 1613
(321, 505) 1614
(323, 505) 1615
(325, 505) 1616
(326, 505) 1617
(328, 505) 1618
(326, 505) 1619
(326, 505) 1620
(322, 506) 1621
(320, 506) 1622
(317, 507) 1623
(315, 508) 1624
(313, 509) 1625
(311, 510) 1626
(310, 510) 1627
(308, 511) 1628
(307, 512) 1629
(306, 512) 1630
(305, 513) 1631
(304, 514) 1632
(303, 514) 1633
(302, 515) 1634
(301, 515) 1635
(300, 516) 1636
(1539, 552) 1555
(1539, 552) 1556
(1540, 552) 1557
(1541, 552) 1558
(1542, 553) 1559
(1542, 552) 1560
(1542, 552) 1561
(1544, 552) 1562
(1546, 552) 1563
(1548, 552) 1564
(1555, 552) 1565
(1558, 551) 1566
(1562, 551) 1567
(1559, 551) 1568
(1557, 551) 1569
(1557, 551) 1570
(1561, 550) 1571
(1565, 550) 1572
(1570, 549) 1573
(1574, 548) 1574
(1577, 548) 1575
(1582, 547) 1576
(1585, 546) 1577
(1587, 545) 1578
(1590, 544) 1579
(1592, 544) 1580
(1596, 544) 1581
(1599, 543) 1582
(1601, 542) 1583
(1603, 541) 1584
(1606, 541) 1585
(1613, 540) 1586
(1613, 538) 1587
(1611, 538) 1588
(1608, 538) 1589
(1611, 537) 1590
(1613, 536) 1591
(1615, 536) 1592
(1618, 536) 1593
(1621, 535) 1594
(1620, 535) 1595
(1618, 535) 1596
(1617, 535) 1597
(1613, 536) 1598
(1608, 536) 1599
(1604, 536) 1600
(1602, 536) 1601
(1603, 535) 1602
(1603, 537) 1603
(1603, 538) 1604
(1604, 539) 1605
(1608, 539) 1606
(1611, 539) 1607
(1614, 539) 1608
(1616, 539) 1609
(1619, 539) 1610
(1621, 539) 1611
(1621, 539) 1612
(1620, 540) 1613
(1620, 539) 1614
(1619, 539) 1615
(1616, 539) 1616
(1614, 539) 1617
(1612, 539) 1618
(1610, 540) 1619
(1606, 541) 1620
(1602, 542) 1621
(1598, 543) 1622
(1597, 543) 1623
(1595, 543) 1624
(1593, 543) 1625
(1593, 542) 1626
(1592, 542) 1627
(1590, 542) 1628
(1589, 542) 1629
(1587, 543) 1630
(1587, 543) 1631
(1587, 543) 1632
(1587, 543) 1633
(1589, 543) 1634
(1590, 543) 1635
(1588, 544) 1636
(1587, 544) 1637
(1586, 543) 1638
(1585, 543) 1639
(1584, 543) 1640
(1583, 543) 1641
(1582, 543) 1642
(1581, 543) 1643
(1580, 543) 1644
(1579, 544) 1645
(1578, 544) 1646
(1577, 544) 1647
(1576, 545) 1648
(1575, 545) 1649
(1574, 546) 1650
(1573, 546) 1651
(1572, 546) 1652
(1571, 546) 1653
(1570, 546) 1654
(1569, 546) 1655
(1568, 547) 1656
(1567, 547) 1657
(1567, 547) 1658
(1566, 548) 1659
(1565, 549) 1660
(1564, 550) 1661
(1563, 550) 1662
(1563, 550) 1663
(1563, 549) 1664
(1563, 549) 1665
(1563, 549) 1666
(1563, 548) 1667
(1563, 548) 1668
(1563, 547) 1669
(1564, 547) 1670
(1564, 547) 1671
(1564, 546) 1672
(1563, 546) 1673
(1562, 545) 1674
(1562, 545) 1675
(1562, 544) 1676
(1561, 543) 1677
(1561, 543) 1678
(1560, 542) 1679
(1560, 542) 1680
(1559, 541) 1681
(1559, 540) 1682
(1555, 541) 1683
(1554, 541) 1684
(1553, 541) 1685
(1552, 541) 1686
(1550, 541) 1687
(1547, 541) 1688
(1544, 541) 1689
(1543, 541) 1690
(1543, 541) 1691
