(1095, 542) 20
(1097, 542) 21
(1102, 542) 22
(1109, 543) 23
(1117, 543) 24
(1125, 543) 25
(1125, 543) 26
(1129, 543) 27
(1136, 544) 28
(1144, 544) 29
(1152, 544) 30
(1160, 543) 31
(1168, 543) 32
(1177, 544) 33
(1185, 543) 34
(1199, 543) 35
(1210, 543) 36
(1218, 542) 37
(1230, 540) 38
(1244, 540) 39
(1255, 540) 40
(1267, 539) 41
(1277, 538) 42
(1287, 536) 43
(1295, 535) 44
(1297, 535) 45
(1296, 534) 46
(1296, 533) 47
(1301, 532) 48
(1311, 531) 49
(1316, 530) 50
(1326, 529) 51
(1331, 529) 52
(1337, 529) 53
(1343, 529) 54
(1346, 528) 55
(1350, 526) 56
(1355, 525) 57
(1366, 525) 58
(1374, 525) 59
(1382, 524) 60
(1388, 523) 61
(1397, 522) 62
(1399, 521) 63
(1403, 520) 64
(1408, 519) 65
(1407, 518) 66
(1407, 517) 67
(1407, 516) 68
(1407, 515) 69
(1403, 514) 70
(1402, 513) 71
(1397, 513) 72
(1393, 512) 73
(1388, 511) 74
(1386, 511) 75
(1385, 510) 76
(1386, 509) 77
(1386, 508) 78
(1388, 509) 79
(1391, 509) 80
(1395, 509) 81
(1393, 507) 82
(1392, 506) 83
(1391, 506) 84
(1390, 505) 85
(1387, 505) 86
(1385, 504) 87
(1384, 504) 88
(1383, 503) 89
(1382, 503) 90
(1380, 503) 91
(1378, 502) 92
(1376, 502) 93
(1376, 501) 94
(1376, 500) 95
(1376, 499) 96
(1382, 498) 97
(1383, 497) 98
(1387, 497) 99
(1387, 495) 100
(1388, 494) 101
(1390, 493) 102
(1390, 493) 103
(1385, 492) 104
(1388, 491) 105
(1393, 491) 106
(1397, 490) 107
(1402, 489) 108
(1406, 488) 109
(1409, 487) 110
(1408, 486) 111
(1405, 486) 112
(1399, 485) 113
(1394, 485) 114
(1389, 485) 115
(1385, 485) 116
(1380, 484) 117
(1376, 484) 118
(1376, 484) 119
(1372, 482) 120
(1367, 481) 121
(1362, 480) 122
(1361, 480) 123
(1364, 480) 124
(1360, 479) 125
(1356, 478) 126
(1353, 478) 127
(1353, 477) 128
(1354, 477) 129
(1360, 477) 130
(1364, 477) 131
(1368, 477) 132
(1379, 477) 133
(1390, 477) 134
(1400, 476) 135
(1406, 476) 136
(1412, 475) 137
(1422, 475) 138
(1430, 474) 139
(1437, 473) 140
(1442, 472) 141
(1444, 472) 142
(1446, 471) 143
(1448, 470) 144
(1449, 469) 145
(1447, 468) 146
(1446, 468) 147
(1446, 467) 148
(1446, 467) 149
(1444, 467) 150
(1441, 467) 151
(1442, 468) 152
(1443, 467) 153
(1445, 467) 154
(1443, 467) 155
(1443, 467) 156
(1441, 467) 157
(1439, 467) 158
(1438, 467) 159
(1436, 467) 160
(1435, 467) 161
(1431, 466) 162
(1424, 466) 163
(1418, 465) 164
(1412, 465) 165
(1406, 465) 166
(1400, 465) 167
(1393, 464) 168
(1391, 464) 169
(1387, 464) 170
(1381, 464) 171
(1379, 464) 172
(1378, 463) 173
(1376, 463) 174
(1375, 463) 175
(1375, 462) 176
(1376, 462) 177
(1380, 463) 178
(1383, 463) 179
(1387, 463) 180
(1390, 463) 181
(1401, 464) 182
(1410, 464) 183
(1418, 465) 184
(1425, 466) 185
(1428, 468) 186
(1433, 468) 187
(1436, 469) 188
(1436, 469) 189
(1439, 470) 190
(1443, 470) 191
(1446, 471) 192
(1444, 471) 193
(1442, 471) 194
(1441, 472) 195
(1438, 473) 196
(1436, 475) 197
(1434, 476) 198
(1432, 478) 199
(1431, 479) 200
(1429, 480) 201
(1428, 481) 202
(1427, 483) 203
(1426, 484) 204
(1422, 484) 205
(1418, 484) 206
(1414, 484) 207
(1411, 484) 208
(1407, 484) 209
(1404, 484) 210
(1401, 484) 211
(1392, 483) 212
(1385, 483) 213
(1379, 483) 214
(1371, 483) 215
(1364, 483) 216
(1357, 483) 217
(1351, 483) 218
(1346, 483) 219
(1340, 483) 220
(1335, 484) 221
(1332, 484) 222
(1330, 485) 223
(1327, 486) 224
(1325, 487) 225
(1323, 488) 226
(1322, 489) 227
(1322, 489) 228
(1326, 490) 229
(1331, 489) 230
(1334, 489) 231
(1336, 488) 232
(1338, 488) 233
(1339, 487) 234
(1346, 487) 235
(1353, 486) 236
(1354, 486) 237
(1356, 486) 238
(1357, 486) 239
(1359, 486) 240
(1360, 485) 241
(1361, 485) 242
(1361, 485) 243
(1362, 486) 244
(1363, 488) 245
(1364, 490) 246
(1365, 492) 247
(1365, 494) 248
(1366, 496) 249
(1363, 497) 250
(1364, 497) 251
(1365, 498) 252
(1365, 498) 253
(1359, 499) 254
(1356, 498) 255
(1354, 498) 256
(1354, 498) 257
(1358, 498) 258
(1363, 499) 259
(1368, 499) 260
(1372, 499) 261
(1375, 498) 262
(1379, 498) 263
(1383, 498) 264
(1387, 497) 265
(1391, 497) 266
(1393, 496) 267
(1396, 496) 268
(1399, 496) 269
(1402, 497) 270
(1402, 496) 271
(1397, 496) 272
(1388, 495) 273
(1380, 495) 274
(1372, 494) 275
(1365, 494) 276
(1358, 494) 277
(1353, 493) 278
(1347, 493) 279
(1343, 493) 280
(1339, 492) 281
(1338, 492) 282
(1339, 492) 283
(1343, 492) 284
(1346, 492) 285
(1349, 492) 286
(1358, 492) 287
(1366, 492) 288
(1375, 493) 289
(1384, 492) 290
(1393, 492) 291
(1400, 491) 292
(1407, 491) 293
(1414, 491) 294
(1421, 491) 295
(1420, 490) 296
(1419, 490) 297
(1418, 490) 298
(1417, 490) 299
(1412, 489) 300
(1408, 489) 301
(1403, 488) 302
(1400, 488) 303
(1399, 487) 304
(1401, 487) 305
(1405, 486) 306
(1408, 486) 307
(1412, 485) 308
(1415, 485) 309
(1418, 484) 310
(1420, 484) 311
(1423, 483) 312
(1421, 483) 313
(1419, 483) 314
(1416, 482) 315
(1414, 482) 316
(1411, 482) 317
(1409, 481) 318
(1406, 481) 319
(1404, 481) 320
(1402, 481) 321
(1400, 480) 322
(1399, 480) 323
(1399, 480) 324
(1402, 480) 325
(1406, 479) 326
(1411, 479) 327
(1415, 478) 328
(1419, 478) 329
(1422, 478) 330
(1425, 477) 331
(1430, 477) 332
(1438, 478) 333
(1445, 479) 334
(1450, 480) 335
(1455, 481) 336
(1458, 482) 337
(647, 455) 22
(653, 455) 23
(657, 454) 24
(654, 455) 25
(650, 455) 26
(650, 455) 27
(652, 455) 28
(657, 455) 29
(662, 455) 30
(666, 455) 31
(671, 455) 32
(675, 456) 33
(675, 456) 34
(670, 457) 35
(671, 457) 36
(672, 457) 37
(674, 456) 38
(674, 457) 39
(674, 456) 40
(674, 456) 41
(672, 456) 42
(668, 457) 43
(664, 457) 44
(660, 457) 45
(657, 458) 46
(654, 458) 47
(651, 458) 48
(649, 458) 49
(646, 459) 50
(644, 459) 51
(642, 460) 52
(640, 460) 53
(638, 460) 54
(636, 460) 55
(633, 460) 56
(630, 460) 57
(627, 460) 58
(625, 460) 59
(623, 460) 60
(621, 460) 61
(619, 460) 62
(618, 459) 63
(616, 459) 64
(615, 459) 65
(614, 459) 66
(613, 459) 67
(612, 459) 68
(611, 459) 69
(610, 459) 70
(610, 459) 71
(609, 459) 72
(608, 459) 73
(608, 459) 74
(608, 459) 75
(614, 459) 76
(620, 460) 77
(631, 460) 78
(646, 461) 79
(660, 461) 80
(674, 460) 81
(684, 459) 82
(693, 458) 83
(698, 457) 84
(702, 456) 85
(706, 455) 86
(710, 454) 87
(713, 453) 88
(716, 453) 89
(714, 452) 90
(711, 452) 91
(708, 452) 92
(706, 451) 93
(705, 451) 94
(701, 451) 95
(695, 451) 96
(690, 451) 97
(686, 451) 98
(682, 451) 99
(681, 450) 100
(682, 450) 101
(681, 449) 102
(680, 449) 103
(680, 448) 104
(675, 448) 105
(671, 448) 106
(666, 448) 107
(661, 447) 108
(656, 447) 109
(652, 447) 110
(648, 447) 111
(645, 447) 112
(642, 447) 113
(642, 447) 114
(641, 447) 115
(639, 448) 116
(638, 448) 117
(635, 448) 118
(635, 448) 119
(633, 448) 120
(632, 448) 121
(632, 448) 122
(633, 448) 123
(633, 447) 124
(633, 447) 125
(636, 446) 126
(638, 445) 127
(640, 444) 128
(638, 443) 129
(637, 443) 130
(636, 442) 131
(632, 441) 132
(626, 440) 133
(622, 438) 134
(617, 436) 135
(614, 435) 136
(612, 434) 137
(610, 434) 138
(608, 433) 139
(606, 432) 140
(605, 431) 141
(604, 431) 142
(603, 430) 143
(606, 429) 144
(610, 428) 145
(609, 428) 146
(608, 427) 147
(607, 427) 148
(605, 426) 149
(604, 426) 150
(604, 425) 151
(601, 425) 152
(601, 424) 153
(601, 423) 154
(600, 423) 155
(604, 421) 156
(608, 420) 157
(611, 418) 158
(614, 417) 159
(617, 416) 160
(622, 415) 161
(626, 414) 162
(629, 413) 163
(633, 412) 164
(637, 413) 165
(640, 414) 166
(643, 414) 167
(646, 415) 168
(655, 415) 169
(666, 415) 170
(672, 414) 171
(677, 414) 172
(681, 414) 173
(684, 415) 174
(688, 415) 175
(695, 415) 176
(422, 585) 29
(425, 585) 30
(428, 585) 31
(431, 585) 32
(437, 585) 33
(441, 586) 34
(446, 586) 35
(449, 587) 36
(453, 587) 37
(456, 587) 38
(459, 588) 39
(461, 588) 40
(463, 588) 41
(465, 589) 42
(467, 589) 43
(469, 589) 44
(470, 590) 45
(472, 590) 46
(473, 590) 47
(474, 591) 48
(475, 591) 49
(477, 591) 50
(478, 591) 51
(479, 591) 52
(479, 591) 53
(476, 590) 54
(473, 588) 55
(470, 586) 56
(470, 583) 57
(469, 581) 58
(469, 579) 59
(468, 577) 60
(468, 574) 61
(463, 573) 62
(457, 572) 63
(448, 570) 64
(440, 569) 65
(440, 568) 66
(440, 567) 67
(434, 566) 68
(429, 566) 69
(425, 565) 70
(421, 564) 71
(421, 563) 72
(422, 562) 73
(425, 561) 74
(430, 560) 75
(427, 559) 76
(424, 558) 77
(421, 558) 78
(417, 556) 79
(415, 555) 80
(412, 553) 81
(410, 552) 82
(406, 550) 83
(402, 549) 84
(398, 548) 85
(397, 547) 86
(395, 545) 87
(394, 543) 88
(393, 542) 89
(392, 540) 90
(392, 539) 91
(392, 537) 92
(391, 536) 93
(391, 534) 94
(391, 533) 95
(387, 533) 96
(383, 532) 97
(379, 532) 98
(375, 532) 99
(376, 532) 100
(376, 532) 101
(379, 532) 102
(380, 532) 103
(381, 532) 104
(382, 533) 105
(382, 533) 106
(382, 533) 107
(382, 533) 108
(382, 533) 109
(381, 533) 110
(381, 533) 111
(380, 533) 112
(379, 533) 113
(379, 533) 114
(378, 533) 115
(378, 533) 116
(378, 532) 117
(377, 533) 118
(375, 533) 119
(374, 532) 120
(374, 532) 121
(374, 531) 122
(371, 531) 123
(370, 531) 124
(369, 530) 125
(366, 530) 126
(362, 529) 127
(364, 528) 128
(366, 528) 129
(367, 527) 130
(369, 527) 131
(370, 527) 132
(372, 528) 133
(373, 528) 134
(374, 529) 135
(375, 528) 136
(376, 528) 137
(376, 529) 138
(376, 529) 139
(374, 528) 140
(372, 527) 141
(369, 527) 142
(367, 526) 143
(365, 525) 144
(365, 524) 145
(366, 523) 146
(367, 522) 147
(370, 521) 148
(370, 520) 149
(369, 519) 150
(367, 517) 151
(369, 516) 152
(374, 516) 153
(378, 515) 154
(383, 514) 155
(387, 513) 156
(1109, 520) 44
(1109, 520) 45
(1109, 520) 46
(1109, 520) 47
(1109, 520) 48
(1109, 520) 49
(1109, 520) 50
(1109, 520) 51
(1109, 520) 52
(1109, 520) 53
(1109, 520) 54
(1109, 520) 55
(1109, 520) 56
(1109, 520) 57
(1109, 520) 58
(1109, 520) 59
(1109, 520) 60
(1109, 520) 61
(1109, 520) 62
(1106, 520) 63
(1104, 521) 64
(1101, 521) 65
(1095, 521) 66
(1091, 522) 67
(1088, 522) 68
(1084, 523) 69
(1080, 523) 70
(1077, 524) 71
(1073, 525) 72
(1070, 525) 73
(1068, 526) 74
(1065, 526) 75
(1063, 527) 76
(1061, 527) 77
(1061, 526) 78
(1061, 526) 79
(1062, 525) 80
(1063, 525) 81
(1066, 526) 82
(1069, 527) 83
(1071, 528) 84
(1071, 529) 85
(1071, 529) 86
(1069, 529) 87
(1064, 530) 88
(1058, 530) 89
(1052, 531) 90
(1046, 532) 91
(1041, 531) 92
(1035, 530) 93
(1031, 529) 94
(1028, 528) 95
(1029, 527) 96
(1031, 526) 97
(1032, 526) 98
(1031, 525) 99
(1031, 526) 100
(1031, 526) 101
(1027, 527) 102
(1023, 528) 103
(1021, 528) 104
(1019, 528) 105
(1017, 528) 106
(1012, 529) 107
(1006, 529) 108
(997, 529) 109
(986, 529) 110
(977, 529) 111
(963, 528) 112
(1361, 689) 140
(1361, 689) 141
(1362, 690) 142
(1362, 690) 143
(1363, 690) 144
(1363, 691) 145
(1364, 691) 146
(1364, 692) 147
(1365, 693) 148
(1366, 694) 149
(1367, 695) 150
(1369, 696) 151
(1371, 697) 152
(1373, 699) 153
(1375, 700) 154
(1376, 702) 155
(1378, 703) 156
(1379, 704) 157
(1381, 705) 158
(1382, 707) 159
(1383, 708) 160
(1383, 709) 161
(1384, 710) 162
(1385, 711) 163
(1386, 712) 164
(1386, 714) 165
(1387, 715) 166
(1387, 716) 167
(1388, 717) 168
(1388, 718) 169
(1384, 719) 170
(1386, 721) 171
(1388, 723) 172
(1389, 725) 173
(1391, 727) 174
(1392, 729) 175
(1393, 730) 176
(1394, 732) 177
(1395, 734) 178
(1396, 736) 179
(1397, 737) 180
(1397, 739) 181
(1398, 741) 182
(1399, 742) 183
(1399, 744) 184
(1400, 745) 185
(1400, 747) 186
(1400, 748) 187
(1401, 750) 188
(1405, 750) 189
(1408, 749) 190
(1408, 749) 191
(1407, 749) 192
(1407, 749) 193
(1407, 748) 194
(1406, 748) 195
(1406, 748) 196
(1406, 748) 197
(1406, 747) 198
(1406, 747) 199
(1405, 747) 200
(1406, 747) 201
(1407, 747) 202
(1405, 747) 203
(1402, 747) 204
(1400, 748) 205
(1393, 747) 206
(1386, 747) 207
(1380, 746) 208
(1375, 746) 209
(1369, 745) 210
(1363, 745) 211
(1357, 745) 212
(1351, 745) 213
(1346, 745) 214
(1341, 744) 215
(1337, 744) 216
(1334, 744) 217
(1330, 744) 218
(1327, 744) 219
(1325, 744) 220
(1322, 743) 221
(1320, 743) 222
(1318, 743) 223
(1316, 743) 224
(1315, 743) 225
(1313, 743) 226
(1312, 742) 227
(1306, 743) 228
(1300, 744) 229
(1295, 744) 230
(1290, 745) 231
(1289, 745) 232
(1289, 745) 233
(1288, 745) 234
(1288, 746) 235
(1288, 746) 236
(1287, 746) 237
(1287, 746) 238
(1287, 746) 239
(1287, 746) 240
(1287, 746) 241
(1286, 746) 242
(1286, 746) 243
(1281, 746) 244
(1273, 745) 245
(1261, 744) 246
(1247, 743) 247
(1232, 741) 248
(20, 761) 141
(18, 760) 142
(17, 760) 143
(15, 760) 144
(14, 760) 145
(13, 760) 146
(12, 760) 147
(13, 760) 148
(13, 761) 149
(13, 761) 150
(13, 762) 151
(10, 763) 152
(11, 764) 153
(11, 765) 154
(12, 764) 155
(14, 764) 156
(15, 763) 157
(16, 763) 158
(17, 762) 159
(18, 762) 160
(18, 761) 161
(19, 761) 162
(24, 761) 163
(28, 762) 164
(31, 763) 165
(35, 763) 166
(38, 764) 167
(40, 764) 168
(43, 765) 169
(46, 766) 170
(48, 767) 171
(50, 768) 172
(49, 768) 173
(48, 769) 174
(47, 769) 175
(45, 770) 176
(42, 770) 177
(39, 770) 178
(37, 771) 179
(35, 771) 180
(33, 771) 181
(32, 772) 182
(30, 772) 183
(29, 772) 184
(29, 772) 185
(32, 773) 186
(35, 774) 187
(38, 774) 188
(42, 775) 189
(42, 775) 190
(41, 775) 191
(37, 775) 192
(34, 776) 193
(30, 776) 194
(27, 776) 195
(25, 776) 196
(22, 776) 197
(20, 776) 198
(18, 776) 199
(17, 777) 200
(15, 777) 201
(15, 777) 202
(17, 777) 203
(20, 777) 204
(22, 778) 205
(25, 778) 206
(26, 779) 207
(28, 779) 208
(29, 779) 209
(23, 780) 210
(357, 511) 179
(358, 512) 180
(359, 513) 181
(361, 514) 182
(362, 515) 183
(363, 516) 184
(367, 517) 185
(374, 518) 186
(379, 519) 187
(385, 519) 188
(392, 519) 189
(400, 520) 190
(404, 520) 191
(407, 520) 192
(407, 521) 193
(403, 522) 194
(399, 523) 195
(396, 523) 196
(394, 523) 197
(392, 524) 198
(392, 524) 199
(387, 524) 200
(383, 525) 201
(379, 526) 202
(376, 528) 203
(372, 528) 204
(370, 529) 205
(368, 529) 206
(365, 530) 207
(363, 529) 208
(360, 530) 209
(361, 530) 210
(361, 530) 211
(362, 530) 212
(363, 530) 213
(363, 530) 214
(364, 530) 215
(365, 530) 216
(365, 530) 217
(366, 529) 218
(367, 528) 219
(368, 527) 220
(370, 526) 221
(373, 525) 222
(376, 524) 223
(380, 524) 224
(384, 523) 225
(388, 523) 226
(394, 522) 227
(405, 521) 228
(415, 520) 229
(418, 520) 230
(420, 519) 231
(420, 519) 232
(419, 520) 233
(418, 520) 234
(417, 520) 235
(414, 520) 236
(410, 521) 237
(407, 521) 238
(405, 521) 239
(403, 520) 240
(401, 519) 241
(401, 518) 242
(399, 517) 243
(395, 516) 244
(392, 515) 245
(390, 514) 246
(389, 513) 247
(389, 512) 248
(390, 511) 249
(391, 510) 250
(392, 509) 251
(393, 508) 252
(394, 507) 253
(394, 507) 254
(395, 506) 255
(398, 506) 256
(401, 505) 257
(404, 505) 258
(406, 504) 259
(406, 504) 260
(405, 503) 261
(405, 503) 262
(405, 502) 263
(404, 502) 264
(404, 501) 265
(401, 501) 266
(399, 501) 267
(396, 501) 268
(391, 502) 269
(388, 502) 270
(385, 502) 271
(380, 502) 272
(376, 502) 273
(373, 502) 274
(368, 502) 275
(365, 502) 276
(363, 501) 277
(363, 501) 278
(363, 500) 279
(363, 500) 280
(363, 500) 281
(364, 500) 282
(365, 500) 283
(369, 500) 284
(371, 500) 285
(374, 500) 286
(375, 501) 287
(377, 503) 288
(380, 505) 289
(382, 507) 290
(383, 509) 291
(384, 511) 292
(385, 514) 293
(381, 516) 294
(380, 519) 295
(379, 522) 296
(378, 524) 297
(377, 527) 298
(375, 530) 299
(371, 531) 300
(367, 533) 301
(364, 535) 302
(360, 536) 303
(359, 538) 304
(356, 539) 305
(352, 541) 306
(350, 543) 307
(349, 544) 308
(347, 546) 309
(346, 548) 310
(346, 549) 311
(346, 550) 312
(347, 551) 313
(347, 553) 314
(347, 555) 315
(347, 557) 316
(347, 559) 317
(347, 561) 318
(347, 563) 319
(347, 565) 320
(345, 568) 321
(341, 570) 322
(338, 573) 323
(335, 576) 324
(332, 578) 325
(329, 581) 326
(327, 583) 327
(325, 586) 328
(321, 587) 329
(317, 588) 330
(311, 589) 331
(304, 589) 332
(299, 590) 333
(294, 590) 334
(289, 591) 335
(285, 591) 336
(282, 592) 337
(278, 592) 338
(277, 594) 339
(276, 596) 340
(275, 598) 341
(274, 600) 342
(273, 601) 343
(272, 603) 344
(271, 605) 345
(271, 606) 346
(270, 608) 347
(269, 610) 348
(269, 611) 349
(274, 612) 350
(278, 613) 351
(1113, 497) 254
(1112, 497) 255
(1110, 497) 256
(1110, 497) 257
(1110, 499) 258
(1111, 500) 259
(1110, 502) 260
(1110, 503) 261
(1113, 504) 262
(1117, 504) 263
(1121, 505) 264
(1125, 505) 265
(1129, 506) 266
(1134, 506) 267
(1136, 506) 268
(1139, 505) 269
(1142, 505) 270
(1145, 505) 271
(1145, 504) 272
(1146, 504) 273
(1148, 504) 274
(1150, 503) 275
(1153, 503) 276
(1156, 502) 277
(1158, 502) 278
(1161, 501) 279
(1163, 501) 280
(1165, 500) 281
(1166, 500) 282
(1168, 499) 283
(1169, 499) 284
(1170, 498) 285
(1172, 498) 286
(1173, 498) 287
(1173, 497) 288
(1174, 497) 289
(1175, 496) 290
(1176, 496) 291
(1176, 496) 292
(1177, 495) 293
(1177, 495) 294
(1172, 493) 295
(1167, 492) 296
(1163, 491) 297
(1159, 490) 298
(1155, 489) 299
(1152, 487) 300
(1149, 486) 301
(1147, 485) 302
(1144, 484) 303
(1142, 483) 304
(1140, 482) 305
(1138, 481) 306
(1137, 480) 307
(1136, 479) 308
(1136, 478) 309
(1139, 478) 310
(1143, 478) 311
(1146, 477) 312
(1149, 477) 313
(1151, 477) 314
(1157, 477) 315
(1163, 478) 316
(1168, 479) 317
(1174, 480) 318
(1178, 480) 319
(1183, 481) 320
(1187, 482) 321
(1191, 482) 322
(1194, 483) 323
(1197, 484) 324
(1200, 485) 325
(1202, 485) 326
(1205, 486) 327
(1207, 487) 328
(1210, 487) 329
(1212, 488) 330
(1215, 488) 331
(1217, 489) 332
(1220, 490) 333
(1221, 490) 334
(1222, 491) 335
(1222, 491) 336
(1221, 492) 337
(851, 481) 269
(849, 480) 270
(847, 479) 271
(844, 477) 272
(842, 476) 273
(841, 475) 274
(840, 473) 275
(838, 471) 276
(833, 469) 277
(832, 466) 278
(832, 464) 279
(832, 463) 280
(831, 461) 281
(831, 460) 282
(830, 458) 283
(829, 457) 284
(829, 455) 285
(828, 454) 286
(828, 452) 287
(821, 451) 288
(811, 451) 289
(802, 450) 290
(794, 450) 291
(784, 451) 292
(777, 450) 293
(771, 450) 294
(759, 450) 295
(747, 451) 296
(737, 451) 297
(726, 453) 298
(716, 455) 299
(707, 457) 300
(699, 458) 301
(692, 460) 302
(685, 462) 303
(679, 463) 304
(674, 465) 305
(675, 467) 306
(675, 469) 307
(675, 471) 308
(676, 473) 309
(676, 475) 310
(676, 476) 311
(676, 478) 312
(677, 480) 313
(677, 482) 314
(677, 483) 315
(677, 485) 316
(677, 486) 317
(677, 488) 318
(678, 489) 319
(678, 491) 320
(678, 492) 321
(678, 494) 322
(678, 495) 323
(678, 497) 324
(684, 498) 325
(690, 499) 326
(695, 499) 327
(700, 500) 328
(706, 500) 329
(1007, 466) 285
(1002, 466) 286
(997, 466) 287
(992, 466) 288
(988, 466) 289
(984, 465) 290
(981, 465) 291
(976, 465) 292
(973, 465) 293
(972, 464) 294
(971, 463) 295
(967, 461) 296
(964, 460) 297
(964, 459) 298
(963, 458) 299
(961, 457) 300
(959, 456) 301
(954, 455) 302
(950, 454) 303
(946, 453) 304
(943, 452) 305
(940, 451) 306
(930, 451) 307
(922, 450) 308
(912, 450) 309
(904, 449) 310
(897, 449) 311
(890, 449) 312
(884, 448) 313
(879, 448) 314
(874, 447) 315
(870, 448) 316
(867, 448) 317
(864, 448) 318
(861, 448) 319
(859, 448) 320
(857, 449) 321
(855, 449) 322
(853, 449) 323
(851, 449) 324
(850, 449) 325
(849, 450) 326
(845, 448) 327
(842, 447) 328
(839, 445) 329
(836, 444) 330
(834, 443) 331
(831, 442) 332
(821, 440) 333
(812, 438) 334
(804, 437) 335
(797, 435) 336
(791, 433) 337
(778, 433) 338
(767, 432) 339
(757, 430) 340
(748, 429) 341
(740, 429) 342
(732, 428) 343
(726, 427) 344
(720, 426) 345
(715, 425) 346
(710, 424) 347
(704, 424) 348
(698, 423) 349
(692, 423) 350
(687, 423) 351
(682, 423) 352
(678, 423) 353
(671, 423) 354
(665, 424) 355
(661, 426) 356
(657, 428) 357
(654, 430) 358
(651, 432) 359
(647, 433) 360
(644, 434) 361
(641, 435) 362
(638, 436) 363
(637, 438) 364
(635, 440) 365
(634, 441) 366
(633, 443) 367
(631, 445) 368
(630, 446) 369
(630, 448) 370
(629, 449) 371
(628, 451) 372
(627, 452) 373
(627, 454) 374
(626, 455) 375
(626, 456) 376
(625, 458) 377
(625, 459) 378
(625, 460) 379
(624, 462) 380
(624, 463) 381
(624, 464) 382
(623, 464) 383
(623, 464) 384
(622, 464) 385
(622, 464) 386
(622, 463) 387
(622, 463) 388
(621, 463) 389
(621, 463) 390
(621, 463) 391
(621, 463) 392
(620, 463) 393
(620, 463) 394
(620, 462) 395
(620, 462) 396
(618, 462) 397
(618, 462) 398
(619, 461) 399
(619, 460) 400
(621, 460) 401
(625, 459) 402
(630, 458) 403
(634, 457) 404
(644, 456) 405
(645, 454) 406
(648, 451) 407
(651, 449) 408
(653, 447) 409
(653, 446) 410
(654, 444) 411
(656, 443) 412
(656, 442) 413
(656, 441) 414
(655, 439) 415
(655, 438) 416
(654, 436) 417
(654, 435) 418
(648, 434) 419
(644, 433) 420
(639, 433) 421
(635, 432) 422
(632, 432) 423
(628, 431) 424
(626, 431) 425
(623, 430) 426
(621, 430) 427
(618, 429) 428
(610, 428) 429
(603, 427) 430
(596, 426) 431
(590, 425) 432
(585, 425) 433
(580, 424) 434
(575, 423) 435
(571, 422) 436
(568, 421) 437
(565, 420) 438
(562, 420) 439
(559, 419) 440
(557, 418) 441
(555, 417) 442
(553, 417) 443
(551, 416) 444
(550, 415) 445
(548, 415) 446
(548, 414) 447
(553, 413) 448
(559, 413) 449
(571, 413) 450
(583, 413) 451
(592, 413) 452
(601, 414) 453
(609, 414) 454
(616, 414) 455
(622, 414) 456
(633, 415) 457
(643, 415) 458
(651, 416) 459
(661, 416) 460
(670, 416) 461
(678, 416) 462
(685, 417) 463
(692, 417) 464
(697, 417) 465
(703, 417) 466
(707, 417) 467
(712, 418) 468
(715, 418) 469
(719, 418) 470
(722, 417) 471
(723, 417) 472
(724, 417) 473
(724, 417) 474
(725, 417) 475
(725, 418) 476
(724, 418) 477
(724, 419) 478
(724, 420) 479
(725, 421) 480
(728, 421) 481
(731, 422) 482
(732, 422) 483
(734, 423) 484
(735, 424) 485
(736, 424) 486
(736, 425) 487
(736, 425) 488
(736, 425) 489
(734, 427) 490
(733, 428) 491
(731, 429) 492
(725, 429) 493
(720, 429) 494
(719, 430) 495
(719, 430) 496
(723, 430) 497
(726, 431) 498
(731, 432) 499
(731, 432) 500
(733, 433) 501
(736, 434) 502
(739, 435) 503
(742, 436) 504
(744, 437) 505
(742, 437) 506
(742, 438) 507
(741, 438) 508
(736, 438) 509
(727, 438) 510
(718, 438) 511
(711, 438) 512
(704, 437) 513
(697, 437) 514
(692, 437) 515
(687, 437) 516
(682, 436) 517
(678, 436) 518
(678, 435) 519
(681, 435) 520
(680, 434) 521
(676, 433) 522
(672, 432) 523
(668, 431) 524
(664, 431) 525
(660, 431) 526
(657, 431) 527
(651, 430) 528
(646, 428) 529
(641, 427) 530
(639, 425) 531
(635, 424) 532
(634, 422) 533
(628, 422) 534
(623, 421) 535
(619, 420) 536
(615, 419) 537
(611, 419) 538
(608, 418) 539
(611, 418) 540
(611, 417) 541
(611, 416) 542
(614, 416) 543
(617, 417) 544
(616, 416) 545
(616, 415) 546
(615, 415) 547
(614, 414) 548
(614, 415) 549
(613, 415) 550
(613, 415) 551
(613, 415) 552
(613, 416) 553
(614, 417) 554
(616, 417) 555
(616, 418) 556
(616, 419) 557
(617, 420) 558
(620, 420) 559
(620, 420) 560
(627, 419) 561
(633, 419) 562
(639, 418) 563
(644, 417) 564
(648, 417) 565
(652, 416) 566
(656, 416) 567
(663, 415) 568
(673, 414) 569
(682, 413) 570
(685, 411) 571
(687, 409) 572
(688, 407) 573
(689, 406) 574
(688, 403) 575
(687, 400) 576
(686, 397) 577
(685, 394) 578
(685, 391) 579
(684, 388) 580
(684, 385) 581
(683, 384) 582
(681, 382) 583
(681, 380) 584
(681, 378) 585
(679, 377) 586
(675, 375) 587
(672, 374) 588
(667, 372) 589
(663, 371) 590
(659, 370) 591
(655, 368) 592
(649, 367) 593
(644, 365) 594
(640, 364) 595
(635, 363) 596
(632, 362) 597
(629, 360) 598
(627, 359) 599
(626, 359) 600
(625, 358) 601
(624, 357) 602
(624, 357) 603
(627, 356) 604
(629, 356) 605
(633, 355) 606
(637, 355) 607
(642, 355) 608
(639, 354) 609
(637, 354) 610
(634, 353) 611
(631, 352) 612
(629, 352) 613
(625, 351) 614
(620, 350) 615
(616, 349) 616
(612, 348) 617
(609, 347) 618
(605, 346) 619
(607, 346) 620
(607, 346) 621
(606, 346) 622
(603, 346) 623
(600, 346) 624
(597, 346) 625
(595, 346) 626
(592, 346) 627
(590, 346) 628
(588, 346) 629
(589, 347) 630
(589, 348) 631
(589, 349) 632
(589, 349) 633
(589, 349) 634
(590, 350) 635
(591, 351) 636
(592, 352) 637
(591, 353) 638
(590, 354) 639
(589, 355) 640
(588, 356) 641
(587, 357) 642
(586, 358) 643
(586, 359) 644
(585, 360) 645
(585, 361) 646
(587, 362) 647
(591, 362) 648
(595, 362) 649
(596, 364) 650
(598, 365) 651
(600, 367) 652
(601, 368) 653
(606, 370) 654
(611, 372) 655
(615, 374) 656
(619, 376) 657
(622, 379) 658
(622, 381) 659
(620, 382) 660
(616, 384) 661
(613, 386) 662
(610, 388) 663
(608, 389) 664
(605, 391) 665
(605, 393) 666
(607, 393) 667
(610, 394) 668
(613, 394) 669
(617, 394) 670
(616, 393) 671
(616, 392) 672
(617, 390) 673
(626, 389) 674
(630, 387) 675
(641, 386) 676
(648, 384) 677
(655, 382) 678
(665, 380) 679
(676, 378) 680
(687, 376) 681
(694, 373) 682
(701, 371) 683
(710, 369) 684
(721, 367) 685
(731, 365) 686
(740, 364) 687
(748, 362) 688
(751, 360) 689
(758, 359) 690
(763, 357) 691
(766, 356) 692
(770, 355) 693
(774, 354) 694
(779, 353) 695
(782, 351) 696
(784, 350) 697
(787, 349) 698
(790, 348) 699
(793, 346) 700
(800, 345) 701
(806, 344) 702
(806, 344) 703
(808, 343) 704
(815, 343) 705
(818, 341) 706
(823, 340) 707
(827, 339) 708
(828, 338) 709
(830, 337) 710
(832, 336) 711
(835, 336) 712
(837, 335) 713
(842, 335) 714
(849, 334) 715
(856, 334) 716
(860, 334) 717
(867, 334) 718
(871, 333) 719
(874, 333) 720
(877, 333) 721
(881, 332) 722
(884, 331) 723
(888, 329) 724
(888, 330) 725
(890, 330) 726
(892, 330) 727
(894, 330) 728
(897, 330) 729
(898, 330) 730
(899, 331) 731
(899, 331) 732
(901, 332) 733
(903, 332) 734
(904, 333) 735
(906, 334) 736
(905, 334) 737
(902, 336) 738
(902, 337) 739
(899, 339) 740
(894, 340) 741
(888, 342) 742
(883, 343) 743
(883, 343) 744
(882, 344) 745
(882, 344) 746
(883, 344) 747
(885, 343) 748
(888, 342) 749
(892, 342) 750
(894, 341) 751
(895, 341) 752
(897, 341) 753
(899, 341) 754
(898, 341) 755
(897, 343) 756
(893, 345) 757
(890, 347) 758
(890, 348) 759
(886, 349) 760
(884, 351) 761
(884, 352) 762
(887, 353) 763
(891, 353) 764
(895, 354) 765
(896, 355) 766
(898, 355) 767
(903, 355) 768
(907, 355) 769
(907, 355) 770
(907, 356) 771
(903, 357) 772
(899, 358) 773
(893, 360) 774
(887, 361) 775
(882, 363) 776
(877, 365) 777
(873, 367) 778
(869, 368) 779
(865, 370) 780
(862, 371) 781
(860, 372) 782
(858, 373) 783
(856, 374) 784
(854, 375) 785
(851, 376) 786
(849, 376) 787
(847, 377) 788
(846, 379) 789
(844, 381) 790
(843, 382) 791
(842, 384) 792
(841, 385) 793
(840, 386) 794
(834, 388) 795
(829, 390) 796
(824, 392) 797
(820, 394) 798
(817, 396) 799
(820, 397) 800
(828, 398) 801
(835, 398) 802
(843, 399) 803
(858, 400) 804
(868, 400) 805
(880, 401) 806
(890, 402) 807
(900, 403) 808
(910, 404) 809
(918, 406) 810
(926, 407) 811
(933, 408) 812
(939, 409) 813
(945, 410) 814
(950, 411) 815
(954, 412) 816
(957, 412) 817
(960, 411) 818
(965, 412) 819
(969, 412) 820
(970, 412) 821
(970, 411) 822
(970, 410) 823
(971, 410) 824
(971, 410) 825
(968, 410) 826
(966, 410) 827
(962, 409) 828
(955, 409) 829
(952, 410) 830
(949, 410) 831
(945, 410) 832
(942, 411) 833
(939, 411) 834
(936, 412) 835
(933, 412) 836
(931, 412) 837
(929, 413) 838
(927, 413) 839
(925, 413) 840
(923, 414) 841
(925, 415) 842
(926, 416) 843
(927, 417) 844
(926, 417) 845
(922, 418) 846
(911, 419) 847
(901, 420) 848
(892, 420) 849
(884, 421) 850
(876, 422) 851
(869, 423) 852
(863, 423) 853
(861, 423) 854
(857, 423) 855
(857, 423) 856
(243, 384) 312
(241, 383) 313
(241, 383) 314
(240, 383) 315
(239, 383) 316
(239, 383) 317
(239, 383) 318
(239, 382) 319
(239, 382) 320
(239, 382) 321
(239, 382) 322
(239, 382) 323
(239, 382) 324
(239, 382) 325
(239, 381) 326
(239, 381) 327
(239, 381) 328
(239, 381) 329
(239, 381) 330
(239, 381) 331
(239, 381) 332
(239, 381) 333
(232, 381) 334
(227, 381) 335
(224, 381) 336
(220, 381) 337
(217, 381) 338
(216, 381) 339
(213, 381) 340
(212, 381) 341
(211, 381) 342
(210, 380) 343
(210, 380) 344
(209, 380) 345
(208, 380) 346
(208, 380) 347
(208, 380) 348
(207, 380) 349
(207, 380) 350
(207, 380) 351
(212, 380) 352
(215, 380) 353
(215, 381) 354
(213, 381) 355
(211, 381) 356
(208, 381) 357
(205, 381) 358
(201, 381) 359
(197, 381) 360
(192, 381) 361
(186, 380) 362
(181, 380) 363
(175, 380) 364
(169, 379) 365
(163, 379) 366
(157, 379) 367
(152, 378) 368
(149, 378) 369
(146, 377) 370
(144, 377) 371
(145, 376) 372
(145, 376) 373
(145, 377) 374
(146, 377) 375
(152, 378) 376
(158, 379) 377
(162, 381) 378
(166, 382) 379
(170, 383) 380
(174, 384) 381
(177, 385) 382
(180, 386) 383
(182, 388) 384
(184, 389) 385
(186, 390) 386
(188, 391) 387
(190, 392) 388
(191, 393) 389
(193, 394) 390
(194, 395) 391
(195, 395) 392
(196, 396) 393
(196, 397) 394
(194, 399) 395
(191, 401) 396
(190, 402) 397
(189, 403) 398
(188, 404) 399
(188, 405) 400
(188, 405) 401
(189, 405) 402
(189, 405) 403
(191, 405) 404
(192, 405) 405
(192, 404) 406
(190, 403) 407
(186, 403) 408
(181, 402) 409
(177, 402) 410
(172, 401) 411
(168, 400) 412
(164, 399) 413
(160, 398) 414
(157, 398) 415
(157, 396) 416
(161, 393) 417
(164, 392) 418
(172, 390) 419
(177, 388) 420
(180, 387) 421
(182, 386) 422
(184, 384) 423
(186, 383) 424
(188, 382) 425
(187, 380) 426
(183, 380) 427
(178, 378) 428
(173, 377) 429
(166, 377) 430
(153, 377) 431
(141, 378) 432
(134, 378) 433
(95, 524) 313
(96, 524) 314
(98, 524) 315
(100, 524) 316
(104, 524) 317
(109, 524) 318
(113, 524) 319
(118, 523) 320
(123, 523) 321
(120, 523) 322
(120, 524) 323
(120, 524) 324
(121, 524) 325
(122, 524) 326
(123, 524) 327
(124, 524) 328
(125, 524) 329
(126, 524) 330
(126, 524) 331
(124, 524) 332
(120, 524) 333
(116, 524) 334
(112, 524) 335
(109, 523) 336
(106, 523) 337
(103, 523) 338
(101, 523) 339
(99, 523) 340
(97, 523) 341
(95, 523) 342
(94, 523) 343
(92, 523) 344
(91, 523) 345
(90, 523) 346
(89, 522) 347
(89, 522) 348
(92, 523) 349
(91, 524) 350
(90, 525) 351
(89, 525) 352
(88, 525) 353
(87, 526) 354
(86, 526) 355
(84, 526) 356
(83, 527) 357
(83, 527) 358
(84, 527) 359
(91, 529) 360
(100, 532) 361
(109, 534) 362
(116, 537) 363
(123, 539) 364
(129, 541) 365
(135, 543) 366
(140, 546) 367
(145, 548) 368
(149, 550) 369
(152, 552) 370
(156, 554) 371
(159, 556) 372
(161, 558) 373
(164, 559) 374
(166, 561) 375
(168, 563) 376
(170, 565) 377
(171, 567) 378
(173, 569) 379
(174, 572) 380
(175, 575) 381
(176, 578) 382
(177, 581) 383
(178, 583) 384
(179, 586) 385
(182, 588) 386
(184, 589) 387
(185, 591) 388
(187, 593) 389
(388, 729) 326
(388, 729) 327
(388, 729) 328
(388, 729) 329
(388, 729) 330
(388, 729) 331
(382, 728) 332
(376, 727) 333
(373, 724) 334
(369, 722) 335
(366, 719) 336
(366, 716) 337
(370, 712) 338
(374, 708) 339
(378, 704) 340
(386, 700) 341
(389, 697) 342
(394, 693) 343
(399, 690) 344
(404, 687) 345
(408, 684) 346
(414, 681) 347
(411, 677) 348
(408, 675) 349
(404, 673) 350
(402, 671) 351
(399, 669) 352
(397, 667) 353
(399, 666) 354
(402, 664) 355
(405, 662) 356
(409, 659) 357
(414, 657) 358
(412, 655) 359
(410, 653) 360
(408, 651) 361
(404, 648) 362
(400, 646) 363
(397, 644) 364
(394, 641) 365
(391, 639) 366
(387, 637) 367
(385, 635) 368
(384, 633) 369
(383, 631) 370
(380, 629) 371
(376, 627) 372
(372, 625) 373
(373, 624) 374
(374, 622) 375
(375, 621) 376
(375, 619) 377
(376, 618) 378
(377, 616) 379
(376, 615) 380
(372, 613) 381
(376, 612) 382
(379, 610) 383
(379, 609) 384
(380, 608) 385
(382, 608) 386
(385, 607) 387
(387, 607) 388
(389, 607) 389
(391, 605) 390
(392, 604) 391
(398, 603) 392
(409, 602) 393
(417, 600) 394
(920, 495) 390
(920, 495) 391
(920, 495) 392
(920, 495) 393
(921, 495) 394
(921, 495) 395
(921, 495) 396
(921, 495) 397
(921, 495) 398
(921, 495) 399
(921, 495) 400
(921, 495) 401
(921, 495) 402
(924, 494) 403
(926, 493) 404
(928, 493) 405
(930, 493) 406
(931, 493) 407
(932, 493) 408
(932, 493) 409
(933, 494) 410
(933, 494) 411
(932, 494) 412
(932, 494) 413
(931, 494) 414
(930, 495) 415
(930, 495) 416
(930, 495) 417
(933, 494) 418
(936, 493) 419
(941, 491) 420
(943, 490) 421
(944, 490) 422
(944, 490) 423
(943, 489) 424
(942, 489) 425
(939, 489) 426
(936, 488) 427
(933, 488) 428
(929, 488) 429
(925, 488) 430
(922, 488) 431
(917, 488) 432
(912, 488) 433
(907, 488) 434
(897, 487) 435
(893, 487) 436
(890, 487) 437
(886, 487) 438
(878, 486) 439
(871, 485) 440
(865, 485) 441
(861, 484) 442
(856, 483) 443
(852, 484) 444
(848, 484) 445
(844, 484) 446
(841, 485) 447
(844, 485) 448
(844, 485) 449
(844, 485) 450
(845, 485) 451
(845, 485) 452
(849, 484) 453
(852, 483) 454
(853, 481) 455
(853, 478) 456
(853, 476) 457
(853, 473) 458
(853, 471) 459
(852, 469) 460
(852, 467) 461
(852, 464) 462
(852, 462) 463
(852, 460) 464
(852, 458) 465
(852, 456) 466
(852, 454) 467
(852, 452) 468
(852, 450) 469
(851, 448) 470
(850, 446) 471
(849, 444) 472
(849, 442) 473
(848, 440) 474
(848, 439) 475
(847, 437) 476
(847, 435) 477
(847, 433) 478
(846, 431) 479
(846, 430) 480
(846, 428) 481
(846, 426) 482
(845, 425) 483
(845, 423) 484
(845, 422) 485
(845, 420) 486
(845, 419) 487
(845, 417) 488
(845, 416) 489
(846, 416) 490
(851, 417) 491
(855, 419) 492
(859, 420) 493
(863, 422) 494
(866, 423) 495
(867, 424) 496
(867, 424) 497
(868, 425) 498
(869, 425) 499
(872, 426) 500
(875, 427) 501
(877, 428) 502
(880, 428) 503
(882, 429) 504
(890, 429) 505
(898, 429) 506
(905, 429) 507
(911, 429) 508
(917, 429) 509
(922, 428) 510
(926, 428) 511
(930, 428) 512
(934, 428) 513
(937, 428) 514
(940, 428) 515
(943, 428) 516
(945, 428) 517
(947, 428) 518
(945, 428) 519
(944, 428) 520
(943, 429) 521
(941, 429) 522
(940, 429) 523
(939, 429) 524
(938, 429) 525
(938, 429) 526
(937, 429) 527
(936, 430) 528
(936, 430) 529
(935, 430) 530
(935, 430) 531
(934, 430) 532
(934, 430) 533
(934, 430) 534
(933, 431) 535
(933, 431) 536
(933, 431) 537
(933, 431) 538
(932, 431) 539
(928, 431) 540
(925, 430) 541
(921, 430) 542
(917, 429) 543
(916, 428) 544
(915, 428) 545
(915, 428) 546
(915, 427) 547
(914, 426) 548
(914, 424) 549
(912, 423) 550
(913, 421) 551
(913, 421) 552
(916, 420) 553
(919, 419) 554
(917, 418) 555
(914, 417) 556
(908, 417) 557
(904, 416) 558
(382, 607) 398
(382, 606) 399
(382, 606) 400
(382, 606) 401
(383, 605) 402
(382, 605) 403
(383, 604) 404
(383, 604) 405
(384, 603) 406
(383, 602) 407
(384, 601) 408
(383, 601) 409
(383, 599) 410
(381, 596) 411
(378, 594) 412
(375, 593) 413
(376, 590) 414
(378, 588) 415
(384, 586) 416
(391, 585) 417
(399, 582) 418
(407, 580) 419
(418, 577) 420
(424, 575) 421
(430, 573) 422
(436, 572) 423
(440, 569) 424
(440, 566) 425
(439, 563) 426
(442, 560) 427
(444, 558) 428
(447, 556) 429
(452, 553) 430
(453, 551) 431
(455, 549) 432
(457, 548) 433
(459, 546) 434
(458, 545) 435
(458, 543) 436
(461, 541) 437
(468, 540) 438
(467, 539) 439
(466, 538) 440
(466, 536) 441
(464, 536) 442
(464, 535) 443
(465, 534) 444
(465, 532) 445
(465, 531) 446
(464, 531) 447
(463, 530) 448
(462, 529) 449
(461, 528) 450
(460, 528) 451
(460, 527) 452
(459, 526) 453
(459, 525) 454
(458, 525) 455
(458, 524) 456
(457, 523) 457
(457, 523) 458
(456, 522) 459
(456, 521) 460
(450, 521) 461
(444, 520) 462
(439, 519) 463
(435, 519) 464
(431, 518) 465
(427, 517) 466
(429, 518) 467
(431, 518) 468
(432, 518) 469
(433, 519) 470
(428, 520) 471
(424, 521) 472
(420, 522) 473
(416, 523) 474
(413, 524) 475
(410, 526) 476
(409, 527) 477
(407, 528) 478
(404, 528) 479
(401, 528) 480
(402, 529) 481
(403, 530) 482
(407, 530) 483
(412, 530) 484
(416, 530) 485
(420, 530) 486
(423, 529) 487
(427, 529) 488
(429, 529) 489
(432, 528) 490
(434, 528) 491
(433, 528) 492
(432, 528) 493
(426, 529) 494
(420, 530) 495
(417, 530) 496
(415, 530) 497
(414, 530) 498
(414, 530) 499
(414, 530) 500
(415, 530) 501
(415, 530) 502
(416, 530) 503
(416, 530) 504
(414, 531) 505
(412, 531) 506
(410, 532) 507
(404, 533) 508
(402, 534) 509
(399, 534) 510
(395, 535) 511
(390, 536) 512
(387, 537) 513
(384, 538) 514
(383, 539) 515
(383, 539) 516
(384, 540) 517
(386, 540) 518
(389, 540) 519
(392, 540) 520
(395, 540) 521
(396, 540) 522
(397, 540) 523
(398, 540) 524
(399, 540) 525
(400, 540) 526
(400, 540) 527
(401, 541) 528
(401, 541) 529
(398, 541) 530
(398, 542) 531
(398, 542) 532
(399, 542) 533
(399, 543) 534
(399, 543) 535
(399, 543) 536
(397, 543) 537
(398, 544) 538
(397, 544) 539
(397, 544) 540
(400, 544) 541
(402, 544) 542
(404, 544) 543
(406, 544) 544
(410, 544) 545
(414, 544) 546
(417, 544) 547
(418, 543) 548
(419, 543) 549
(426, 542) 550
(432, 542) 551
(440, 541) 552
(446, 540) 553
(453, 540) 554
(455, 539) 555
(458, 539) 556
(462, 539) 557
(467, 538) 558
(470, 538) 559
(474, 538) 560
(477, 537) 561
(479, 537) 562
(482, 536) 563
(487, 535) 564
(494, 533) 565
(505, 531) 566
(517, 530) 567
(128, 446) 469
(128, 446) 470
(128, 446) 471
(129, 446) 472
(130, 447) 473
(130, 447) 474
(131, 448) 475
(138, 448) 476
(145, 449) 477
(150, 449) 478
(156, 450) 479
(155, 450) 480
(154, 449) 481
(152, 449) 482
(151, 449) 483
(145, 448) 484
(139, 448) 485
(133, 447) 486
(129, 447) 487
(125, 446) 488
(122, 446) 489
(118, 446) 490
(116, 446) 491
(113, 446) 492
(110, 447) 493
(108, 448) 494
(104, 448) 495
(98, 449) 496
(94, 451) 497
(92, 453) 498
(90, 455) 499
(88, 457) 500
(87, 459) 501
(85, 461) 502
(84, 462) 503
(83, 464) 504
(82, 466) 505
(81, 467) 506
(81, 469) 507
(84, 469) 508
(85, 470) 509
(84, 470) 510
(83, 470) 511
(79, 471) 512
(76, 471) 513
(70, 472) 514
(65, 472) 515
(60, 473) 516
(58, 473) 517
(56, 473) 518
(55, 473) 519
(53, 474) 520
(51, 474) 521
(49, 474) 522
(49, 474) 523
(52, 474) 524
(56, 474) 525
(60, 474) 526
(64, 473) 527
(70, 473) 528
(1241, 513) 510
(1246, 512) 511
(1252, 512) 512
(1258, 512) 513
(1261, 511) 514
(1265, 511) 515
(1268, 510) 516
(1271, 510) 517
(1274, 509) 518
(1276, 509) 519
(1279, 508) 520
(1281, 508) 521
(1282, 508) 522
(1284, 507) 523
(1285, 507) 524
(1285, 506) 525
(1286, 506) 526
(1287, 505) 527
(1297, 504) 528
(1306, 503) 529
(1315, 502) 530
(1325, 501) 531
(1330, 500) 532
(1336, 499) 533
(1346, 498) 534
(1357, 497) 535
(1367, 496) 536
(1379, 495) 537
(1390, 494) 538
(1400, 494) 539
(1409, 493) 540
(1417, 492) 541
(1422, 492) 542
(1428, 491) 543
(1435, 489) 544
(1441, 488) 545
(1446, 487) 546
(1452, 486) 547
(1459, 485) 548
(1465, 483) 549
(1470, 482) 550
(1473, 482) 551
(1472, 482) 552
(1472, 482) 553
(1472, 482) 554
(1470, 482) 555
(1461, 481) 556
(1450, 481) 557
(1440, 481) 558
(1430, 481) 559
(1418, 479) 560
(1407, 478) 561
(1396, 477) 562
(1383, 476) 563
(1376, 476) 564
(1369, 475) 565
(1363, 475) 566
(1357, 474) 567
(1350, 474) 568
(1348, 473) 569
(1347, 472) 570
(1346, 471) 571
(1345, 470) 572
(1345, 470) 573
(1345, 469) 574
(1345, 468) 575
(1345, 467) 576
(1349, 467) 577
(1352, 466) 578
(1355, 466) 579
(1364, 465) 580
(1372, 465) 581
(1376, 465) 582
(1379, 465) 583
(1381, 464) 584
(1381, 465) 585
(1379, 464) 586
(1377, 464) 587
(1374, 463) 588
(1372, 463) 589
(1369, 462) 590
(1366, 462) 591
(1364, 461) 592
(1362, 462) 593
(1359, 462) 594
(1356, 463) 595
(1354, 463) 596
(1352, 463) 597
(1350, 464) 598
(1347, 464) 599
(1344, 464) 600
(1341, 464) 601
(1337, 465) 602
(1336, 465) 603
(1334, 466) 604
(1333, 466) 605
(1332, 467) 606
(1331, 467) 607
(1326, 468) 608
(1321, 469) 609
(1317, 469) 610
(1306, 470) 611
(1301, 471) 612
(1296, 472) 613
(1285, 474) 614
(1276, 476) 615
(1266, 478) 616
(1257, 480) 617
(1248, 481) 618
(1240, 483) 619
(1233, 485) 620
(1226, 486) 621
(1219, 488) 622
(1212, 489) 623
(1206, 491) 624
(1200, 493) 625
(1194, 494) 626
(1185, 497) 627
(1176, 499) 628
(1168, 501) 629
(1160, 503) 630
(1153, 505) 631
(1142, 507) 632
(1130, 509) 633
(1119, 511) 634
(1108, 513) 635
(1099, 515) 636
(1090, 517) 637
(1076, 518) 638
(1056, 519) 639
(1037, 519) 640
(1020, 520) 641
(1005, 521) 642
(992, 521) 643
(980, 522) 644
(977, 523) 645
(977, 523) 646
(978, 524) 647
(982, 525) 648
(981, 526) 649
(981, 528) 650
(978, 529) 651
(970, 530) 652
(962, 531) 653
(955, 532) 654
(949, 533) 655
(943, 534) 656
(937, 535) 657
(932, 535) 658
(927, 535) 659
(142, 389) 553
(141, 389) 554
(141, 389) 555
(137, 389) 556
(134, 389) 557
(131, 389) 558
(126, 389) 559
(123, 389) 560
(121, 389) 561
(119, 388) 562
(118, 388) 563
(118, 387) 564
(118, 386) 565
(120, 385) 566
(122, 384) 567
(125, 383) 568
(130, 381) 569
(134, 380) 570
(140, 379) 571
(142, 379) 572
(144, 379) 573
(145, 378) 574
(147, 377) 575
(148, 377) 576
(149, 377) 577
(150, 376) 578
(150, 376) 579
(151, 376) 580
(150, 375) 581
(150, 375) 582
(147, 374) 583
(143, 373) 584
(139, 373) 585
(135, 372) 586
(132, 371) 587
(132, 370) 588
(133, 370) 589
(137, 369) 590
(141, 369) 591
(144, 368) 592
(147, 368) 593
(150, 368) 594
(153, 367) 595
(156, 367) 596
(158, 367) 597
(160, 366) 598
(159, 367) 599
(159, 367) 600
(159, 368) 601
(158, 368) 602
(158, 368) 603
(158, 368) 604
(157, 368) 605
(157, 368) 606
(157, 367) 607
(159, 368) 608
(159, 368) 609
(159, 368) 610
(155, 369) 611
(155, 369) 612
(151, 367) 613
(146, 365) 614
(142, 364) 615
(139, 362) 616
(141, 360) 617
(143, 358) 618
(143, 356) 619
(141, 354) 620
(138, 352) 621
(135, 350) 622
(132, 348) 623
(129, 345) 624
(126, 343) 625
(123, 341) 626
(121, 339) 627
(118, 336) 628
(115, 333) 629
(112, 330) 630
(111, 327) 631
(110, 324) 632
(110, 321) 633
(314, 569) 559
(313, 569) 560
(312, 569) 561
(311, 568) 562
(310, 568) 563
(309, 568) 564
(309, 568) 565
(316, 568) 566
(323, 568) 567
(329, 567) 568
(334, 567) 569
(338, 567) 570
(342, 567) 571
(345, 567) 572
(348, 566) 573
(351, 566) 574
(354, 566) 575
(356, 566) 576
(358, 566) 577
(360, 566) 578
(361, 566) 579
(363, 566) 580
(364, 565) 581
(365, 565) 582
(366, 564) 583
(369, 562) 584
(373, 561) 585
(376, 559) 586
(379, 557) 587
(381, 555) 588
(384, 554) 589
(386, 552) 590
(387, 550) 591
(389, 549) 592
(391, 547) 593
(392, 545) 594
(393, 544) 595
(394, 542) 596
(395, 541) 597
(396, 540) 598
(397, 538) 599
(399, 537) 600
(398, 536) 601
(399, 534) 602
(398, 532) 603
(397, 530) 604
(393, 529) 605
(389, 528) 606
(389, 527) 607
(388, 526) 608
(388, 525) 609
(387, 524) 610
(387, 523) 611
(387, 522) 612
(386, 521) 613
(381, 519) 614
(376, 517) 615
(372, 515) 616
(368, 513) 617
(365, 511) 618
(361, 510) 619
(359, 508) 620
(353, 507) 621
(347, 507) 622
(346, 505) 623
(345, 504) 624
(344, 502) 625
(343, 500) 626
(342, 499) 627
(342, 497) 628
(341, 496) 629
(341, 494) 630
(340, 493) 631
(340, 491) 632
(339, 490) 633
(339, 488) 634
(340, 489) 635
(341, 489) 636
(342, 489) 637
(343, 489) 638
(344, 489) 639
(345, 490) 640
(346, 490) 641
(347, 490) 642
(348, 490) 643
(348, 490) 644
(348, 490) 645
(348, 491) 646
(349, 490) 647
(350, 490) 648
(349, 489) 649
(350, 489) 650
(349, 488) 651
(348, 488) 652
(348, 487) 653
(349, 487) 654
(349, 487) 655
(353, 487) 656
(360, 487) 657
(366, 487) 658
(372, 487) 659
(371, 487) 660
(370, 486) 661
(369, 486) 662
(367, 486) 663
(366, 486) 664
(365, 485) 665
(364, 485) 666
(364, 485) 667
(364, 486) 668
(366, 487) 669
(367, 488) 670
(368, 488) 671
(369, 489) 672
(370, 489) 673
(371, 490) 674
(371, 490) 675
(372, 491) 676
(373, 491) 677
(373, 492) 678
(374, 492) 679
(374, 493) 680
(375, 493) 681
(375, 494) 682
(375, 494) 683
(369, 495) 684
(363, 496) 685
(357, 497) 686
(352, 498) 687
(348, 499) 688
(344, 499) 689
(340, 500) 690
(337, 501) 691
(334, 502) 692
(331, 502) 693
(329, 503) 694
(318, 504) 695
(311, 505) 696
(306, 506) 697
(300, 507) 698
(295, 509) 699
(290, 510) 700
(285, 511) 701
(279, 512) 702
(270, 513) 703
(259, 514) 704
(244, 516) 705
(224, 517) 706
(202, 518) 707
(176, 519) 708
(148, 520) 709
(126, 520) 710
(105, 520) 711
(84, 520) 712
(65, 520) 713
(44, 521) 714
(26, 523) 715
(26, 524) 716
(1944, 526) 717
(1927, 527) 718
(1911, 529) 719
(1896, 530) 720
(1883, 532) 721
(1870, 533) 722
(1859, 535) 723
(1849, 536) 724
(1836, 537) 725
(1824, 539) 726
(1818, 540) 727
(1813, 542) 728
(1809, 544) 729
(1808, 545) 730
(1808, 547) 731
(1810, 549) 732
(1813, 551) 733
(1810, 553) 734
(1807, 554) 735
(1805, 555) 736
(1803, 557) 737
(1803, 558) 738
(1804, 559) 739
(1806, 560) 740
(1808, 561) 741
(1811, 562) 742
(1813, 563) 743
(1814, 564) 744
(1816, 565) 745
(1818, 566) 746
(1820, 567) 747
(1822, 568) 748
(1824, 569) 749
(1826, 570) 750
(1828, 571) 751
(1834, 571) 752
(1839, 571) 753
(1845, 571) 754
(1850, 572) 755
(1854, 572) 756
(1859, 572) 757
(1863, 572) 758
(1868, 573) 759
(1869, 573) 760
(1871, 573) 761
(1134, 532) 561
(1134, 532) 562
(1134, 532) 563
(1135, 531) 564
(1135, 531) 565
(1135, 530) 566
(1136, 529) 567
(1136, 529) 568
(1141, 529) 569
(1148, 531) 570
(1159, 533) 571
(1169, 536) 572
(1178, 539) 573
(1187, 542) 574
(1195, 544) 575
(1203, 547) 576
(1209, 549) 577
(1215, 552) 578
(1220, 554) 579
(1225, 556) 580
(1230, 559) 581
(1234, 561) 582
(1237, 564) 583
(1241, 567) 584
(1244, 570) 585
(1247, 574) 586
(1250, 577) 587
(1252, 580) 588
(1255, 583) 589
(1256, 586) 590
(1258, 589) 591
(1260, 592) 592
(1261, 595) 593
(1263, 598) 594
(1264, 600) 595
(1265, 603) 596
(1266, 606) 597
(1266, 608) 598
(1271, 610) 599
(1274, 612) 600
(1278, 613) 601
(1281, 615) 602
(1289, 616) 603
(1295, 617) 604
(1300, 618) 605
(1306, 619) 606
(1312, 620) 607
(1319, 621) 608
(1326, 623) 609
(1333, 624) 610
(1340, 626) 611
(1347, 628) 612
(1354, 629) 613
(1360, 631) 614
(1366, 633) 615
(1372, 634) 616
(1373, 636) 617
(1374, 637) 618
(1374, 637) 619
(1374, 637) 620
(1374, 637) 621
(1373, 637) 622
(1373, 637) 623
(1377, 636) 624
(1380, 635) 625
(1381, 632) 626
(1381, 629) 627
(1382, 626) 628
(1382, 623) 629
(1704, 333) 599
(1704, 333) 600
(1704, 333) 601
(1703, 333) 602
(1703, 333) 603
(1702, 333) 604
(1698, 332) 605
(1693, 332) 606
(1689, 332) 607
(1685, 332) 608
(1681, 331) 609
(1678, 331) 610
(1674, 330) 611
(1671, 330) 612
(1668, 329) 613
(1666, 329) 614
(1662, 328) 615
(1659, 328) 616
(1656, 327) 617
(1653, 327) 618
(1651, 326) 619
(1649, 326) 620
(1647, 325) 621
(1645, 325) 622
(1643, 324) 623
(1642, 324) 624
(1640, 323) 625
(1639, 323) 626
(1638, 322) 627
(1637, 322) 628
(1636, 322) 629
(1636, 321) 630
(1639, 322) 631
(1642, 323) 632
(1645, 324) 633
(1647, 324) 634
(1648, 325) 635
(1650, 326) 636
(1652, 327) 637
(1658, 326) 638
(1663, 325) 639
(1668, 324) 640
(1672, 323) 641
(1674, 321) 642
(1676, 319) 643
(1676, 317) 644
(1676, 315) 645
(1675, 313) 646
(1673, 312) 647
(1672, 311) 648
(1672, 309) 649
(1672, 308) 650
(1675, 307) 651
(1675, 305) 652
(1672, 303) 653
(1670, 301) 654
(1671, 300) 655
(1671, 297) 656
(1674, 294) 657
(1672, 292) 658
(1670, 290) 659
(1669, 287) 660
(1669, 285) 661
(1670, 283) 662
(1672, 281) 663
(1673, 280) 664
(1674, 278) 665
(1675, 276) 666
(1676, 274) 667
(1683, 271) 668
(1690, 269) 669
(1696, 266) 670
(1702, 263) 671
(1702, 261) 672
(1703, 258) 673
(609, 506) 599
(608, 506) 600
(608, 506) 601
(607, 506) 602
(606, 506) 603
(605, 506) 604
(598, 506) 605
(591, 506) 606
(584, 506) 607
(579, 507) 608
(574, 507) 609
(569, 507) 610
(565, 507) 611
(562, 507) 612
(558, 507) 613
(553, 506) 614
(548, 505) 615
(545, 504) 616
(541, 504) 617
(539, 503) 618
(537, 502) 619
(535, 501) 620
(533, 500) 621
(532, 499) 622
(530, 498) 623
(529, 497) 624
(527, 495) 625
(518, 493) 626
(512, 491) 627
(507, 490) 628
(503, 488) 629
(500, 487) 630
(497, 485) 631
(494, 484) 632
(492, 483) 633
(492, 481) 634
(492, 480) 635
(492, 479) 636
(492, 478) 637
(492, 477) 638
(492, 476) 639
(492, 474) 640
(501, 473) 641
(507, 472) 642
(514, 470) 643
(520, 469) 644
(525, 467) 645
(524, 466) 646
(524, 465) 647
(522, 465) 648
(521, 466) 649
(520, 466) 650
(519, 466) 651
(518, 467) 652
(517, 467) 653
(515, 466) 654
(514, 465) 655
(512, 464) 656
(511, 463) 657
(509, 462) 658
(508, 461) 659
(507, 460) 660
(507, 461) 661
(507, 461) 662
(512, 461) 663
(511, 462) 664
(511, 462) 665
(509, 462) 666
(507, 463) 667
(504, 462) 668
(502, 462) 669
(501, 462) 670
(499, 462) 671
(498, 461) 672
(497, 461) 673
(496, 461) 674
(495, 460) 675
(494, 460) 676
(494, 460) 677
(496, 458) 678
(498, 456) 679
(500, 455) 680
(502, 453) 681
(503, 451) 682
(505, 450) 683
(506, 448) 684
(507, 447) 685
(508, 445) 686
(509, 444) 687
(510, 442) 688
(510, 441) 689
(510, 440) 690
(507, 437) 691
(503, 435) 692
(502, 435) 693
(499, 434) 694
(498, 433) 695
(1451, 468) 608
(1452, 468) 609
(1452, 467) 610
(1453, 467) 611
(1454, 467) 612
(1455, 466) 613
(1456, 466) 614
(1458, 466) 615
(1459, 466) 616
(1461, 465) 617
(1463, 465) 618
(1464, 465) 619
(1464, 463) 620
(1462, 462) 621
(1459, 461) 622
(1450, 459) 623
(1442, 456) 624
(1435, 454) 625
(1428, 452) 626
(1422, 450) 627
(1417, 448) 628
(1412, 446) 629
(1409, 445) 630
(1405, 444) 631
(1404, 443) 632
(1401, 442) 633
(1398, 441) 634
(1395, 440) 635
(1392, 440) 636
(1389, 439) 637
(1386, 438) 638
(1381, 438) 639
(1377, 437) 640
(1372, 437) 641
(1368, 437) 642
(1361, 437) 643
(1355, 437) 644
(1349, 437) 645
(1346, 436) 646
(1342, 436) 647
(1339, 436) 648
(1337, 435) 649
(1333, 435) 650
(1329, 435) 651
(1329, 435) 652
(1325, 435) 653
(1318, 436) 654
(1312, 436) 655
(1307, 436) 656
(1302, 436) 657
(1299, 436) 658
(1299, 436) 659
(1300, 436) 660
(1302, 435) 661
(1301, 435) 662
(1300, 435) 663
(1291, 435) 664
(1283, 435) 665
(1275, 435) 666
(1263, 436) 667
(1245, 436) 668
(1221, 436) 669
(1197, 435) 670
(1177, 435) 671
(1150, 435) 672
(1126, 433) 673
(1104, 432) 674
(1085, 431) 675
(1069, 430) 676
(1054, 430) 677
(1761, 593) 660
(1763, 593) 661
(1765, 594) 662
(1767, 594) 663
(1766, 595) 664
(1765, 595) 665
(1765, 596) 666
(1768, 596) 667
(1767, 597) 668
(1760, 597) 669
(1748, 597) 670
(1737, 597) 671
(1725, 597) 672
(1714, 597) 673
(1702, 596) 674
(1691, 596) 675
(1681, 596) 676
(1672, 596) 677
(1663, 596) 678
(1649, 596) 679
(1636, 596) 680
(1624, 596) 681
(1607, 597) 682
(1592, 598) 683
(1579, 599) 684
(1567, 599) 685
(1556, 600) 686
(1546, 601) 687
(1537, 601) 688
(1525, 602) 689
(1514, 603) 690
(1504, 604) 691
(1496, 605) 692
(1488, 606) 693
(1480, 607) 694
(1472, 609) 695
(1466, 610) 696
(1460, 611) 697
(1453, 613) 698
(1448, 615) 699
(1441, 617) 700
(1432, 620) 701
(1424, 623) 702
(1418, 625) 703
(1412, 627) 704
(1407, 629) 705
(1402, 631) 706
(1399, 633) 707
(1395, 635) 708
(1392, 637) 709
(1389, 639) 710
(1387, 641) 711
(1384, 642) 712
(1382, 644) 713
(1380, 646) 714
(1378, 648) 715
(1377, 649) 716
(1370, 652) 717
(1365, 655) 718
(1360, 658) 719
(414, 474) 687
(413, 474) 688
(413, 473) 689
(416, 472) 690
(419, 471) 691
(428, 470) 692
(436, 469) 693
(443, 468) 694
(450, 467) 695
(456, 466) 696
(461, 465) 697
(465, 464) 698
(470, 463) 699
(473, 462) 700
(477, 461) 701
(480, 460) 702
(483, 459) 703
(485, 459) 704
(487, 458) 705
(489, 457) 706
(491, 456) 707
(493, 455) 708
(494, 455) 709
(496, 454) 710
(497, 453) 711
(503, 453) 712
(509, 453) 713
(514, 453) 714
(519, 453) 715
(523, 454) 716
(526, 454) 717
(530, 454) 718
(533, 454) 719
(536, 454) 720
(538, 454) 721
(540, 454) 722
(542, 454) 723
(544, 454) 724
(546, 454) 725
(547, 454) 726
(549, 455) 727
(550, 455) 728
(555, 455) 729
(559, 455) 730
(562, 455) 731
(565, 456) 732
(565, 456) 733
(561, 457) 734
(555, 458) 735
(549, 458) 736
(543, 459) 737
(540, 460) 738
(529, 461) 739
(518, 462) 740
(507, 464) 741
(495, 465) 742
(486, 466) 743
(477, 467) 744
(470, 468) 745
(456, 469) 746
(445, 470) 747
(435, 471) 748
(427, 472) 749
(420, 473) 750
(413, 474) 751
(407, 475) 752
(402, 476) 753
(405, 477) 754
(406, 478) 755
(407, 479) 756
(408, 480) 757
(408, 480) 758
(408, 481) 759
(407, 482) 760
(405, 483) 761
(403, 484) 762
(401, 484) 763
(399, 485) 764
(397, 486) 765
(397, 487) 766
(399, 488) 767
(399, 490) 768
(399, 492) 769
(399, 493) 770
(400, 495) 771
(400, 496) 772
(398, 498) 773
(396, 499) 774
(395, 500) 775
(394, 502) 776
(392, 504) 777
(391, 506) 778
(384, 508) 779
(379, 511) 780
(374, 513) 781
(370, 516) 782
(369, 517) 783
(369, 519) 784
(371, 520) 785
(374, 521) 786
(374, 523) 787
(375, 524) 788
(377, 525) 789
(378, 526) 790
(379, 528) 791
(380, 529) 792
(384, 529) 793
(388, 528) 794
(390, 529) 795
(391, 530) 796
(393, 530) 797
(389, 531) 798
(1410, 257) 713
(1410, 257) 714
(1410, 257) 715
(1406, 257) 716
(1403, 256) 717
(1401, 256) 718
(1402, 256) 719
(1402, 256) 720
(1404, 256) 721
(1405, 256) 722
(1406, 256) 723
(1408, 256) 724
(1410, 258) 725
(1412, 260) 726
(1414, 261) 727
(1416, 263) 728
(1421, 265) 729
(1424, 269) 730
(1428, 273) 731
(1433, 277) 732
(1437, 280) 733
(1440, 283) 734
(1443, 287) 735
(1442, 290) 736
(1442, 294) 737
(1441, 297) 738
(1441, 300) 739
(1441, 304) 740
(1441, 307) 741
(1441, 310) 742
(1440, 313) 743
(1441, 315) 744
(1443, 318) 745
(1446, 322) 746
(1449, 325) 747
(1451, 328) 748
(1451, 330) 749
(1450, 332) 750
(1450, 334) 751
(1450, 336) 752
(1450, 339) 753
(1450, 341) 754
(1451, 343) 755
(1451, 345) 756
(1452, 347) 757
(1453, 349) 758
(1454, 350) 759
(1458, 352) 760
(1462, 354) 761
(1465, 356) 762
(1468, 358) 763
(1470, 360) 764
(1473, 361) 765
(1475, 363) 766
(1477, 365) 767
(1480, 366) 768
(1480, 368) 769
(1480, 369) 770
(1482, 371) 771
(1481, 373) 772
(1479, 374) 773
(1476, 376) 774
(1474, 378) 775
(1470, 380) 776
(1466, 381) 777
(1458, 383) 778
(1452, 385) 779
(1445, 386) 780
(1439, 388) 781
(1434, 390) 782
(1429, 391) 783
(1424, 393) 784
(1420, 394) 785
(1413, 396) 786
(1406, 397) 787
(1394, 399) 788
(1382, 401) 789
(1368, 403) 790
(1355, 406) 791
(1343, 408) 792
(1334, 410) 793
(1324, 412) 794
(1313, 414) 795
(1303, 416) 796
(1296, 418) 797
(1288, 421) 798
(1282, 423) 799
(1276, 425) 800
(1269, 427) 801
(1263, 430) 802
(1255, 432) 803
(1248, 435) 804
(1243, 437) 805
(1238, 439) 806
(1238, 441) 807
(1238, 444) 808
(1238, 446) 809
(1238, 448) 810
(1241, 450) 811
(1245, 451) 812
(1244, 453) 813
(1244, 455) 814
(1249, 456) 815
(1253, 457) 816
(1252, 458) 817
(1252, 459) 818
(1251, 459) 819
(1251, 460) 820
(1250, 461) 821
(1250, 462) 822
(1250, 462) 823
(1242, 463) 824
(1233, 465) 825
(1226, 466) 826
(1221, 467) 827
(1213, 467) 828
(1201, 468) 829
(1191, 469) 830
(1182, 469) 831
(1174, 470) 832
(1168, 471) 833
(1163, 472) 834
(1159, 473) 835
(1159, 475) 836
(1159, 475) 837
(1162, 476) 838
(1164, 476) 839
(1166, 477) 840
(1168, 477) 841
(1170, 478) 842
(1172, 478) 843
(1176, 480) 844
(1181, 482) 845
(1189, 484) 846
(1196, 486) 847
(1202, 488) 848
(1213, 490) 849
(1219, 492) 850
(1225, 494) 851
(1230, 495) 852
(1238, 496) 853
(1245, 496) 854
(1252, 497) 855
(1255, 497) 856
(1264, 497) 857
(1273, 497) 858
(1282, 497) 859
(1291, 497) 860
(1300, 497) 861
(1307, 497) 862
(1314, 497) 863
(1320, 497) 864
(1328, 497) 865
(1335, 496) 866
(1342, 495) 867
(1348, 495) 868
(1355, 494) 869
(1362, 493) 870
(1368, 493) 871
(1373, 492) 872
(906, 416) 723
(906, 414) 724
(906, 413) 725
(905, 412) 726
(905, 410) 727
(905, 409) 728
(905, 408) 729
(905, 407) 730
(905, 406) 731
(904, 405) 732
(904, 403) 733
(904, 402) 734
(904, 401) 735
(904, 400) 736
(904, 399) 737
(904, 398) 738
(904, 397) 739
(904, 396) 740
(904, 395) 741
(904, 394) 742
(903, 393) 743
(902, 392) 744
(902, 391) 745
(906, 389) 746
(910, 388) 747
(913, 386) 748
(916, 385) 749
(919, 383) 750
(922, 382) 751
(924, 380) 752
(926, 379) 753
(928, 378) 754
(930, 376) 755
(931, 375) 756
(931, 374) 757
(929, 374) 758
(927, 373) 759
(924, 373) 760
(924, 373) 761
(924, 373) 762
(926, 372) 763
(928, 372) 764
(929, 372) 765
(931, 371) 766
(932, 371) 767
(933, 371) 768
(934, 370) 769
(935, 370) 770
(936, 370) 771
(937, 369) 772
(937, 369) 773
(938, 369) 774
(938, 368) 775
(937, 369) 776
(937, 369) 777
(938, 370) 778
(939, 371) 779
(940, 372) 780
(940, 373) 781
(945, 375) 782
(952, 376) 783
(954, 376) 784
(954, 377) 785
(954, 378) 786
(955, 378) 787
(957, 377) 788
(959, 377) 789
(960, 376) 790
(960, 376) 791
(957, 376) 792
(954, 377) 793
(951, 377) 794
(948, 377) 795
(946, 378) 796
(948, 377) 797
(949, 377) 798
(949, 378) 799
(705, 527) 776
(703, 526) 777
(701, 526) 778
(700, 526) 779
(700, 527) 780
(693, 527) 781
(693, 526) 782
(693, 526) 783
(691, 526) 784
(688, 527) 785
(682, 527) 786
(679, 528) 787
(676, 528) 788
(665, 528) 789
(656, 528) 790
(648, 529) 791
(638, 529) 792
(629, 530) 793
(621, 530) 794
(614, 531) 795
(607, 532) 796
(602, 532) 797
(592, 532) 798
(575, 532) 799
(552, 532) 800
(535, 532) 801
(520, 532) 802
(513, 532) 803
(501, 532) 804
(488, 533) 805
(476, 533) 806
(465, 534) 807
(455, 534) 808
(446, 535) 809
(438, 535) 810
(430, 536) 811
(424, 536) 812
(418, 537) 813
(415, 537) 814
(410, 538) 815
(405, 538) 816
(401, 539) 817
(398, 539) 818
(394, 539) 819
(392, 539) 820
(389, 540) 821
(390, 541) 822
(390, 542) 823
(391, 543) 824
(392, 544) 825
(392, 545) 826
(392, 546) 827
(393, 546) 828
(390, 547) 829
(388, 547) 830
(385, 547) 831
(383, 548) 832
(382, 548) 833
(381, 548) 834
(382, 547) 835
(384, 547) 836
(384, 547) 837
(388, 548) 838
(391, 547) 839
(393, 546) 840
(394, 545) 841
(396, 544) 842
(395, 543) 843
(394, 543) 844
(391, 543) 845
(392, 543) 846
(392, 544) 847
(387, 544) 848
(382, 544) 849
(383, 543) 850
(388, 543) 851
(398, 544) 852
(408, 544) 853
(417, 544) 854
(424, 545) 855
(431, 545) 856
(438, 545) 857
(446, 545) 858
(454, 544) 859
(461, 543) 860
(467, 542) 861
(472, 542) 862
(477, 541) 863
(486, 540) 864
(494, 539) 865
(501, 538) 866
(508, 538) 867
(514, 537) 868
(519, 536) 869
(523, 535) 870
(528, 535) 871
(531, 534) 872
(535, 533) 873
(538, 533) 874
(541, 532) 875
(543, 531) 876
(545, 531) 877
(547, 530) 878
(549, 529) 879
(549, 529) 880
(545, 529) 881
(541, 529) 882
(537, 528) 883
(537, 529) 884
(536, 530) 885
(536, 530) 886
(536, 530) 887
(538, 529) 888
(540, 529) 889
(539, 530) 890
(537, 531) 891
(539, 532) 892
(541, 532) 893
(1513, 454) 778
(1513, 453) 779
(1513, 453) 780
(1513, 453) 781
(1512, 453) 782
(1512, 453) 783
(1511, 453) 784
(1510, 453) 785
(1510, 453) 786
(1510, 453) 787
(1509, 453) 788
(1509, 453) 789
(1509, 453) 790
(1509, 453) 791
(1510, 453) 792
(1515, 453) 793
(1521, 453) 794
(1526, 453) 795
(1532, 453) 796
(1536, 453) 797
(1541, 454) 798
(1543, 454) 799
(1544, 454) 800
(1546, 454) 801
(1548, 454) 802
(1550, 454) 803
(1553, 455) 804
(1561, 455) 805
(1570, 456) 806
(1577, 457) 807
(1585, 457) 808
(1591, 458) 809
(1597, 459) 810
(1603, 460) 811
(1608, 461) 812
(1613, 461) 813
(1618, 462) 814
(1622, 463) 815
(1623, 464) 816
(1624, 465) 817
(1625, 466) 818
(1627, 467) 819
(1627, 467) 820
(1627, 468) 821
(1623, 468) 822
(1618, 468) 823
(1615, 467) 824
(1611, 467) 825
(1609, 467) 826
(1606, 466) 827
(1604, 466) 828
(1602, 466) 829
(1600, 465) 830
(1594, 466) 831
(1588, 467) 832
(1581, 467) 833
(1575, 467) 834
(1569, 467) 835
(1564, 467) 836
(1566, 468) 837
(1571, 469) 838
(1576, 471) 839
(1581, 472) 840
(1586, 474) 841
