(956, 452) 75
(952, 452) 76
(952, 452) 77
(952, 452) 78
(957, 452) 79
(959, 452) 80
(959, 452) 81
(959, 452) 82
(959, 453) 83
(959, 453) 84
(968, 453) 85
(978, 453) 86
(987, 454) 87
(994, 454) 88
(998, 454) 89
(1003, 455) 90
(1007, 455) 91
(1005, 455) 92
(1004, 456) 93
(1002, 456) 94
(1002, 456) 95
(1004, 457) 96
(1007, 457) 97
(1009, 457) 98
(1011, 458) 99
(1018, 458) 100
(1024, 458) 101
(1029, 459) 102
(1042, 459) 103
(1053, 459) 104
(1063, 460) 105
(1072, 460) 106
(1082, 460) 107
(1092, 460) 108
(1101, 460) 109
(1108, 461) 110
(1115, 461) 111
(1122, 461) 112
(1124, 461) 113
(1127, 461) 114
(1129, 462) 115
(1133, 462) 116
(1146, 462) 117
(1156, 463) 118
(1166, 463) 119
(1172, 463) 120
(1177, 463) 121
(1181, 464) 122
(1185, 464) 123
(1188, 464) 124
(1198, 464) 125
(1210, 465) 126
(1222, 465) 127
(1233, 465) 128
(1242, 465) 129
(1247, 466) 130
(1252, 466) 131
(1257, 466) 132
(1261, 466) 133
(1265, 467) 134
(1268, 467) 135
(1272, 467) 136
(1275, 468) 137
(1278, 468) 138
(1281, 468) 139
(1284, 469) 140
(1289, 469) 141
(1294, 469) 142
(1299, 469) 143
(1299, 469) 144
(1303, 470) 145
(1307, 470) 146
(1311, 470) 147
(1314, 471) 148
(1318, 471) 149
(1317, 471) 150
(1317, 471) 151
(1316, 470) 152
(1315, 470) 153
(1314, 469) 154
(1313, 469) 155
(1312, 468) 156
(1313, 468) 157
(1313, 467) 158
(1314, 467) 159
(1318, 467) 160
(1322, 468) 161
(1322, 467) 162
(1322, 467) 163
(1321, 466) 164
(1319, 466) 165
(1318, 465) 166
(1319, 465) 167
(1321, 464) 168
(1324, 463) 169
(1326, 463) 170
(1328, 462) 171
(1330, 462) 172
(1332, 461) 173
(1335, 461) 174
(1338, 460) 175
(1341, 460) 176
(1343, 460) 177
(1344, 460) 178
(1347, 460) 179
(1350, 460) 180
(1352, 460) 181
(1354, 460) 182
(1354, 461) 183
(1354, 461) 184
(1355, 462) 185
(1356, 462) 186
(1357, 462) 187
(1359, 462) 188
(1361, 462) 189
(1362, 462) 190
(1366, 461) 191
(1369, 461) 192
(1371, 461) 193
(1375, 461) 194
(1376, 461) 195
(1378, 460) 196
(1379, 460) 197
(1383, 460) 198
(1387, 460) 199
(1392, 459) 200
(1396, 459) 201
(1400, 459) 202
(1402, 459) 203
(1405, 459) 204
(1408, 458) 205
(1413, 458) 206
(1410, 458) 207
(1407, 458) 208
(1409, 458) 209
(1408, 458) 210
(1409, 458) 211
(1409, 458) 212
(1409, 458) 213
(1401, 458) 214
(1396, 457) 215
(1395, 457) 216
(1400, 457) 217
(562, 481) 77
(561, 481) 78
(560, 480) 79
(561, 480) 80
(567, 480) 81
(573, 480) 82
(579, 479) 83
(585, 479) 84
(588, 478) 85
(588, 477) 86
(587, 477) 87
(586, 477) 88
(585, 476) 89
(584, 476) 90
(583, 475) 91
(582, 475) 92
(582, 475) 93
(588, 474) 94
(593, 473) 95
(599, 472) 96
(603, 471) 97
(607, 470) 98
(611, 469) 99
(618, 469) 100
(624, 469) 101
(628, 469) 102
(631, 469) 103
(634, 469) 104
(636, 468) 105
(637, 468) 106
(638, 468) 107
(638, 467) 108
(638, 467) 109
(637, 467) 110
(636, 467) 111
(635, 467) 112
(634, 467) 113
(633, 467) 114
(632, 466) 115
(630, 466) 116
(629, 466) 117
(630, 466) 118
(631, 466) 119
(634, 467) 120
(637, 466) 121
(641, 465) 122
(646, 465) 123
(649, 464) 124
(652, 463) 125
(656, 463) 126
(659, 462) 127
(662, 462) 128
(663, 461) 129
(663, 461) 130
(663, 460) 131
(662, 459) 132
(663, 459) 133
(664, 458) 134
(664, 457) 135
(665, 457) 136
(665, 456) 137
(665, 455) 138
(665, 455) 139
(666, 454) 140
(666, 453) 141
(668, 453) 142
(669, 452) 143
(671, 452) 144
(670, 451) 145
(669, 450) 146
(668, 449) 147
(666, 449) 148
(665, 448) 149
(664, 447) 150
(655, 447) 151
(653, 447) 152
(650, 448) 153
(645, 448) 154
(642, 448) 155
(640, 448) 156
(640, 447) 157
(640, 447) 158
(640, 447) 159
(644, 446) 160
(649, 445) 161
(652, 445) 162
(655, 445) 163
(659, 445) 164
(662, 445) 165
(663, 445) 166
(665, 445) 167
(669, 445) 168
(673, 445) 169
(676, 445) 170
(679, 445) 171
(682, 445) 172
(684, 445) 173
(686, 445) 174
(688, 446) 175
(688, 446) 176
(689, 446) 177
(689, 445) 178
(690, 445) 179
(691, 444) 180
(692, 443) 181
(692, 443) 182
(693, 442) 183
(693, 442) 184
(686, 441) 185
(679, 441) 186
(673, 440) 187
(666, 439) 188
(659, 440) 189
(652, 440) 190
(647, 440) 191
(643, 440) 192
(637, 440) 193
(632, 440) 194
(626, 440) 195
(620, 440) 196
(615, 440) 197
(617, 440) 198
(619, 439) 199
(621, 438) 200
(621, 438) 201
(619, 437) 202
(616, 437) 203
(607, 437) 204
(598, 437) 205
(589, 437) 206
(581, 438) 207
(574, 438) 208
(568, 438) 209
(554, 439) 210
(548, 439) 211
(435, 481) 105
(434, 481) 106
(436, 481) 107
(435, 481) 108
(433, 481) 109
(431, 481) 110
(429, 481) 111
(427, 481) 112
(425, 481) 113
(425, 481) 114
(425, 481) 115
(425, 481) 116
(424, 481) 117
(424, 481) 118
(425, 481) 119
(425, 481) 120
(426, 481) 121
(427, 481) 122
(425, 481) 123
(423, 481) 124
(421, 481) 125
(420, 481) 126
(419, 481) 127
(418, 481) 128
(414, 481) 129
(415, 481) 130
(414, 481) 131
(413, 480) 132
(412, 480) 133
(412, 479) 134
(410, 479) 135
(411, 479) 136
(412, 479) 137
(413, 479) 138
(413, 480) 139
(414, 480) 140
(415, 480) 141
(416, 480) 142
(418, 480) 143
(420, 481) 144
(422, 481) 145
(424, 481) 146
(425, 481) 147
(427, 481) 148
(428, 482) 149
(429, 482) 150
(430, 482) 151
(431, 482) 152
(432, 482) 153
(433, 483) 154
(433, 483) 155
(434, 483) 156
(435, 483) 157
(440, 483) 158
(445, 483) 159
(449, 484) 160
(453, 484) 161
(457, 484) 162
(457, 484) 163
(455, 484) 164
(450, 483) 165
(446, 483) 166
(441, 482) 167
(435, 482) 168
(423, 482) 169
(411, 482) 170
(400, 481) 171
(400, 481) 172
(400, 480) 173
(398, 480) 174
(395, 479) 175
(392, 479) 176
(389, 478) 177
(387, 478) 178
(385, 477) 179
(383, 477) 180
(380, 476) 181
(377, 476) 182
(375, 476) 183
(373, 476) 184
(371, 476) 185
(370, 475) 186
(371, 475) 187
(371, 476) 188
(373, 476) 189
(374, 476) 190
(375, 476) 191
(374, 476) 192
(374, 476) 193
(372, 477) 194
(370, 477) 195
(368, 477) 196
(368, 477) 197
(370, 477) 198
(381, 477) 199
(395, 476) 200
(408, 475) 201
(1617, 422) 122
(1619, 421) 123
(1621, 421) 124
(1624, 421) 125
(1628, 421) 126
(1632, 421) 127
(1636, 422) 128
(1639, 422) 129
(1643, 422) 130
(1642, 422) 131
(1642, 422) 132
(1641, 421) 133
(1641, 421) 134
(1640, 421) 135
(1640, 421) 136
(1640, 421) 137
(1638, 421) 138
(1638, 421) 139
(1637, 421) 140
(1641, 421) 141
(1652, 422) 142
(1662, 424) 143
(1672, 425) 144
(1680, 426) 145
(1688, 427) 146
(1696, 428) 147
(1702, 429) 148
(1708, 430) 149
(1714, 432) 150
(1719, 433) 151
(1724, 434) 152
(1729, 435) 153
(1734, 436) 154
(1738, 436) 155
(1744, 437) 156
(1753, 439) 157
(1764, 440) 158
(1777, 442) 159
(1789, 444) 160
(1799, 445) 161
(1810, 447) 162
(1821, 448) 163
(1831, 450) 164
(1840, 451) 165
(1847, 452) 166
(1853, 454) 167
(1860, 455) 168
(1866, 456) 169
(1872, 457) 170
(1879, 458) 171
(1886, 460) 172
(1892, 461) 173
(1900, 462) 174
(1904, 463) 175
(1909, 463) 176
(1913, 464) 177
(1917, 465) 178
(1920, 466) 179
(1923, 466) 180
(1923, 467) 181
(9, 468) 182
(11, 468) 183
(13, 469) 184
(15, 470) 185
(17, 470) 186
(18, 471) 187
(19, 471) 188
(20, 472) 189
(22, 472) 190
(29, 472) 191
(38, 471) 192
(49, 470) 193
(59, 469) 194
(69, 469) 195
(79, 468) 196
(88, 467) 197
(97, 466) 198
(105, 466) 199
(113, 465) 200
(120, 465) 201
(126, 465) 202
(127, 465) 203
(128, 464) 204
(129, 464) 205
(131, 463) 206
(132, 463) 207
(133, 462) 208
(135, 462) 209
(136, 461) 210
(137, 461) 211
(138, 460) 212
(139, 459) 213
(140, 459) 214
(141, 459) 215
(141, 458) 216
(141, 458) 217
(141, 458) 218
(141, 458) 219
(141, 457) 220
(141, 457) 221
(141, 457) 222
(141, 457) 223
(141, 456) 224
(141, 456) 225
(141, 456) 226
(141, 456) 227
(141, 456) 228
(141, 455) 229
(141, 455) 230
(141, 455) 231
(141, 455) 232
(141, 455) 233
(141, 454) 234
(141, 454) 235
(141, 454) 236
(141, 453) 237
(141, 452) 238
(142, 453) 239
(143, 454) 240
(818, 446) 173
(818, 446) 174
(819, 446) 175
(819, 446) 176
(819, 446) 177
(819, 446) 178
(820, 446) 179
(820, 446) 180
(820, 446) 181
(820, 446) 182
(820, 446) 183
(820, 446) 184
(821, 446) 185
(821, 446) 186
(821, 446) 187
(821, 446) 188
(817, 447) 189
(813, 447) 190
(812, 448) 191
(810, 449) 192
(812, 450) 193
(817, 451) 194
(822, 453) 195
(823, 454) 196
(824, 455) 197
(830, 457) 198
(835, 458) 199
(839, 459) 200
(845, 461) 201
(848, 462) 202
(851, 464) 203
(853, 465) 204
(853, 466) 205
(853, 467) 206
(854, 469) 207
(854, 470) 208
(854, 471) 209
(854, 472) 210
(859, 472) 211
(860, 473) 212
(864, 473) 213
(868, 473) 214
(871, 474) 215
(874, 474) 216
(877, 474) 217
(880, 474) 218
(882, 473) 219
(885, 473) 220
(887, 473) 221
(888, 473) 222
(889, 473) 223
(891, 472) 224
(892, 472) 225
(893, 472) 226
(895, 472) 227
(896, 472) 228
(897, 472) 229
(898, 472) 230
(899, 471) 231
(900, 471) 232
(901, 471) 233
(902, 471) 234
(902, 471) 235
(903, 471) 236
(903, 471) 237
(903, 470) 238
(896, 470) 239
(889, 469) 240
(1326, 479) 206
(1326, 479) 207
(1326, 479) 208
(1326, 479) 209
(1326, 479) 210
(1326, 479) 211
(1325, 479) 212
(1320, 478) 213
(1317, 477) 214
(1313, 477) 215
(1310, 476) 216
(1307, 476) 217
(1308, 476) 218
(1309, 476) 219
(1309, 476) 220
(1309, 477) 221
(1308, 477) 222
(1308, 477) 223
(1310, 477) 224
(1309, 478) 225
(1308, 478) 226
(1307, 478) 227
(1309, 478) 228
(1311, 478) 229
(1312, 479) 230
(1313, 479) 231
(1315, 479) 232
(1316, 479) 233
(1317, 480) 234
(1316, 480) 235
(1316, 480) 236
(1317, 479) 237
(1317, 479) 238
(1315, 479) 239
(1312, 479) 240
(1312, 479) 241
(1312, 479) 242
(1310, 479) 243
(1308, 479) 244
(1307, 480) 245
(1307, 480) 246
(1307, 480) 247
(1308, 481) 248
(1308, 481) 249
(1309, 481) 250
(1309, 482) 251
(1309, 482) 252
(1309, 482) 253
(1309, 482) 254
(1308, 483) 255
(1307, 483) 256
(1306, 483) 257
(1305, 483) 258
(1305, 483) 259
(1304, 483) 260
(1304, 483) 261
(1302, 484) 262
(1300, 484) 263
(1298, 484) 264
(1297, 485) 265
(1296, 485) 266
(1295, 486) 267
(1294, 486) 268
(1292, 486) 269
(1291, 487) 270
(1290, 487) 271
(1282, 487) 272
(1277, 487) 273
(1272, 487) 274
(1269, 488) 275
(1271, 488) 276
(1269, 488) 277
(1268, 488) 278
(1268, 488) 279
(1266, 488) 280
(1266, 489) 281
(1263, 489) 282
(1264, 489) 283
(1264, 489) 284
(1264, 490) 285
(1259, 490) 286
(1253, 490) 287
(1252, 490) 288
(1252, 490) 289
(1251, 491) 290
(1251, 491) 291
(1250, 491) 292
(1245, 491) 293
(1245, 492) 294
(1244, 492) 295
(1240, 492) 296
(1240, 492) 297
(1240, 492) 298
(1240, 492) 299
(1235, 492) 300
(1229, 492) 301
(1226, 493) 302
(1222, 494) 303
(1226, 494) 304
(1231, 494) 305
(1241, 493) 306
(1250, 493) 307
(1258, 492) 308
(1265, 492) 309
(1272, 491) 310
(1278, 491) 311
(1283, 490) 312
(1287, 490) 313
(1290, 489) 314
(1293, 489) 315
(1300, 488) 316
(1306, 487) 317
(1312, 486) 318
(1317, 485) 319
(1322, 485) 320
(1327, 484) 321
(1331, 483) 322
(1335, 482) 323
(1334, 482) 324
(1334, 481) 325
(1334, 481) 326
(1334, 480) 327
(1338, 480) 328
(1341, 479) 329
(1345, 479) 330
(1346, 478) 331
(1347, 478) 332
(1348, 477) 333
(1349, 477) 334
(1349, 476) 335
(1346, 476) 336
(1340, 476) 337
(1336, 476) 338
(1335, 476) 339
(1334, 476) 340
(1334, 475) 341
(1330, 475) 342
(1326, 475) 343
(1323, 475) 344
(1322, 475) 345
(1320, 475) 346
(1313, 475) 347
(1307, 475) 348
(1298, 475) 349
(1287, 475) 350
(1277, 475) 351
(1268, 475) 352
(1260, 475) 353
(1252, 475) 354
(1245, 475) 355
(1240, 475) 356
(1235, 475) 357
(1230, 475) 358
(1226, 475) 359
(1223, 475) 360
(1220, 475) 361
(1209, 476) 362
(1199, 476) 363
(1191, 475) 364
(1184, 475) 365
(1177, 475) 366
(1172, 475) 367
(1167, 475) 368
(1169, 476) 369
(1169, 476) 370
(1170, 477) 371
(1170, 478) 372
(1171, 479) 373
(1172, 479) 374
(1178, 480) 375
(425, 478) 241
(425, 478) 242
(426, 478) 243
(427, 478) 244
(427, 478) 245
(428, 478) 246
(428, 478) 247
(429, 478) 248
(429, 478) 249
(430, 478) 250
(438, 478) 251
(439, 478) 252
(440, 478) 253
(441, 478) 254
(442, 477) 255
(443, 477) 256
(443, 477) 257
(445, 477) 258
(452, 477) 259
(462, 476) 260
(471, 476) 261
(477, 475) 262
(490, 474) 263
(502, 474) 264
(510, 473) 265
(518, 472) 266
(525, 471) 267
(532, 470) 268
(539, 469) 269
(545, 468) 270
(553, 467) 271
(562, 466) 272
(569, 465) 273
(576, 464) 274
(580, 463) 275
(586, 462) 276
(591, 461) 277
(595, 460) 278
(600, 459) 279
(605, 458) 280
(610, 457) 281
(615, 456) 282
(619, 456) 283
(623, 455) 284
(625, 454) 285
(629, 453) 286
(631, 452) 287
(632, 451) 288
(634, 451) 289
(635, 450) 290
(636, 449) 291
(639, 448) 292
(643, 447) 293
(646, 447) 294
(648, 446) 295
(649, 445) 296
(651, 444) 297
(652, 443) 298
(654, 443) 299
(654, 442) 300
(653, 442) 301
(650, 441) 302
(645, 441) 303
(638, 440) 304
(631, 440) 305
(625, 439) 306
(627, 439) 307
(628, 439) 308
(629, 439) 309
(630, 438) 310
(630, 438) 311
(630, 438) 312
(632, 438) 313
(632, 438) 314
(633, 438) 315
(636, 439) 316
(638, 439) 317
(642, 438) 318
(645, 438) 319
(647, 437) 320
(649, 437) 321
(648, 437) 322
(647, 437) 323
(643, 438) 324
(640, 438) 325
(638, 440) 326
(636, 441) 327
(637, 441) 328
(638, 441) 329
(638, 442) 330
(637, 442) 331
(636, 442) 332
(634, 442) 333
(632, 443) 334
(630, 443) 335
(630, 444) 336
(629, 446) 337
(628, 447) 338
(627, 449) 339
(624, 450) 340
(624, 451) 341
(631, 453) 342
(637, 454) 343
(636, 455) 344
(632, 457) 345
(628, 458) 346
(621, 459) 347
(607, 460) 348
(595, 461) 349
(591, 462) 350
(584, 463) 351
(578, 464) 352
(573, 464) 353
(571, 465) 354
(572, 466) 355
(573, 466) 356
(573, 466) 357
(568, 466) 358
(561, 466) 359
(555, 467) 360
(557, 467) 361
(558, 467) 362
(558, 468) 363
(557, 468) 364
(555, 468) 365
(545, 468) 366
(536, 469) 367
(535, 469) 368
(534, 469) 369
(533, 469) 370
(530, 469) 371
(527, 470) 372
(526, 470) 373
(522, 470) 374
(519, 470) 375
(515, 470) 376
(512, 470) 377
(510, 470) 378
(505, 470) 379
(503, 470) 380
(502, 470) 381
(504, 470) 382
(508, 471) 383
(511, 471) 384
(515, 471) 385
(517, 471) 386
(515, 471) 387
(515, 471) 388
(515, 471) 389
(519, 471) 390
(525, 470) 391
(530, 470) 392
(529, 470) 393
(528, 471) 394
(526, 471) 395
(524, 471) 396
(521, 471) 397
(518, 471) 398
(518, 471) 399
(519, 471) 400
(523, 470) 401
(527, 470) 402
(530, 469) 403
(533, 469) 404
(540, 468) 405
(546, 467) 406
(552, 466) 407
(557, 465) 408
(561, 464) 409
(565, 464) 410
(569, 463) 411
(572, 462) 412
(575, 461) 413
(578, 460) 414
(580, 459) 415
(582, 459) 416
(584, 458) 417
(586, 457) 418
(588, 456) 419
(589, 456) 420
(590, 455) 421
(592, 454) 422
(593, 454) 423
(594, 453) 424
(601, 453) 425
(609, 452) 426
(615, 452) 427
(621, 451) 428
(631, 451) 429
(635, 451) 430
(640, 450) 431
(645, 449) 432
(649, 448) 433
(653, 447) 434
(658, 447) 435
(662, 447) 436
(665, 447) 437
(669, 447) 438
(672, 446) 439
(674, 446) 440
(677, 446) 441
(675, 446) 442
(676, 446) 443
(677, 445) 444
(679, 445) 445
(681, 445) 446
(683, 444) 447
(685, 444) 448
(686, 444) 449
(687, 444) 450
(692, 443) 451
(697, 442) 452
(709, 442) 453
(719, 442) 454
(737, 442) 455
(753, 442) 456
(767, 443) 457
(781, 443) 458
(794, 444) 459
(807, 444) 460
(818, 445) 461
(826, 445) 462
(833, 446) 463
(839, 446) 464
(847, 447) 465
(855, 447) 466
(866, 447) 467
(876, 448) 468
(885, 448) 469
(898, 448) 470
(909, 449) 471
(920, 449) 472
(931, 449) 473
(940, 449) 474
(948, 450) 475
(951, 450) 476
(958, 450) 477
(963, 450) 478
(969, 450) 479
(974, 450) 480
(978, 451) 481
(983, 451) 482
(987, 451) 483
(991, 451) 484
(995, 452) 485
(995, 452) 486
(997, 451) 487
(999, 451) 488
(1001, 451) 489
(1004, 451) 490
(1006, 451) 491
(1008, 451) 492
(1016, 450) 493
(1023, 449) 494
(1030, 447) 495
(1036, 446) 496
(1045, 446) 497
(1056, 446) 498
(1064, 446) 499
(1070, 446) 500
(1074, 445) 501
(1076, 444) 502
(1079, 443) 503
(1083, 443) 504
(1087, 442) 505
(1090, 441) 506
(1095, 440) 507
(1100, 439) 508
(1098, 439) 509
(1099, 438) 510
(1103, 437) 511
(1103, 437) 512
(1107, 436) 513
(1106, 436) 514
(1104, 435) 515
(1103, 435) 516
(1101, 434) 517
(1099, 434) 518
(1097, 433) 519
(1095, 433) 520
(1093, 433) 521
(1091, 432) 522
(1090, 432) 523
(1088, 431) 524
(1087, 431) 525
(1086, 431) 526
(1084, 430) 527
(1083, 430) 528
(1083, 429) 529
(1085, 430) 530
(1088, 431) 531
(1092, 431) 532
(1095, 432) 533
(1100, 433) 534
(1104, 434) 535
(1107, 434) 536
(1110, 435) 537
(1113, 436) 538
(1116, 436) 539
(1114, 437) 540
(1111, 438) 541
(1107, 439) 542
(1105, 440) 543
(1098, 441) 544
(1093, 443) 545
(1090, 444) 546
(1084, 447) 547
(1080, 449) 548
(1076, 451) 549
(1072, 454) 550
(1070, 455) 551
(1067, 456) 552
(1064, 457) 553
(1061, 458) 554
(1057, 459) 555
(1059, 460) 556
(1061, 461) 557
(1063, 463) 558
(1065, 464) 559
(1068, 465) 560
(866, 490) 266
(872, 489) 267
(878, 488) 268
(883, 488) 269
(888, 488) 270
(886, 488) 271
(885, 488) 272
(883, 488) 273
(884, 488) 274
(886, 488) 275
(889, 488) 276
(891, 487) 277
(894, 487) 278
(896, 486) 279
(896, 486) 280
(895, 485) 281
(893, 484) 282
(892, 483) 283
(890, 482) 284
(890, 481) 285
(891, 480) 286
(892, 479) 287
(894, 478) 288
(896, 478) 289
(897, 477) 290
(897, 476) 291
(894, 476) 292
(890, 475) 293
(886, 475) 294
(883, 475) 295
(880, 474) 296
(877, 474) 297
(875, 474) 298
(873, 474) 299
(871, 474) 300
(870, 474) 301
(868, 474) 302
(866, 474) 303
(863, 474) 304
(860, 474) 305
(858, 474) 306
(857, 474) 307
(857, 475) 308
(856, 475) 309
(856, 476) 310
(855, 476) 311
(854, 477) 312
(854, 477) 313
(853, 478) 314
(850, 479) 315
(847, 479) 316
(845, 480) 317
(843, 481) 318
(843, 482) 319
(843, 482) 320
(846, 482) 321
(848, 482) 322
(850, 482) 323
(851, 482) 324
(853, 482) 325
(854, 482) 326
(854, 482) 327
(855, 483) 328
(854, 484) 329
(852, 485) 330
(850, 487) 331
(847, 488) 332
(843, 489) 333
(841, 490) 334
(838, 492) 335
(836, 493) 336
(836, 494) 337
(836, 495) 338
(837, 496) 339
(838, 497) 340
(839, 498) 341
(840, 499) 342
(840, 500) 343
(841, 501) 344
(841, 502) 345
(842, 503) 346
(846, 504) 347
(842, 504) 348
(838, 504) 349
(835, 505) 350
(837, 505) 351
(839, 506) 352
(843, 506) 353
(840, 506) 354
(1628, 441) 387
(1628, 441) 388
(1628, 441) 389
(1628, 441) 390
(1629, 441) 391
(1629, 441) 392
(1630, 441) 393
(1631, 441) 394
(1632, 441) 395
(1633, 440) 396
(1634, 440) 397
(1634, 440) 398
(1635, 440) 399
(1636, 440) 400
(1640, 440) 401
(1643, 440) 402
(1646, 440) 403
(1647, 440) 404
(1647, 440) 405
(1647, 440) 406
(1647, 440) 407
(1647, 440) 408
(1648, 440) 409
(1650, 441) 410
(1656, 442) 411
(1661, 443) 412
(1665, 444) 413
(1669, 444) 414
(1673, 445) 415
(1676, 446) 416
(1679, 447) 417
(1681, 447) 418
(1684, 448) 419
(1686, 449) 420
(1688, 450) 421
(1689, 450) 422
(1691, 451) 423
(1692, 452) 424
(1693, 452) 425
(1694, 453) 426
(1694, 453) 427
(1690, 454) 428
(1687, 454) 429
(1684, 455) 430
(1681, 455) 431
(1679, 456) 432
(1677, 456) 433
(1675, 457) 434
(1674, 457) 435
(1673, 457) 436
(1672, 457) 437
(1671, 457) 438
(1668, 458) 439
(1671, 458) 440
(1674, 458) 441
(1676, 459) 442
(1679, 459) 443
(1682, 459) 444
(1685, 460) 445
(1688, 460) 446
(1696, 461) 447
(1711, 461) 448
(1722, 462) 449
(1731, 464) 450
(1739, 465) 451
(1747, 466) 452
(1754, 467) 453
(1761, 468) 454
(1768, 468) 455
(1775, 469) 456
(1780, 470) 457
(1785, 470) 458
(1790, 471) 459
(1794, 472) 460
(1797, 473) 461
(1802, 474) 462
(1807, 474) 463
(1807, 475) 464
(1805, 477) 465
(1805, 478) 466
(1806, 479) 467
(1806, 480) 468
(1806, 480) 469
(1807, 481) 470
(1807, 482) 471
(1808, 484) 472
(1809, 485) 473
(1809, 487) 474
(1810, 488) 475
(1810, 490) 476
(1816, 490) 477
(1821, 490) 478
(1827, 490) 479
(1831, 490) 480
(1835, 490) 481
(1840, 491) 482
(1843, 492) 483
(1846, 492) 484
(1848, 492) 485
(1850, 493) 486
(1852, 493) 487
(1854, 493) 488
(1855, 493) 489
(1857, 494) 490
(1858, 494) 491
(1860, 494) 492
(1861, 494) 493
(1862, 494) 494
(1863, 494) 495
(1864, 494) 496
(1865, 494) 497
(1865, 495) 498
(1866, 495) 499
(1866, 495) 500
(1867, 495) 501
(1867, 495) 502
(1868, 495) 503
(1868, 495) 504
(1869, 495) 505
(1870, 496) 506
(1871, 496) 507
(1878, 496) 508
(1886, 495) 509
(1891, 495) 510
(1896, 495) 511
(1900, 495) 512
(1909, 495) 513
(1916, 495) 514
(1916, 496) 515
(1915, 496) 516
(1915, 497) 517
(1919, 497) 518
(1918, 497) 519
(11, 497) 520
(19, 497) 521
(25, 497) 522
(31, 497) 523
(34, 497) 524
(37, 497) 525
(37, 496) 526
(34, 497) 527
(28, 497) 528
(23, 497) 529
(17, 498) 530
(17, 498) 531
(1931, 498) 532
(1926, 499) 533
(1922, 499) 534
(1920, 499) 535
(1918, 500) 536
(1915, 501) 537
(1913, 501) 538
(1911, 502) 539
(1910, 502) 540
(1908, 501) 541
(1907, 500) 542
(1905, 500) 543
(1904, 499) 544
(1903, 498) 545
(1902, 498) 546
(1901, 497) 547
(1900, 497) 548
(1899, 496) 549
(1898, 495) 550
(1897, 495) 551
(1897, 494) 552
(1896, 494) 553
(1896, 493) 554
(1896, 494) 555
(1897, 496) 556
(1897, 496) 557
(1897, 497) 558
(1897, 498) 559
(1897, 499) 560
(1898, 499) 561
(1898, 500) 562
(1898, 501) 563
(1893, 502) 564
(1892, 502) 565
(1892, 503) 566
(1891, 504) 567
(1889, 504) 568
(1888, 504) 569
(1887, 504) 570
(1885, 505) 571
(1883, 505) 572
(1882, 506) 573
(1882, 507) 574
(1881, 508) 575
(1881, 509) 576
(1881, 510) 577
(1880, 511) 578
(1879, 512) 579
(1879, 514) 580
(1879, 515) 581
(1878, 515) 582
(1876, 516) 583
(1874, 517) 584
(1871, 518) 585
(1869, 519) 586
(1864, 520) 587
(1860, 521) 588
(1854, 521) 589
(1848, 521) 590
(1843, 521) 591
(1839, 521) 592
(1832, 520) 593
(1826, 520) 594
(1821, 520) 595
(1815, 520) 596
(1811, 520) 597
(1806, 521) 598
(1803, 521) 599
(1800, 521) 600
(1798, 521) 601
(1797, 521) 602
(1795, 520) 603
(1793, 520) 604
(1791, 519) 605
(1790, 519) 606
(1789, 518) 607
(1787, 517) 608
(1786, 517) 609
(1785, 516) 610
(1785, 516) 611
(1784, 515) 612
(1776, 514) 613
(1175, 468) 428
(1175, 468) 429
(1173, 468) 430
(1171, 468) 431
(1169, 468) 432
(1168, 468) 433
(1166, 467) 434
(1165, 467) 435
(1164, 467) 436
(1163, 467) 437
(1162, 467) 438
(1161, 467) 439
(1161, 467) 440
(1160, 467) 441
(1159, 467) 442
(1159, 467) 443
(1158, 467) 444
(1158, 466) 445
(1158, 466) 446
(1157, 466) 447
(1157, 466) 448
(1156, 466) 449
(1153, 466) 450
(1152, 466) 451
(1152, 465) 452
(1148, 465) 453
(1144, 465) 454
(1135, 465) 455
(1122, 466) 456
(1112, 466) 457
(1108, 466) 458
(1105, 466) 459
(1102, 466) 460
(1100, 466) 461
(1099, 466) 462
(1098, 466) 463
(1098, 466) 464
(1098, 466) 465
(1096, 466) 466
(1098, 467) 467
(1101, 467) 468
(1105, 468) 469
(1109, 468) 470
(1112, 469) 471
(1115, 469) 472
(1118, 469) 473
(1120, 470) 474
(1120, 470) 475
(1118, 470) 476
(1114, 470) 477
(1110, 470) 478
(1107, 470) 479
(1104, 470) 480
(1101, 470) 481
(1099, 470) 482
(1097, 470) 483
(1095, 470) 484
(1095, 469) 485
(1100, 470) 486
(1107, 470) 487
(1113, 470) 488
(1119, 470) 489
(1125, 470) 490
(1131, 470) 491
(1136, 470) 492
(1141, 470) 493
(1145, 471) 494
(1149, 471) 495
(1153, 471) 496
(1157, 471) 497
(1160, 471) 498
(1162, 472) 499
(1165, 472) 500
(1172, 472) 501
(1181, 472) 502
(1190, 472) 503
(1198, 472) 504
(1206, 472) 505
(1214, 472) 506
(1221, 473) 507
(1229, 473) 508
(1236, 473) 509
(1243, 473) 510
(1249, 473) 511
(1255, 473) 512
(1261, 473) 513
(1259, 472) 514
(1258, 471) 515
(1258, 471) 516
(1257, 470) 517
(1257, 469) 518
(1258, 468) 519
(1255, 467) 520
(623, 405) 454
(623, 405) 455
(627, 405) 456
(631, 406) 457
(634, 406) 458
(638, 406) 459
(640, 407) 460
(643, 407) 461
(647, 407) 462
(651, 408) 463
(655, 408) 464
(662, 409) 465
(666, 410) 466
(669, 411) 467
(674, 412) 468
(679, 413) 469
(682, 414) 470
(686, 415) 471
(689, 416) 472
(692, 417) 473
(696, 417) 474
(699, 418) 475
(700, 419) 476
(703, 420) 477
(706, 420) 478
(709, 421) 479
(711, 422) 480
(711, 422) 481
(711, 423) 482
(711, 423) 483
(709, 423) 484
(708, 423) 485
(707, 424) 486
(705, 425) 487
(704, 425) 488
(703, 426) 489
(703, 427) 490
(702, 427) 491
(701, 428) 492
(701, 429) 493
(700, 429) 494
(700, 430) 495
(699, 430) 496
(699, 431) 497
(698, 431) 498
(698, 431) 499
(698, 432) 500
(697, 432) 501
(697, 433) 502
(697, 433) 503
(697, 433) 504
(689, 434) 505
(681, 434) 506
(674, 434) 507
(668, 435) 508
(663, 435) 509
(659, 435) 510
(656, 436) 511
(652, 435) 512
(649, 435) 513
(647, 435) 514
(645, 436) 515
(640, 436) 516
(637, 436) 517
(634, 437) 518
(629, 437) 519
(624, 437) 520
(620, 438) 521
(617, 438) 522
(616, 438) 523
(618, 438) 524
(623, 438) 525
(627, 438) 526
(636, 438) 527
(643, 438) 528
(648, 438) 529
(653, 438) 530
(654, 438) 531
(655, 438) 532
(655, 438) 533
(656, 439) 534
(661, 439) 535
(666, 439) 536
(670, 439) 537
(672, 440) 538
(673, 441) 539
(668, 442) 540
(664, 442) 541
(660, 443) 542
(657, 443) 543
(654, 444) 544
(656, 444) 545
(657, 445) 546
(659, 445) 547
(659, 446) 548
(658, 446) 549
(658, 446) 550
(658, 446) 551
(658, 445) 552
(658, 445) 553
(659, 445) 554
(660, 445) 555
(660, 444) 556
(661, 444) 557
(663, 444) 558
(664, 444) 559
(666, 443) 560
(668, 443) 561
(670, 443) 562
(672, 442) 563
(674, 442) 564
(676, 442) 565
(678, 441) 566
(680, 441) 567
(683, 441) 568
(685, 441) 569
(686, 440) 570
(687, 440) 571
(688, 439) 572
(690, 439) 573
(693, 440) 574
(696, 440) 575
(696, 441) 576
(696, 442) 577
(695, 442) 578
(693, 443) 579
(691, 444) 580
(684, 446) 581
(677, 448) 582
(676, 448) 583
(675, 449) 584
(675, 449) 585
(675, 450) 586
(675, 450) 587
(675, 450) 588
(675, 451) 589
(675, 451) 590
(677, 451) 591
(678, 452) 592
(679, 452) 593
(681, 452) 594
(681, 452) 595
(686, 451) 596
(691, 451) 597
(695, 451) 598
(703, 450) 599
(709, 450) 600
(714, 449) 601
(718, 449) 602
(721, 448) 603
(724, 448) 604
(726, 448) 605
(726, 447) 606
(729, 447) 607
(731, 447) 608
(733, 446) 609
(735, 446) 610
(736, 445) 611
(736, 445) 612
(736, 444) 613
(735, 443) 614
(736, 442) 615
(735, 442) 616
(732, 441) 617
(729, 440) 618
(727, 440) 619
(726, 439) 620
(725, 438) 621
(724, 437) 622
(724, 437) 623
(719, 437) 624
(714, 437) 625
(710, 438) 626
(706, 438) 627
(702, 438) 628
(699, 438) 629
(696, 439) 630
(694, 438) 631
(693, 438) 632
(692, 439) 633
(691, 439) 634
(690, 439) 635
(690, 439) 636
(689, 440) 637
(689, 440) 638
(684, 439) 639
(679, 439) 640
(675, 438) 641
(671, 438) 642
(667, 437) 643
(664, 437) 644
(660, 436) 645
(657, 435) 646
(655, 434) 647
(653, 433) 648
(650, 432) 649
(650, 431) 650
(650, 431) 651
(648, 431) 652
(646, 431) 653
(644, 430) 654
(642, 430) 655
(640, 430) 656
(638, 429) 657
(637, 429) 658
(636, 429) 659
(635, 429) 660
(634, 428) 661
(633, 428) 662
(632, 428) 663
(631, 428) 664
(630, 427) 665
(630, 427) 666
(629, 427) 667
(629, 427) 668
(628, 426) 669
(628, 426) 670
(634, 427) 671
(639, 427) 672
(643, 428) 673
(647, 428) 674
(650, 428) 675
(657, 429) 676
(663, 430) 677
(668, 430) 678
(673, 431) 679
(677, 431) 680
(683, 431) 681
(689, 430) 682
(694, 430) 683
(699, 430) 684
(704, 430) 685
(708, 430) 686
(711, 429) 687
(711, 430) 688
(710, 430) 689
(710, 430) 690
(709, 430) 691
(709, 430) 692
(709, 430) 693
(709, 431) 694
(710, 431) 695
(720, 431) 696
(730, 431) 697
(738, 432) 698
(743, 432) 699
(748, 433) 700
(751, 433) 701
(751, 433) 702
(749, 433) 703
(747, 433) 704
(744, 432) 705
(742, 432) 706
(741, 432) 707
(741, 431) 708
(741, 431) 709
(738, 431) 710
(733, 430) 711
(728, 430) 712
(724, 431) 713
(719, 431) 714
(715, 431) 715
(711, 432) 716
(707, 432) 717
(703, 433) 718
(693, 433) 719
(675, 433) 720
(659, 434) 721
(644, 434) 722
(631, 435) 723
(618, 435) 724
(606, 436) 725
(596, 436) 726
(585, 436) 727
(576, 437) 728
(568, 437) 729
(566, 438) 730
(564, 438) 731
(562, 439) 732
(561, 439) 733
(560, 440) 734
(559, 440) 735
(554, 441) 736
(553, 441) 737
(552, 442) 738
(551, 443) 739
(550, 443) 740
(550, 444) 741
(549, 444) 742
(548, 445) 743
(548, 445) 744
(544, 445) 745
(540, 445) 746
(530, 446) 747
(520, 446) 748
(511, 447) 749
(502, 447) 750
(493, 447) 751
(487, 448) 752
(480, 448) 753
(474, 448) 754
(469, 449) 755
(461, 448) 756
(454, 447) 757
(448, 447) 758
(442, 446) 759
(437, 446) 760
(433, 445) 761
(429, 445) 762
(425, 444) 763
(424, 445) 764
(424, 445) 765
(425, 446) 766
(425, 447) 767
(426, 447) 768
(426, 448) 769
(426, 448) 770
(426, 449) 771
(426, 449) 772
(425, 449) 773
(424, 449) 774
(423, 450) 775
(423, 450) 776
(423, 451) 777
(423, 452) 778
(431, 452) 779
(437, 452) 780
(445, 452) 781
(452, 452) 782
(457, 452) 783
(461, 452) 784
(465, 452) 785
(468, 452) 786
(471, 452) 787
(474, 452) 788
(476, 452) 789
(478, 452) 790
(480, 452) 791
(482, 452) 792
(484, 452) 793
(485, 453) 794
(486, 453) 795
(488, 453) 796
(489, 453) 797
(490, 453) 798
(490, 453) 799
(491, 453) 800
(492, 453) 801
(492, 453) 802
(486, 453) 803
(480, 453) 804
(475, 454) 805
(470, 454) 806
(465, 454) 807
(456, 453) 808
(449, 453) 809
(443, 453) 810
(441, 452) 811
(439, 452) 812
(438, 451) 813
(436, 451) 814
(436, 450) 815
(436, 451) 816
(439, 451) 817
(442, 452) 818
(444, 452) 819
(445, 452) 820
(446, 452) 821
(447, 453) 822
(447, 453) 823
(447, 453) 824
(447, 453) 825
(446, 454) 826
(446, 454) 827
(445, 454) 828
(445, 454) 829
(445, 455) 830
(444, 455) 831
(443, 455) 832
(442, 455) 833
(442, 455) 834
(443, 456) 835
(448, 456) 836
(453, 456) 837
(457, 456) 838
(461, 456) 839
(465, 456) 840
(474, 456) 841
(483, 456) 842
(491, 456) 843
(500, 457) 844
(508, 456) 845
(515, 456) 846
(520, 456) 847
(525, 456) 848
(529, 456) 849
(532, 456) 850
(533, 456) 851
(535, 456) 852
(537, 455) 853
(539, 455) 854
(542, 455) 855
(544, 455) 856
(546, 454) 857
(547, 454) 858
(548, 454) 859
(549, 454) 860
(555, 453) 861
(561, 453) 862
(566, 452) 863
(566, 452) 864
(567, 452) 865
(567, 452) 866
(567, 451) 867
(566, 451) 868
(566, 451) 869
(566, 450) 870
(566, 450) 871
(565, 450) 872
(558, 450) 873
(551, 451) 874
(546, 451) 875
(542, 452) 876
(537, 452) 877
(533, 452) 878
(530, 452) 879
(527, 452) 880
(525, 452) 881
(523, 452) 882
(522, 452) 883
(521, 452) 884
(520, 451) 885
(521, 451) 886
(522, 451) 887
(522, 451) 888
(523, 451) 889
(523, 451) 890
(522, 451) 891
(521, 450) 892
(520, 450) 893
(519, 450) 894
(514, 450) 895
(507, 450) 896
(505, 449) 897
(504, 449) 898
(498, 449) 899
(492, 449) 900
(487, 448) 901
(483, 448) 902
(479, 448) 903
(475, 448) 904
(472, 448) 905
(469, 448) 906
(466, 448) 907
(457, 448) 908
(449, 448) 909
(442, 448) 910
(433, 448) 911
(426, 448) 912
(420, 449) 913
(416, 449) 914
(414, 449) 915
(414, 449) 916
(414, 449) 917
(415, 449) 918
(416, 449) 919
(417, 450) 920
(418, 450) 921
(419, 450) 922
(418, 450) 923
(418, 450) 924
(418, 450) 925
(420, 450) 926
(421, 450) 927
(423, 450) 928
(424, 451) 929
(424, 451) 930
(424, 451) 931
(424, 451) 932
(424, 451) 933
(422, 451) 934
(421, 450) 935
(419, 450) 936
(417, 450) 937
(416, 450) 938
(415, 450) 939
(414, 450) 940
(414, 450) 941
(415, 450) 942
(415, 450) 943
(415, 450) 944
(415, 450) 945
(416, 450) 946
(417, 450) 947
(418, 450) 948
(419, 450) 949
(420, 449) 950
(420, 449) 951
(421, 448) 952
(422, 448) 953
(422, 448) 954
(422, 448) 955
(422, 448) 956
(429, 449) 957
(435, 449) 958
(441, 449) 959
(448, 450) 960
(454, 451) 961
(460, 451) 962
(465, 452) 963
(470, 452) 964
(474, 454) 965
(477, 455) 966
(479, 456) 967
(482, 457) 968
(484, 458) 969
(484, 458) 970
(484, 459) 971
(484, 459) 972
(484, 460) 973
(484, 460) 974
(484, 460) 975
(485, 461) 976
(485, 461) 977
(485, 461) 978
(485, 462) 979
(485, 462) 980
(485, 463) 981
(485, 463) 982
(485, 463) 983
(485, 464) 984
(485, 464) 985
(485, 464) 986
(480, 464) 987
(476, 464) 988
(472, 464) 989
(468, 464) 990
(465, 464) 991
(462, 463) 992
(459, 463) 993
(457, 463) 994
(454, 463) 995
(452, 463) 996
(451, 463) 997
(451, 463) 998
(455, 462) 999
(460, 462) 1000
(464, 461) 1001
(468, 461) 1002
(472, 460) 1003
(475, 460) 1004
(478, 459) 1005
(481, 459) 1006
(483, 458) 1007
(485, 458) 1008
(487, 457) 1009
(489, 457) 1010
(490, 457) 1011
(490, 457) 1012
(492, 457) 1013
(494, 457) 1014
(495, 457) 1015
(496, 457) 1016
(497, 458) 1017
(499, 458) 1018
(499, 458) 1019
(500, 458) 1020
(500, 458) 1021
(501, 458) 1022
(501, 458) 1023
(502, 458) 1024
(502, 458) 1025
(503, 458) 1026
(503, 458) 1027
(503, 458) 1028
(504, 458) 1029
(505, 459) 1030
(505, 459) 1031
(506, 459) 1032
(506, 459) 1033
(507, 459) 1034
(505, 460) 1035
(503, 460) 1036
(502, 460) 1037
(500, 460) 1038
(499, 460) 1039
(497, 461) 1040
(496, 461) 1041
(495, 461) 1042
(494, 461) 1043
(493, 462) 1044
(491, 462) 1045
(491, 462) 1046
(490, 462) 1047
(489, 463) 1048
(488, 463) 1049
(487, 463) 1050
(487, 464) 1051
(486, 464) 1052
(486, 464) 1053
(485, 464) 1054
(485, 465) 1055
(485, 465) 1056
(484, 465) 1057
(484, 466) 1058
(484, 466) 1059
(484, 466) 1060
(492, 467) 1061
(497, 467) 1062
(497, 467) 1063
(496, 467) 1064
(495, 467) 1065
(494, 468) 1066
(499, 468) 1067
(504, 468) 1068
(509, 468) 1069
(506, 469) 1070
(503, 469) 1071
(501, 470) 1072
(499, 470) 1073
(498, 471) 1074
(497, 471) 1075
(496, 472) 1076
(495, 473) 1077
(494, 473) 1078
(493, 474) 1079
(493, 475) 1080
(492, 475) 1081
(493, 476) 1082
(493, 477) 1083
(493, 478) 1084
(493, 478) 1085
(493, 479) 1086
(493, 480) 1087
(489, 480) 1088
(485, 480) 1089
(482, 481) 1090
(479, 481) 1091
(476, 481) 1092
(473, 481) 1093
(471, 481) 1094
(469, 481) 1095
(467, 481) 1096
(465, 482) 1097
(465, 482) 1098
(465, 482) 1099
(465, 482) 1100
(465, 481) 1101
(465, 481) 1102
(462, 481) 1103
(460, 481) 1104
(457, 481) 1105
(455, 481) 1106
(453, 481) 1107
(451, 481) 1108
(449, 481) 1109
(448, 481) 1110
(447, 481) 1111
(446, 481) 1112
(447, 481) 1113
(453, 480) 1114
(461, 480) 1115
(469, 480) 1116
(475, 480) 1117
(481, 479) 1118
(485, 479) 1119
(489, 478) 1120
(493, 478) 1121
(493, 477) 1122
(493, 477) 1123
(496, 476) 1124
(498, 475) 1125
(500, 475) 1126
(508, 474) 1127
(517, 473) 1128
(525, 472) 1129
(532, 471) 1130
(539, 471) 1131
(545, 470) 1132
(551, 469) 1133
(557, 468) 1134
(562, 468) 1135
(566, 467) 1136
(570, 466) 1137
(577, 465) 1138
(582, 466) 1139
(584, 466) 1140
(585, 467) 1141
(590, 466) 1142
(594, 466) 1143
(600, 466) 1144
(604, 466) 1145
(609, 466) 1146
(613, 466) 1147
(616, 465) 1148
(619, 465) 1149
(623, 465) 1150
(627, 465) 1151
(631, 464) 1152
(634, 464) 1153
(637, 464) 1154
(640, 464) 1155
(638, 464) 1156
(630, 464) 1157
(624, 464) 1158
(620, 464) 1159
(622, 464) 1160
(623, 464) 1161
(625, 464) 1162
(628, 464) 1163
(630, 464) 1164
(632, 464) 1165
(633, 464) 1166
(635, 465) 1167
(636, 465) 1168
(638, 466) 1169
(640, 465) 1170
(641, 464) 1171
(647, 464) 1172
(652, 464) 1173
(652, 464) 1174
(652, 463) 1175
(653, 462) 1176
(653, 462) 1177
(652, 461) 1178
(651, 461) 1179
(651, 461) 1180
(651, 460) 1181
(651, 460) 1182
(652, 460) 1183
(653, 459) 1184
(653, 459) 1185
(654, 459) 1186
(655, 459) 1187
(655, 458) 1188
(650, 458) 1189
(640, 458) 1190
(631, 458) 1191
(624, 457) 1192
(617, 457) 1193
(610, 457) 1194
(605, 457) 1195
(600, 456) 1196
(595, 456) 1197
(591, 456) 1198
(587, 455) 1199
(586, 456) 1200
(583, 455) 1201
(582, 456) 1202
(581, 456) 1203
(580, 456) 1204
(579, 456) 1205
(579, 456) 1206
(578, 456) 1207
(578, 456) 1208
(577, 456) 1209
(577, 457) 1210
(577, 457) 1211
(576, 457) 1212
(576, 457) 1213
(576, 457) 1214
(576, 457) 1215
(575, 457) 1216
(575, 457) 1217
(575, 457) 1218
(575, 458) 1219
(575, 458) 1220
(575, 458) 1221
(577, 458) 1222
(580, 458) 1223
(582, 458) 1224
(584, 459) 1225
(586, 459) 1226
(588, 459) 1227
(590, 459) 1228
(591, 459) 1229
(592, 460) 1230
(593, 460) 1231
(596, 460) 1232
(598, 460) 1233
(599, 460) 1234
(601, 460) 1235
(1451, 436) 499
(1451, 436) 500
(1454, 436) 501
(1456, 436) 502
(1459, 436) 503
(1462, 436) 504
(1463, 436) 505
(1464, 436) 506
(1467, 437) 507
(1470, 437) 508
(1473, 437) 509
(1473, 437) 510
(1473, 437) 511
(1474, 438) 512
(1476, 438) 513
(1478, 438) 514
(1479, 438) 515
(1481, 438) 516
(1482, 438) 517
(1484, 438) 518
(1488, 438) 519
(1487, 439) 520
(1482, 439) 521
(1478, 439) 522
(1474, 439) 523
(1466, 439) 524
(1459, 439) 525
(1452, 439) 526
(1446, 439) 527
(1440, 439) 528
(1435, 440) 529
(1430, 440) 530
(1421, 440) 531
(1413, 440) 532
(1406, 440) 533
(1400, 440) 534
(1394, 440) 535
(1388, 441) 536
(1387, 441) 537
(1385, 441) 538
(1384, 441) 539
(1385, 442) 540
(1386, 442) 541
(1386, 442) 542
(1385, 442) 543
(1385, 442) 544
(1385, 442) 545
(1385, 442) 546
(1386, 441) 547
(1390, 442) 548
(1389, 442) 549
(1388, 442) 550
(1387, 442) 551
(1386, 441) 552
(1385, 441) 553
(1384, 441) 554
(1384, 441) 555
(1383, 441) 556
(1382, 440) 557
(1381, 440) 558
(1376, 441) 559
(1376, 441) 560
(1375, 440) 561
(1375, 440) 562
(1375, 440) 563
(1375, 440) 564
(1369, 440) 565
(1363, 441) 566
(1358, 442) 567
(1352, 443) 568
(1345, 444) 569
(1339, 444) 570
(1332, 445) 571
(1332, 445) 572
(299, 266) 500
(299, 266) 501
(299, 266) 502
(299, 265) 503
(298, 265) 504
(298, 265) 505
(297, 265) 506
(297, 265) 507
(296, 265) 508
(295, 265) 509
(295, 265) 510
(294, 265) 511
(294, 265) 512
(293, 265) 513
(285, 266) 514
(279, 266) 515
(273, 266) 516
(274, 266) 517
(275, 266) 518
(276, 266) 519
(278, 267) 520
(279, 267) 521
(280, 267) 522
(280, 267) 523
(275, 267) 524
(270, 267) 525
(265, 267) 526
(262, 266) 527
(258, 266) 528
(255, 266) 529
(253, 266) 530
(250, 265) 531
(248, 265) 532
(246, 265) 533
(246, 264) 534
(246, 266) 535
(249, 267) 536
(252, 269) 537
(254, 271) 538
(256, 272) 539
(258, 274) 540
(260, 275) 541
(262, 277) 542
(263, 278) 543
(265, 280) 544
(266, 281) 545
(267, 283) 546
(268, 284) 547
(269, 285) 548
(269, 287) 549
(270, 288) 550
(271, 289) 551
(271, 290) 552
(267, 291) 553
(262, 292) 554
(257, 292) 555
(252, 293) 556
(247, 293) 557
(242, 293) 558
(237, 293) 559
(232, 292) 560
(227, 292) 561
(222, 292) 562
(218, 291) 563
(215, 291) 564
(211, 291) 565
(208, 290) 566
(205, 290) 567
(203, 290) 568
(201, 289) 569
(199, 289) 570
(190, 288) 571
(182, 286) 572
(172, 285) 573
(162, 284) 574
(154, 283) 575
(146, 281) 576
(139, 280) 577
(133, 279) 578
(124, 277) 579
(115, 276) 580
(107, 275) 581
(100, 273) 582
(92, 272) 583
(1271, 468) 573
(1277, 467) 574
(1277, 467) 575
(1277, 467) 576
(1277, 467) 577
(1282, 468) 578
(1287, 468) 579
(1292, 468) 580
(1298, 469) 581
(1298, 469) 582
(1299, 469) 583
(1301, 469) 584
(1302, 468) 585
(1304, 468) 586
(1306, 468) 587
(1308, 468) 588
(1311, 468) 589
(1313, 468) 590
(1315, 468) 591
(1317, 468) 592
(1319, 468) 593
(1321, 468) 594
(1324, 468) 595
(1326, 468) 596
(1328, 467) 597
(1330, 467) 598
(1332, 467) 599
(1334, 467) 600
(1335, 466) 601
(1335, 467) 602
(1335, 468) 603
(1334, 468) 604
(1333, 469) 605
(1333, 470) 606
(1334, 470) 607
(1336, 471) 608
(1337, 472) 609
(1338, 473) 610
(1339, 473) 611
(1341, 474) 612
(1342, 475) 613
(1343, 476) 614
(1344, 476) 615
(1344, 477) 616
(1345, 478) 617
(1346, 478) 618
(1346, 479) 619
(1347, 479) 620
(1347, 480) 621
(1347, 481) 622
(1347, 481) 623
(1347, 482) 624
(1347, 482) 625
(1347, 482) 626
(1347, 482) 627
(1347, 482) 628
(1342, 482) 629
(1342, 482) 630
(1342, 482) 631
(1337, 482) 632
(115, 487) 607
(115, 487) 608
(115, 486) 609
(111, 486) 610
(107, 486) 611
(103, 485) 612
(93, 485) 613
(83, 485) 614
(75, 484) 615
(67, 484) 616
(61, 483) 617
(55, 483) 618
(41, 483) 619
(31, 483) 620
(22, 483) 621
(22, 483) 622
(1931, 483) 623
(1924, 483) 624
(1917, 483) 625
(1911, 484) 626
(1905, 484) 627
(1901, 484) 628
(1896, 484) 629
(1890, 485) 630
(1886, 485) 631
(1883, 485) 632
(1878, 485) 633
(1877, 485) 634
(1877, 485) 635
(1881, 485) 636
(1885, 484) 637
(1888, 484) 638
(1892, 484) 639
(1895, 484) 640
(1898, 484) 641
(1900, 484) 642
(1902, 484) 643
(1904, 484) 644
(1906, 484) 645
(1906, 484) 646
(1906, 484) 647
(1906, 484) 648
(1905, 484) 649
(1896, 484) 650
(1888, 484) 651
(1880, 484) 652
(1873, 484) 653
(1867, 484) 654
(1862, 484) 655
(1858, 483) 656
(1854, 483) 657
(1851, 483) 658
(1847, 483) 659
(1844, 483) 660
(1842, 483) 661
(1839, 483) 662
(1837, 483) 663
(1837, 483) 664
(1837, 483) 665
(1837, 484) 666
(1837, 484) 667
(1843, 485) 668
(1843, 485) 669
(1844, 485) 670
(1844, 485) 671
(1844, 486) 672
(1851, 487) 673
(1849, 488) 674
(1847, 489) 675
(1846, 490) 676
(1845, 491) 677
(1850, 492) 678
(1857, 492) 679
(1864, 492) 680
(1863, 493) 681
(1862, 493) 682
(1862, 494) 683
(1861, 494) 684
(1860, 495) 685
(1850, 496) 686
(1839, 497) 687
(1382, 520) 632
(1382, 519) 633
(1382, 519) 634
(1382, 519) 635
(1383, 519) 636
(1383, 519) 637
(1384, 519) 638
(1385, 519) 639
(1385, 519) 640
(1386, 519) 641
(1387, 519) 642
(1389, 519) 643
(1390, 519) 644
(1390, 520) 645
(1390, 521) 646
(1391, 520) 647
(1393, 520) 648
(1394, 519) 649
(1395, 518) 650
(1395, 518) 651
(1395, 517) 652
(1395, 517) 653
(1395, 516) 654
(1395, 516) 655
(1395, 515) 656
(1396, 513) 657
(1400, 511) 658
(1400, 511) 659
(1397, 510) 660
(1395, 510) 661
(1392, 510) 662
(1390, 510) 663
(1388, 510) 664
(1386, 509) 665
(1380, 509) 666
(1375, 508) 667
(1370, 507) 668
(1368, 506) 669
(1366, 505) 670
(1364, 504) 671
(1362, 503) 672
(1361, 502) 673
(1360, 502) 674
(1359, 501) 675
(1358, 500) 676
(1357, 500) 677
(1356, 499) 678
(1354, 499) 679
(1353, 499) 680
(1352, 499) 681
(1350, 498) 682
(1348, 498) 683
(1346, 498) 684
(1344, 497) 685
(1343, 497) 686
(1341, 497) 687
(1340, 496) 688
(1339, 496) 689
(1338, 496) 690
(1337, 495) 691
(1337, 495) 692
(1336, 495) 693
(1335, 494) 694
(1335, 494) 695
(1334, 494) 696
(1334, 493) 697
(1339, 493) 698
(1344, 492) 699
(1354, 490) 700
(1363, 489) 701
(1369, 488) 702
(1375, 486) 703
(1380, 485) 704
(1383, 484) 705
(1383, 483) 706
(1383, 482) 707
(1384, 480) 708
(1392, 480) 709
(1399, 479) 710
(1406, 478) 711
(1412, 477) 712
(1418, 476) 713
(1423, 476) 714
(1427, 475) 715
(1431, 474) 716
(1435, 473) 717
(1438, 473) 718
(1447, 472) 719
(1455, 472) 720
(1466, 472) 721
(1476, 472) 722
(1486, 472) 723
(1495, 471) 724
(1503, 471) 725
(1511, 471) 726
(1518, 471) 727
(1524, 471) 728
(1531, 470) 729
(1537, 470) 730
(1543, 470) 731
(1548, 469) 732
(1554, 469) 733
(1558, 469) 734
(1563, 469) 735
(1568, 468) 736
(1573, 468) 737
(1577, 468) 738
(1582, 468) 739
(1586, 467) 740
(1590, 467) 741
(1593, 467) 742
(1597, 467) 743
(1604, 467) 744
(1610, 466) 745
(1616, 466) 746
(1621, 466) 747
(1625, 466) 748
(1629, 466) 749
(1633, 466) 750
(1636, 466) 751
(1639, 466) 752
(1642, 466) 753
(1644, 466) 754
(1646, 466) 755
(1648, 466) 756
(1650, 466) 757
(1652, 465) 758
(1653, 465) 759
(1654, 465) 760
(1656, 465) 761
(1657, 465) 762
(1658, 465) 763
(1661, 465) 764
(1665, 465) 765
(1667, 464) 766
(1670, 464) 767
(1673, 464) 768
(1675, 463) 769
(1677, 463) 770
(1678, 463) 771
(1680, 463) 772
(1686, 463) 773
(1686, 463) 774
(1686, 463) 775
(1687, 463) 776
(1690, 464) 777
(1694, 464) 778
(1697, 464) 779
(1699, 465) 780
(1702, 465) 781
(1135, 506) 633
(1135, 506) 634
(1135, 506) 635
(1135, 506) 636
(1135, 506) 637
(1135, 506) 638
(1135, 506) 639
(1135, 506) 640
(1135, 506) 641
(1135, 506) 642
(1135, 506) 643
(1135, 506) 644
(1135, 506) 645
(1135, 506) 646
(1135, 506) 647
(1135, 506) 648
(1134, 504) 649
(1133, 503) 650
(1132, 501) 651
(1132, 500) 652
(1131, 499) 653
(1130, 497) 654
(1122, 496) 655
(1114, 495) 656
(1107, 494) 657
(1101, 493) 658
(1095, 492) 659
(1095, 491) 660
(1095, 490) 661
(1096, 489) 662
(1096, 488) 663
(1096, 487) 664
(1096, 486) 665
(1098, 486) 666
(1099, 485) 667
(1101, 485) 668
(1103, 484) 669
(1106, 484) 670
(1108, 483) 671
(1111, 483) 672
(1113, 482) 673
(1115, 482) 674
(1118, 481) 675
(1121, 481) 676
(1123, 481) 677
(1127, 480) 678
(1130, 480) 679
(1134, 479) 680
(1137, 479) 681
(1141, 478) 682
(1145, 478) 683
(1149, 477) 684
(1152, 476) 685
(1155, 476) 686
(1158, 475) 687
(1160, 475) 688
(1162, 474) 689
(1164, 474) 690
(1166, 473) 691
(1167, 473) 692
(1169, 472) 693
(1170, 472) 694
(1171, 472) 695
(1172, 471) 696
(1173, 471) 697
(1178, 472) 698
(1182, 472) 699
(1186, 473) 700
(1190, 474) 701
(1194, 473) 702
(1197, 472) 703
(1200, 472) 704
(1203, 471) 705
(1205, 470) 706
(1208, 469) 707
(1210, 469) 708
(1211, 468) 709
(1213, 467) 710
(1214, 467) 711
(1216, 466) 712
(1217, 465) 713
(1218, 465) 714
(1219, 464) 715
(1219, 463) 716
(1216, 464) 717
(1212, 464) 718
(1211, 465) 719
(1210, 465) 720
(1206, 466) 721
(1204, 466) 722
(1202, 466) 723
(1201, 467) 724
(1199, 467) 725
(1198, 467) 726
(1196, 468) 727
(1195, 468) 728
(1195, 468) 729
(1199, 468) 730
(1203, 468) 731
(1207, 467) 732
(1210, 467) 733
(1212, 467) 734
(1214, 467) 735
(1215, 466) 736
(1216, 466) 737
(1216, 466) 738
(1209, 465) 739
(1201, 465) 740
(1203, 464) 741
(1204, 464) 742
(1205, 464) 743
(1205, 463) 744
(1206, 463) 745
(1206, 463) 746
(1207, 462) 747
(1206, 462) 748
(1206, 462) 749
(1205, 462) 750
(1205, 462) 751
(1204, 461) 752
(1199, 461) 753
(1193, 460) 754
(1186, 460) 755
(1180, 459) 756
(1172, 459) 757
(1164, 459) 758
(1152, 458) 759
(1140, 458) 760
(1128, 458) 761
(1118, 458) 762
(1108, 458) 763
(1099, 458) 764
(1090, 458) 765
(1082, 457) 766
(1075, 457) 767
(1069, 457) 768
(1063, 457) 769
(1058, 457) 770
(1054, 456) 771
(1050, 456) 772
(1045, 455) 773
(1041, 455) 774
(1038, 454) 775
(1040, 454) 776
(1041, 454) 777
(1041, 454) 778
(1035, 453) 779
(1028, 453) 780
(1019, 452) 781
(1009, 452) 782
(1000, 452) 783
(1226, 415) 663
(1227, 415) 664
(1228, 415) 665
(1230, 415) 666
(1231, 415) 667
(1232, 415) 668
(1233, 415) 669
(1234, 415) 670
(1235, 415) 671
(1236, 416) 672
(1237, 416) 673
(1237, 416) 674
(1238, 416) 675
(1238, 416) 676
(1239, 416) 677
(1239, 416) 678
(1240, 416) 679
(1240, 416) 680
(1240, 416) 681
(1241, 416) 682
(1241, 416) 683
(1247, 417) 684
(1252, 418) 685
(1257, 420) 686
(1261, 421) 687
(1265, 422) 688
(1268, 423) 689
(1272, 424) 690
(1275, 425) 691
(1277, 427) 692
(1278, 428) 693
(1279, 429) 694
(1281, 431) 695
(1283, 431) 696
(1284, 433) 697
(1286, 434) 698
(1287, 435) 699
(1288, 436) 700
(1289, 437) 701
(1289, 438) 702
(1290, 439) 703
(1291, 440) 704
(1291, 441) 705
(1292, 442) 706
(1299, 443) 707
(1307, 442) 708
(1310, 442) 709
(1317, 442) 710
(1324, 442) 711
(1332, 442) 712
(1340, 443) 713
(1346, 443) 714
(1349, 443) 715
(1354, 443) 716
(1360, 444) 717
(1365, 444) 718
(1361, 445) 719
(1355, 445) 720
(1353, 445) 721
(1353, 446) 722
(1350, 446) 723
(1349, 447) 724
(1352, 447) 725
(1354, 447) 726
(1354, 447) 727
(1350, 447) 728
(1343, 448) 729
(1337, 448) 730
(1332, 448) 731
(1327, 448) 732
(1323, 448) 733
(1319, 448) 734
(1316, 448) 735
(1313, 449) 736
(1310, 449) 737
(1308, 449) 738
(1306, 449) 739
(1305, 449) 740
(1305, 449) 741
(1304, 450) 742
(1304, 450) 743
(1304, 450) 744
(1305, 450) 745
(1305, 451) 746
(1306, 451) 747
(1306, 451) 748
(1306, 452) 749
(1306, 452) 750
(1307, 452) 751
(1307, 453) 752
(1307, 453) 753
(1306, 454) 754
(1306, 455) 755
(1306, 455) 756
(1305, 456) 757
(1305, 456) 758
(1305, 457) 759
(1305, 457) 760
(1305, 458) 761
(1305, 459) 762
(1305, 459) 763
(1304, 460) 764
(1304, 460) 765
(1304, 461) 766
(1304, 461) 767
(1304, 461) 768
(1304, 462) 769
(1304, 462) 770
(1304, 463) 771
(1304, 463) 772
(1304, 464) 773
(1303, 464) 774
(1303, 465) 775
(1303, 465) 776
(1303, 465) 777
(1303, 466) 778
(1303, 466) 779
(1303, 467) 780
(1302, 467) 781
(1302, 467) 782
(1302, 468) 783
(1302, 468) 784
(1302, 468) 785
(1302, 469) 786
(1302, 469) 787
(1302, 469) 788
(1302, 470) 789
(1302, 470) 790
(1302, 470) 791
(1300, 470) 792
(1299, 471) 793
(1298, 471) 794
(1298, 471) 795
(1299, 471) 796
(1300, 471) 797
(1301, 472) 798
(1300, 472) 799
(1300, 472) 800
(1300, 472) 801
(1300, 472) 802
(1300, 472) 803
(1301, 472) 804
(1302, 472) 805
(1307, 472) 806
(1312, 472) 807
(1316, 472) 808
(1320, 472) 809
(1324, 472) 810
(1327, 472) 811
(1330, 472) 812
(1333, 472) 813
(1336, 472) 814
(1339, 472) 815
(1342, 472) 816
(1344, 472) 817
(1346, 473) 818
(1349, 473) 819
(1351, 473) 820
(1353, 473) 821
(1352, 473) 822
(1352, 473) 823
(1351, 473) 824
(1351, 473) 825
(1350, 472) 826
(1349, 472) 827
(1350, 472) 828
(1354, 472) 829
(1359, 471) 830
(1363, 470) 831
(1368, 469) 832
(1372, 468) 833
(1376, 467) 834
(1379, 466) 835
(1382, 465) 836
(1384, 465) 837
(1387, 464) 838
(1389, 463) 839
(1391, 462) 840
(1393, 461) 841
(1394, 460) 842
(1395, 459) 843
(1395, 459) 844
(1395, 458) 845
(1395, 458) 846
(1394, 457) 847
(1394, 456) 848
(1393, 456) 849
(1392, 456) 850
(1391, 455) 851
(1390, 455) 852
(1390, 454) 853
(1393, 454) 854
(1390, 453) 855
(1392, 453) 856
(1393, 452) 857
(1393, 452) 858
(1391, 452) 859
(1388, 453) 860
(1386, 453) 861
(1384, 453) 862
(1383, 453) 863
(1382, 453) 864
(1381, 454) 865
(1380, 454) 866
(1379, 454) 867
(1379, 454) 868
(1379, 455) 869
(1379, 455) 870
(1380, 455) 871
(1382, 455) 872
(1384, 455) 873
(1385, 455) 874
(1385, 455) 875
(1383, 456) 876
(1379, 456) 877
(1375, 457) 878
(1376, 457) 879
(1376, 457) 880
(1380, 457) 881
(1385, 458) 882
(1390, 459) 883
(1394, 460) 884
(1397, 461) 885
(1401, 462) 886
(1404, 463) 887
(1406, 464) 888
(1409, 465) 889
(1411, 466) 890
(1413, 467) 891
(1415, 468) 892
(1416, 469) 893
(1418, 469) 894
(1419, 470) 895
(1420, 471) 896
(1421, 472) 897
(1422, 473) 898
(1422, 473) 899
(1418, 474) 900
(1414, 475) 901
(1409, 475) 902
(1406, 476) 903
(1402, 476) 904
(1399, 477) 905
(1396, 477) 906
(1393, 477) 907
(1390, 478) 908
(1388, 478) 909
(1386, 479) 910
(1377, 479) 911
(1368, 479) 912
(1361, 478) 913
(1354, 478) 914
(1348, 478) 915
(1344, 478) 916
(1341, 478) 917
(1343, 479) 918
(1346, 479) 919
(1355, 479) 920
(1366, 479) 921
(1377, 478) 922
(1385, 478) 923
(1389, 478) 924
(1387, 478) 925
(1385, 478) 926
(1384, 478) 927
(1382, 478) 928
(1380, 477) 929
(1379, 477) 930
(1375, 476) 931
(1372, 476) 932
(1369, 476) 933
(1365, 475) 934
(1364, 475) 935
(1363, 474) 936
(1363, 474) 937
(1364, 474) 938
(1367, 473) 939
(1367, 473) 940
(1367, 473) 941
(1366, 473) 942
(1366, 472) 943
(1365, 472) 944
(1365, 472) 945
(1364, 472) 946
(1364, 472) 947
(1363, 471) 948
(1363, 471) 949
(1363, 471) 950
(1363, 471) 951
(1363, 471) 952
(1363, 471) 953
(1363, 470) 954
(1362, 470) 955
(1362, 470) 956
(1362, 470) 957
(1362, 469) 958
(1363, 469) 959
(1363, 469) 960
(1363, 468) 961
(1362, 469) 962
(1361, 469) 963
(1360, 469) 964
(1360, 470) 965
(1359, 471) 966
(1354, 472) 967
(1353, 474) 968
(1349, 474) 969
(1345, 475) 970
(1341, 476) 971
(1338, 477) 972
(1335, 478) 973
(1333, 479) 974
(1330, 480) 975
(1328, 480) 976
(1326, 481) 977
(1325, 482) 978
(1323, 483) 979
(1322, 484) 980
(1321, 484) 981
(1320, 485) 982
(1320, 484) 983
(1320, 483) 984
(1321, 482) 985
(1322, 482) 986
(1323, 481) 987
(1324, 480) 988
(1330, 479) 989
(1335, 479) 990
(1337, 478) 991
(1339, 477) 992
(1341, 476) 993
(1343, 475) 994
(1344, 474) 995
(1350, 473) 996
(1355, 472) 997
(1359, 471) 998
(1364, 470) 999
(1370, 469) 1000
(1370, 468) 1001
(1370, 468) 1002
(1370, 467) 1003
(1372, 467) 1004
(1371, 466) 1005
(1369, 466) 1006
(1368, 466) 1007
(1367, 466) 1008
(1365, 465) 1009
(1364, 465) 1010
(1363, 465) 1011
(1362, 464) 1012
(1361, 464) 1013
(1360, 464) 1014
(1359, 464) 1015
(1358, 463) 1016
(1358, 463) 1017
(1357, 463) 1018
(1355, 463) 1019
(1354, 463) 1020
(1353, 462) 1021
(1352, 462) 1022
(1351, 462) 1023
(1349, 462) 1024
(1348, 462) 1025
(1348, 461) 1026
(1347, 461) 1027
(1346, 460) 1028
(1345, 460) 1029
(1344, 460) 1030
(1343, 460) 1031
(1343, 459) 1032
(1345, 459) 1033
(1347, 459) 1034
(1349, 459) 1035
(1351, 458) 1036
(1352, 458) 1037
(1352, 458) 1038
(1353, 458) 1039
(1347, 458) 1040
(1342, 459) 1041
(1337, 459) 1042
(1336, 460) 1043
(1334, 460) 1044
(1330, 461) 1045
(1326, 461) 1046
(1322, 462) 1047
(1320, 462) 1048
(1320, 462) 1049
(1321, 463) 1050
(1322, 463) 1051
(1322, 464) 1052
(1323, 464) 1053
(1323, 464) 1054
(1331, 464) 1055
(1338, 464) 1056
(1344, 464) 1057
(1349, 464) 1058
(1352, 463) 1059
(1355, 462) 1060
(1358, 462) 1061
(1360, 461) 1062
(1360, 461) 1063
(1358, 461) 1064
(1356, 461) 1065
(1355, 461) 1066
(1353, 462) 1067
(1353, 462) 1068
(1354, 463) 1069
(1355, 463) 1070
(1355, 463) 1071
(1356, 464) 1072
(1356, 464) 1073
(1356, 464) 1074
(1356, 464) 1075
(1355, 465) 1076
(1353, 465) 1077
(1351, 465) 1078
(1351, 465) 1079
(1351, 465) 1080
(1351, 465) 1081
(1351, 464) 1082
(1350, 464) 1083
(1350, 464) 1084
(1349, 464) 1085
(1348, 463) 1086
(1348, 463) 1087
(1348, 463) 1088
(1346, 463) 1089
(1345, 462) 1090
(1344, 462) 1091
(1344, 462) 1092
(1344, 462) 1093
(1343, 462) 1094
(1343, 462) 1095
(1348, 461) 1096
(1351, 461) 1097
(1352, 460) 1098
(1352, 460) 1099
(1352, 460) 1100
(1353, 459) 1101
(1357, 459) 1102
(1359, 458) 1103
(1362, 458) 1104
(1364, 456) 1105
(1366, 455) 1106
(1368, 455) 1107
(1372, 454) 1108
(1376, 454) 1109
(1378, 453) 1110
(1380, 453) 1111
(1381, 452) 1112
(1382, 451) 1113
(1384, 451) 1114
(1385, 450) 1115
(1385, 450) 1116
(1384, 449) 1117
(1382, 449) 1118
(1382, 449) 1119
(1381, 448) 1120
(1380, 448) 1121
(1379, 448) 1122
(1377, 447) 1123
(1376, 447) 1124
(1376, 446) 1125
(1376, 445) 1126
(1376, 445) 1127
(1376, 444) 1128
(1376, 443) 1129
(1377, 443) 1130
(1378, 442) 1131
(1379, 442) 1132
(1380, 441) 1133
(1381, 441) 1134
(1381, 440) 1135
(1381, 439) 1136
(1382, 439) 1137
(1383, 438) 1138
(1384, 437) 1139
(1381, 436) 1140
(1380, 435) 1141
(1378, 434) 1142
(1376, 434) 1143
(1375, 433) 1144
(1373, 432) 1145
(1372, 432) 1146
(1371, 432) 1147
(1370, 431) 1148
(1368, 431) 1149
(1367, 431) 1150
(1367, 430) 1151
(1368, 430) 1152
(1369, 429) 1153
(1369, 430) 1154
(1370, 431) 1155
(1371, 431) 1156
(1373, 432) 1157
(1374, 433) 1158
(1375, 434) 1159
(1377, 435) 1160
(1380, 435) 1161
(1383, 435) 1162
(1388, 435) 1163
(1391, 435) 1164
(1394, 436) 1165
(1396, 436) 1166
(1399, 436) 1167
(1401, 437) 1168
(1404, 437) 1169
(1406, 437) 1170
(1408, 438) 1171
(1409, 438) 1172
(1411, 438) 1173
(1412, 439) 1174
(1413, 439) 1175
(1415, 439) 1176
(1416, 439) 1177
(1416, 440) 1178
(1417, 440) 1179
(1418, 440) 1180
(1419, 441) 1181
(1419, 441) 1182
(1420, 441) 1183
(1425, 441) 1184
(1430, 442) 1185
(1434, 442) 1186
(1438, 443) 1187
(1440, 443) 1188
(1442, 443) 1189
(1444, 444) 1190
(1446, 444) 1191
(1448, 444) 1192
(1450, 444) 1193
(1451, 445) 1194
(1452, 445) 1195
(1453, 445) 1196
(1454, 445) 1197
(1455, 446) 1198
(1457, 446) 1199
(1458, 447) 1200
(1460, 447) 1201
(353, 460) 678
(353, 460) 679
(358, 460) 680
(363, 460) 681
(370, 461) 682
(376, 461) 683
(382, 461) 684
(386, 461) 685
(390, 461) 686
(390, 462) 687
(390, 462) 688
(386, 463) 689
(383, 463) 690
(380, 463) 691
(381, 464) 692
(381, 464) 693
(380, 464) 694
(379, 464) 695
(380, 464) 696
(381, 464) 697
(382, 464) 698
(383, 464) 699
(383, 464) 700
(382, 464) 701
(381, 464) 702
(380, 463) 703
(380, 463) 704
(377, 463) 705
(374, 462) 706
(376, 462) 707
(377, 461) 708
(377, 461) 709
(377, 460) 710
(377, 460) 711
(376, 459) 712
(376, 458) 713
(377, 458) 714
(380, 457) 715
(380, 457) 716
(377, 456) 717
(373, 455) 718
(369, 453) 719
(365, 452) 720
(362, 451) 721
(358, 450) 722
(355, 449) 723
(352, 448) 724
(350, 447) 725
(347, 446) 726
(344, 445) 727
(342, 444) 728
(340, 443) 729
(335, 442) 730
(331, 441) 731
(326, 440) 732
(322, 439) 733
(318, 438) 734
(314, 437) 735
(310, 436) 736
(307, 435) 737
(303, 433) 738
(299, 432) 739
(295, 430) 740
(291, 428) 741
(284, 428) 742
(274, 429) 743
(266, 430) 744
(258, 432) 745
(251, 433) 746
(245, 434) 747
(239, 435) 748
(234, 436) 749
(230, 437) 750
(226, 438) 751
(222, 439) 752
(218, 440) 753
(215, 441) 754
(213, 442) 755
(210, 443) 756
(208, 444) 757
(206, 444) 758
(204, 445) 759
(203, 446) 760
(201, 447) 761
(195, 446) 762
(190, 446) 763
(185, 445) 764
(180, 445) 765
(176, 444) 766
(172, 444) 767
(169, 443) 768
(166, 443) 769
(164, 442) 770
(161, 442) 771
(159, 441) 772
(152, 441) 773
(145, 441) 774
(139, 440) 775
(134, 440) 776
(130, 439) 777
(126, 439) 778
(122, 439) 779
(119, 438) 780
(116, 438) 781
(1810, 669) 679
(1810, 669) 680
(1810, 669) 681
(1810, 669) 682
(1810, 669) 683
(1810, 669) 684
(1810, 669) 685
(1810, 669) 686
(1810, 669) 687
(1810, 669) 688
(1810, 669) 689
(1810, 669) 690
(1810, 669) 691
(1810, 669) 692
(1810, 669) 693
(1810, 670) 694
(1810, 670) 695
(1809, 671) 696
(1809, 672) 697
(1809, 672) 698
(1809, 673) 699
(1809, 674) 700
(1809, 674) 701
(1808, 675) 702
(1807, 676) 703
(1806, 676) 704
(1806, 677) 705
(1807, 678) 706
(1808, 679) 707
(1811, 679) 708
(1814, 680) 709
(1817, 681) 710
(1820, 682) 711
(1823, 683) 712
(1826, 684) 713
(1829, 685) 714
(1832, 686) 715
(1836, 687) 716
(1841, 688) 717
(1845, 690) 718
(1848, 691) 719
(1851, 692) 720
(1853, 693) 721
(1853, 694) 722
(1852, 696) 723
(1850, 697) 724
(1848, 698) 725
(1846, 698) 726
(1844, 699) 727
(1842, 700) 728
(1841, 701) 729
(1840, 702) 730
(1840, 703) 731
(1839, 703) 732
(1839, 704) 733
(1838, 705) 734
(1838, 705) 735
(1838, 706) 736
(1838, 706) 737
(1838, 707) 738
(1837, 707) 739
(1837, 708) 740
(1837, 708) 741
(1837, 709) 742
(1836, 709) 743
(1836, 709) 744
(1836, 710) 745
(1836, 710) 746
(1836, 710) 747
(1835, 711) 748
(1835, 711) 749
(1835, 711) 750
(1835, 711) 751
(1835, 711) 752
(1834, 711) 753
(1834, 712) 754
(1833, 712) 755
(1833, 712) 756
(1833, 712) 757
(1832, 712) 758
(1832, 712) 759
(942, 487) 701
(940, 487) 702
(940, 486) 703
(940, 486) 704
(943, 486) 705
(946, 486) 706
(952, 486) 707
(963, 486) 708
(975, 486) 709
(985, 486) 710
(999, 486) 711
(1012, 486) 712
(1025, 485) 713
(1036, 485) 714
(1040, 485) 715
(1048, 485) 716
(1049, 484) 717
(1050, 484) 718
(1050, 484) 719
(1050, 483) 720
(1050, 483) 721
(1049, 483) 722
(1048, 483) 723
(1047, 482) 724
(1046, 482) 725
(1044, 482) 726
(1042, 481) 727
(1040, 481) 728
(1037, 481) 729
(1034, 480) 730
(1031, 480) 731
(1028, 480) 732
(1025, 479) 733
(1022, 479) 734
(1014, 479) 735
(1006, 479) 736
(1000, 479) 737
(994, 479) 738
(988, 479) 739
(982, 479) 740
(977, 479) 741
(973, 479) 742
(969, 480) 743
(965, 480) 744
(962, 480) 745
(959, 480) 746
(956, 480) 747
(953, 480) 748
(950, 480) 749
(947, 481) 750
(943, 481) 751
(940, 481) 752
(937, 481) 753
(934, 482) 754
(932, 482) 755
(929, 482) 756
(926, 482) 757
(924, 483) 758
(922, 483) 759
(920, 483) 760
(918, 483) 761
(911, 482) 762
(1801, 555) 746
(1808, 555) 747
(1813, 556) 748
(1817, 557) 749
(1821, 558) 750
(1825, 558) 751
(1828, 559) 752
(1831, 560) 753
(1833, 561) 754
(1836, 562) 755
(1838, 563) 756
(1840, 563) 757
(1841, 564) 758
(1843, 565) 759
(1844, 566) 760
(1844, 567) 761
(1842, 566) 762
(1838, 565) 763
(1840, 564) 764
(1839, 563) 765
(1838, 561) 766
(1838, 560) 767
(1837, 558) 768
(1837, 557) 769
(1836, 556) 770
(1836, 554) 771
(1835, 553) 772
(1835, 552) 773
(1834, 551) 774
(1834, 549) 775
(1833, 548) 776
(1833, 547) 777
(1833, 546) 778
(1832, 545) 779
(1832, 543) 780
(1832, 542) 781
(1829, 542) 782
(1826, 542) 783
(1824, 542) 784
(1822, 542) 785
(1821, 542) 786
(1820, 542) 787
(1819, 543) 788
(1818, 543) 789
(1817, 543) 790
(1820, 544) 791
(1823, 544) 792
(1825, 545) 793
(1830, 546) 794
(1834, 546) 795
(1837, 547) 796
(1840, 548) 797
(1843, 548) 798
(1846, 549) 799
(1848, 549) 800
(1850, 550) 801
(1852, 550) 802
(1852, 551) 803
(1851, 550) 804
(1847, 549) 805
(1845, 548) 806
(1844, 547) 807
(1842, 546) 808
(1842, 545) 809
(1843, 545) 810
(1847, 545) 811
(1851, 545) 812
(1854, 545) 813
(1853, 545) 814
(1852, 545) 815
(1850, 545) 816
(1849, 544) 817
(1848, 544) 818
(1847, 544) 819
(1845, 544) 820
(1843, 543) 821
(1843, 543) 822
(1845, 543) 823
(1848, 543) 824
(1851, 543) 825
(1854, 542) 826
(1857, 542) 827
(1859, 541) 828
(1862, 540) 829
(1864, 540) 830
(1866, 539) 831
(1867, 539) 832
(1868, 538) 833
(1869, 537) 834
(1869, 536) 835
(1870, 536) 836
(1870, 535) 837
(1870, 534) 838
(1869, 533) 839
(1868, 532) 840
(1866, 532) 841
(1865, 531) 842
(1864, 530) 843
(1863, 529) 844
(1864, 529) 845
(1864, 528) 846
(1864, 527) 847
(1864, 526) 848
(1866, 525) 849
(1868, 524) 850
(1868, 524) 851
(1868, 523) 852
(1869, 522) 853
(1869, 521) 854
(1870, 521) 855
(1870, 520) 856
(1870, 519) 857
(1870, 518) 858
(1870, 518) 859
(1870, 517) 860
(1871, 517) 861
(1872, 516) 862
(1874, 515) 863
(1875, 514) 864
(1876, 513) 865
(1878, 512) 866
(1877, 512) 867
(1876, 511) 868
(1875, 510) 869
(1875, 509) 870
(1874, 508) 871
(1873, 508) 872
(1870, 507) 873
(1868, 507) 874
(1866, 507) 875
(1864, 507) 876
(1862, 507) 877
(1860, 507) 878
(1853, 506) 879
(1847, 506) 880
(1842, 506) 881
(1837, 505) 882
(1836, 505) 883
(1835, 504) 884
(1836, 504) 885
(1839, 504) 886
(1844, 504) 887
(1855, 503) 888
(841, 442) 804
(841, 442) 805
(842, 442) 806
(842, 442) 807
(840, 441) 808
(842, 441) 809
(846, 441) 810
(850, 442) 811
(853, 442) 812
(855, 442) 813
(857, 443) 814
(859, 443) 815
(861, 443) 816
(862, 443) 817
(864, 444) 818
(865, 444) 819
(864, 444) 820
(864, 443) 821
(864, 443) 822
(865, 443) 823
(865, 443) 824
(865, 443) 825
(865, 443) 826
(865, 442) 827
(865, 442) 828
(865, 442) 829
(863, 442) 830
(865, 443) 831
(867, 443) 832
(874, 443) 833
(883, 443) 834
(891, 443) 835
(899, 443) 836
(905, 444) 837
(911, 444) 838
(917, 444) 839
(922, 444) 840
(928, 444) 841
(932, 445) 842
(938, 445) 843
(940, 445) 844
(943, 445) 845
(945, 445) 846
(947, 445) 847
(947, 445) 848
(947, 445) 849
(947, 445) 850
(947, 446) 851
(948, 446) 852
(948, 446) 853
(949, 446) 854
(950, 446) 855
(950, 446) 856
(951, 446) 857
(951, 446) 858
(957, 446) 859
(962, 446) 860
(967, 446) 861
(971, 447) 862
(976, 447) 863
(980, 447) 864
(989, 448) 865
(997, 448) 866
(1004, 449) 867
(1012, 449) 868
(1020, 450) 869
(1027, 451) 870
(1033, 451) 871
(1036, 453) 872
(1040, 454) 873
(1046, 454) 874
(1051, 455) 875
(1056, 455) 876
(1059, 456) 877
(1062, 456) 878
(1066, 456) 879
(1070, 457) 880
(1073, 457) 881
(1077, 457) 882
(1080, 458) 883
(1082, 458) 884
(1085, 458) 885
(1087, 458) 886
(1089, 459) 887
(1091, 459) 888
(1093, 459) 889
(1095, 460) 890
(1097, 460) 891
(1098, 460) 892
(1099, 460) 893
(1098, 460) 894
(1095, 460) 895
(1092, 461) 896
(1091, 461) 897
(1089, 461) 898
(1089, 461) 899
(1093, 461) 900
(1097, 461) 901
(1101, 460) 902
(1105, 460) 903
(1112, 460) 904
(1115, 459) 905
(1117, 459) 906
(1119, 459) 907
(1120, 458) 908
(1122, 458) 909
(1123, 458) 910
(1124, 457) 911
(1125, 457) 912
(1126, 457) 913
(1127, 456) 914
(1128, 456) 915
(1129, 456) 916
(1129, 456) 917
(1134, 454) 918
(1137, 453) 919
(1140, 451) 920
(1141, 450) 921
(1142, 448) 922
(1143, 447) 923
(1142, 446) 924
(1142, 444) 925
(1140, 443) 926
(1138, 442) 927
(1136, 440) 928
(1133, 439) 929
(1130, 438) 930
(1127, 436) 931
(1124, 435) 932
(1120, 434) 933
(1116, 433) 934
(1112, 432) 935
(1108, 431) 936
(1104, 430) 937
(1100, 429) 938
(1095, 427) 939
(1090, 426) 940
(1082, 426) 941
(1074, 426) 942
(1067, 425) 943
(1058, 425) 944
(1051, 425) 945
(1044, 425) 946
(1038, 425) 947
(1032, 425) 948
(1027, 424) 949
(1022, 424) 950
(1014, 424) 951
(1006, 424) 952
(1000, 424) 953
(994, 424) 954
(988, 423) 955
(983, 423) 956
(979, 423) 957
(973, 423) 958
(968, 423) 959
(964, 423) 960
(960, 423) 961
(957, 423) 962
(959, 424) 963
(967, 424) 964
(973, 425) 965
(977, 425) 966
(980, 426) 967
(982, 426) 968
(984, 427) 969
(986, 427) 970
(994, 428) 971
(1001, 428) 972
(1000, 429) 973
(999, 429) 974
(999, 429) 975
(999, 430) 976
(1000, 430) 977
(1001, 430) 978
(1002, 430) 979
(1003, 431) 980
(1004, 431) 981
(1005, 431) 982
(1005, 431) 983
(1006, 432) 984
(1014, 431) 985
(1022, 431) 986
(1029, 431) 987
(1035, 431) 988
(1041, 431) 989
(1046, 430) 990
(1043, 430) 991
(1040, 430) 992
(1037, 430) 993
(1034, 429) 994
(1031, 429) 995
(1029, 429) 996
(1027, 428) 997
(1025, 428) 998
(1023, 428) 999
(1022, 427) 1000
(1020, 427) 1001
(1019, 427) 1002
(1019, 427) 1003
(1024, 427) 1004
(1029, 428) 1005
(1036, 428) 1006
(1043, 429) 1007
(1047, 429) 1008
(1051, 430) 1009
(1054, 430) 1010
(1056, 430) 1011
(1058, 431) 1012
(1060, 431) 1013
(1061, 432) 1014
(1063, 432) 1015
(1064, 432) 1016
(1065, 433) 1017
(1066, 433) 1018
(1067, 433) 1019
(1068, 434) 1020
(1068, 434) 1021
(1069, 434) 1022
(1069, 435) 1023
(1070, 435) 1024
(1070, 435) 1025
(1071, 436) 1026
(1071, 436) 1027
(1069, 437) 1028
(1068, 437) 1029
(1067, 438) 1030
(1066, 438) 1031
(1066, 439) 1032
(1066, 439) 1033
(1067, 440) 1034
(1067, 440) 1035
(1068, 441) 1036
(1068, 441) 1037
(1068, 442) 1038
(1069, 442) 1039
(1069, 443) 1040
(1069, 443) 1041
(1069, 444) 1042
(1067, 444) 1043
(1064, 444) 1044
(1059, 444) 1045
(1054, 444) 1046
(1050, 444) 1047
(1046, 444) 1048
(1043, 444) 1049
(1041, 443) 1050
(1038, 444) 1051
(1035, 444) 1052
(1033, 444) 1053
(1031, 444) 1054
(1030, 444) 1055
(1029, 444) 1056
(1028, 444) 1057
(1027, 444) 1058
(1027, 444) 1059
(1026, 444) 1060
(1026, 444) 1061
(1026, 444) 1062
(1030, 444) 1063
(1033, 445) 1064
(1037, 445) 1065
(1041, 445) 1066
(1045, 445) 1067
(1048, 445) 1068
(1051, 445) 1069
(1055, 445) 1070
(1058, 445) 1071
(1060, 445) 1072
(1063, 445) 1073
(1067, 445) 1074
(1070, 444) 1075
(1073, 444) 1076
(1075, 445) 1077
(1076, 445) 1078
(1078, 445) 1079
(1080, 445) 1080
(1081, 445) 1081
(1083, 445) 1082
(1083, 446) 1083
(1083, 446) 1084
(1083, 446) 1085
(1083, 446) 1086
(1083, 446) 1087
(1084, 447) 1088
(1086, 447) 1089
(1088, 447) 1090
(1089, 448) 1091
(1091, 448) 1092
(1093, 449) 1093
(1094, 449) 1094
(1094, 449) 1095
(1094, 450) 1096
(1094, 450) 1097
(1094, 451) 1098
(1094, 451) 1099
(1095, 451) 1100
(1095, 452) 1101
(1093, 452) 1102
(1091, 451) 1103
(1089, 451) 1104
(1087, 451) 1105
(1085, 451) 1106
(1084, 451) 1107
(1076, 451) 1108
(1069, 452) 1109
(1064, 452) 1110
(1059, 453) 1111
(1056, 453) 1112
(1053, 453) 1113
(1050, 454) 1114
(1048, 454) 1115
(1050, 454) 1116
(1051, 454) 1117
(1053, 454) 1118
(1056, 454) 1119
(1057, 455) 1120
(1057, 455) 1121
(1057, 455) 1122
(1056, 455) 1123
(1056, 456) 1124
(1055, 456) 1125
(1055, 456) 1126
(1054, 456) 1127
(1054, 456) 1128
(1050, 456) 1129
(1043, 456) 1130
(1043, 456) 1131
(1045, 456) 1132
(1056, 457) 1133
(1067, 457) 1134
(1076, 457) 1135
(1085, 457) 1136
(1093, 457) 1137
(1100, 457) 1138
(1107, 457) 1139
(1114, 457) 1140
(1120, 457) 1141
(1125, 457) 1142
(1129, 457) 1143
(1134, 457) 1144
(1138, 458) 1145
(1144, 457) 1146
(1149, 457) 1147
(1154, 457) 1148
(1159, 457) 1149
(1163, 457) 1150
(1168, 457) 1151
(1170, 456) 1152
(1172, 456) 1153
(1174, 456) 1154
(1176, 456) 1155
(1181, 456) 1156
(1194, 456) 1157
(1197, 456) 1158
(1199, 456) 1159
(1202, 456) 1160
(1204, 456) 1161
(1206, 456) 1162
(1208, 457) 1163
(1210, 457) 1164
(1211, 457) 1165
(1212, 457) 1166
(1213, 457) 1167
(1215, 457) 1168
(1215, 457) 1169
(1224, 457) 1170
(1232, 457) 1171
(1240, 457) 1172
(1248, 457) 1173
(1254, 457) 1174
(1260, 457) 1175
(1269, 457) 1176
(1276, 457) 1177
(1283, 457) 1178
(1290, 457) 1179
(1296, 457) 1180
(1301, 457) 1181
(1306, 457) 1182
(1311, 456) 1183
(1316, 456) 1184
(1321, 456) 1185
(1325, 456) 1186
(1329, 457) 1187
(1333, 457) 1188
(1337, 457) 1189
(1340, 457) 1190
(1350, 457) 1191
(1359, 457) 1192
(1368, 457) 1193
(1375, 457) 1194
(1375, 458) 1195
(1373, 458) 1196
(1372, 458) 1197
(1372, 458) 1198
(1373, 459) 1199
(1373, 459) 1200
(1373, 459) 1201
(1380, 459) 1202
(1388, 459) 1203
(1396, 459) 1204
(1402, 459) 1205
(1408, 459) 1206
(1413, 459) 1207
(1418, 459) 1208
(1422, 459) 1209
(1429, 459) 1210
(1427, 459) 1211
(1425, 459) 1212
(1425, 459) 1213
(1423, 459) 1214
(1423, 459) 1215
(1423, 459) 1216
(1424, 459) 1217
(1424, 459) 1218
(1433, 459) 1219
(1439, 459) 1220
(1443, 459) 1221
(1442, 459) 1222
(1442, 459) 1223
(1439, 459) 1224
(1434, 459) 1225
(1437, 459) 1226
(1440, 459) 1227
(1443, 459) 1228
(1446, 459) 1229
(1454, 460) 1230
(1462, 460) 1231
(144, 489) 817
(144, 488) 818
(144, 488) 819
(144, 488) 820
(145, 488) 821
(145, 488) 822
(145, 488) 823
(145, 488) 824
(145, 488) 825
(146, 488) 826
(146, 488) 827
(148, 489) 828
(149, 489) 829
(151, 488) 830
(152, 488) 831
(152, 488) 832
(153, 488) 833
(152, 488) 834
(152, 487) 835
(152, 487) 836
(151, 486) 837
(150, 485) 838
(149, 485) 839
(149, 484) 840
(148, 483) 841
(148, 482) 842
(148, 481) 843
(148, 480) 844
(148, 479) 845
(148, 478) 846
(148, 477) 847
(147, 476) 848
(144, 475) 849
(140, 474) 850
(137, 474) 851
(134, 475) 852
(132, 475) 853
(132, 475) 854
(133, 474) 855
(135, 474) 856
(135, 473) 857
(136, 472) 858
(138, 472) 859
(139, 471) 860
(142, 470) 861
(144, 470) 862
(148, 469) 863
(152, 469) 864
(156, 468) 865
(159, 468) 866
(162, 467) 867
(163, 467) 868
(161, 467) 869
(158, 468) 870
(155, 468) 871
(153, 469) 872
(151, 470) 873
(150, 470) 874
(149, 471) 875
(148, 471) 876
(148, 471) 877
(148, 472) 878
(148, 472) 879
(148, 473) 880
(149, 473) 881
(150, 474) 882
(151, 474) 883
(153, 474) 884
(154, 475) 885
(160, 475) 886
(164, 475) 887
(168, 476) 888
(166, 476) 889
(166, 476) 890
(165, 477) 891
(164, 477) 892
(164, 477) 893
(163, 478) 894
(157, 478) 895
(152, 478) 896
(146, 478) 897
(142, 478) 898
(138, 478) 899
(134, 478) 900
(137, 478) 901
(140, 478) 902
(143, 479) 903
(145, 479) 904
(145, 479) 905
(143, 479) 906
(142, 480) 907
(141, 480) 908
(139, 480) 909
(137, 481) 910
(135, 481) 911
(127, 483) 912
(119, 484) 913
(111, 485) 914
(104, 487) 915
(97, 488) 916
(91, 489) 917
(85, 491) 918
(80, 492) 919
(75, 493) 920
(69, 494) 921
(68, 496) 922
(66, 497) 923
(62, 500) 924
(59, 502) 925
(57, 505) 926
(54, 507) 927
(52, 510) 928
(49, 512) 929
(48, 515) 930
(49, 516) 931
(49, 517) 932
(49, 519) 933
(49, 520) 934
(48, 522) 935
(48, 523) 936
(47, 525) 937
(46, 526) 938
(45, 528) 939
(39, 529) 940
(33, 531) 941
(29, 532) 942
(25, 534) 943
(21, 535) 944
(18, 537) 945
(14, 538) 946
(14, 538) 947
(1928, 540) 948
(1926, 541) 949
(1923, 543) 950
(1921, 544) 951
(1196, 518) 837
(1195, 517) 838
(1194, 517) 839
(1194, 516) 840
(1194, 516) 841
(1194, 515) 842
(1196, 515) 843
(1197, 515) 844
(1198, 515) 845
(1199, 514) 846
(1199, 514) 847
(1195, 513) 848
(1190, 512) 849
(1186, 510) 850
(1183, 510) 851
(1178, 509) 852
(1174, 508) 853
(1171, 507) 854
(1166, 507) 855
(1161, 508) 856
(1158, 508) 857
(1157, 508) 858
(1156, 508) 859
(1155, 507) 860
(1154, 507) 861
(1154, 507) 862
(1153, 507) 863
(1153, 507) 864
(1152, 507) 865
(1152, 506) 866
(1151, 506) 867
(1151, 506) 868
(1151, 506) 869
(1150, 506) 870
(1150, 506) 871
(1150, 506) 872
(1150, 505) 873
(1150, 505) 874
(1149, 505) 875
(1149, 505) 876
(1149, 505) 877
(1149, 505) 878
(1149, 505) 879
(1149, 505) 880
(1149, 504) 881
(1153, 503) 882
(1163, 503) 883
(1172, 502) 884
(1181, 501) 885
(1191, 501) 886
(1201, 500) 887
(1215, 499) 888
(1228, 499) 889
(1239, 498) 890
(1250, 497) 891
(1257, 496) 892
(1263, 496) 893
(1269, 495) 894
(1274, 495) 895
(1279, 494) 896
(1285, 494) 897
(1289, 493) 898
(1294, 493) 899
(1298, 492) 900
(1301, 492) 901
(1305, 491) 902
(1308, 491) 903
(1310, 490) 904
(1312, 490) 905
(1312, 489) 906
(1311, 489) 907
(1308, 489) 908
(1304, 488) 909
(1300, 488) 910
(1296, 488) 911
(1293, 488) 912
(1290, 487) 913
(1288, 487) 914
(1285, 487) 915
(1283, 487) 916
(1281, 487) 917
(1280, 486) 918
(1278, 486) 919
(1278, 486) 920
(1279, 487) 921
(1282, 487) 922
(1283, 487) 923
(1284, 486) 924
(1553, 451) 876
(1548, 451) 877
(1545, 451) 878
(1542, 450) 879
(1539, 450) 880
(1540, 450) 881
(1541, 450) 882
(1545, 450) 883
(1548, 450) 884
(1551, 450) 885
(1555, 450) 886
(1558, 450) 887
(1561, 450) 888
(1564, 450) 889
(1571, 451) 890
(1578, 452) 891
(1584, 452) 892
(1584, 453) 893
(1587, 453) 894
(1592, 454) 895
(1596, 454) 896
(1600, 455) 897
(1604, 455) 898
(1609, 456) 899
(1612, 456) 900
(1616, 457) 901
(1618, 457) 902
(1621, 457) 903
(1621, 457) 904
(1621, 458) 905
(1620, 457) 906
(1620, 458) 907
(1620, 458) 908
(1619, 459) 909
(1613, 459) 910
(1608, 458) 911
(1606, 458) 912
(1605, 457) 913
(1603, 457) 914
(1604, 456) 915
(1604, 456) 916
(1604, 456) 917
(1604, 456) 918
(1603, 455) 919
(1603, 455) 920
(1608, 455) 921
(1613, 456) 922
(1617, 456) 923
(1621, 457) 924
(1625, 457) 925
(1628, 457) 926
(1631, 458) 927
(1633, 458) 928
(1636, 458) 929
(1638, 459) 930
(1640, 459) 931
(1639, 459) 932
(1635, 460) 933
(1629, 460) 934
(1624, 460) 935
(1620, 460) 936
(1617, 460) 937
(1614, 460) 938
(1611, 460) 939
(1609, 460) 940
(1608, 460) 941
(1607, 460) 942
(1607, 460) 943
(1605, 460) 944
(1607, 458) 945
(1607, 457) 946
(1607, 457) 947
(1606, 457) 948
(1606, 457) 949
(1606, 458) 950
(1610, 456) 951
(1616, 455) 952
(1622, 454) 953
(1626, 453) 954
(1631, 452) 955
(1635, 451) 956
(1639, 451) 957
(1642, 450) 958
(1645, 449) 959
(1647, 449) 960
(1648, 450) 961
(1649, 451) 962
(1650, 452) 963
(1651, 453) 964
(1654, 454) 965
(1656, 455) 966
(1658, 456) 967
(1661, 457) 968
(1663, 457) 969
(1665, 458) 970
(1667, 459) 971
(1669, 460) 972
(1670, 461) 973
(1671, 461) 974
(1669, 463) 975
(1724, 467) 878
(1724, 467) 879
(1724, 467) 880
(1724, 467) 881
(1724, 467) 882
(1724, 467) 883
(1724, 467) 884
(1724, 467) 885
(1724, 467) 886
(1722, 468) 887
(1719, 469) 888
(1716, 470) 889
(1714, 471) 890
(1712, 472) 891
(1710, 473) 892
(1707, 473) 893
(1704, 474) 894
(1702, 475) 895
(1700, 476) 896
(1698, 476) 897
(1696, 477) 898
(1694, 478) 899
(1693, 478) 900
(1692, 479) 901
(1690, 480) 902
(1689, 480) 903
(1688, 481) 904
(1688, 482) 905
(1687, 482) 906
(1686, 483) 907
(1686, 483) 908
(1685, 484) 909
(1683, 484) 910
(1682, 485) 911
(1681, 485) 912
(1679, 486) 913
(1679, 486) 914
(1678, 486) 915
(1677, 487) 916
(1676, 487) 917
(1676, 488) 918
(1675, 488) 919
(1675, 488) 920
(1674, 489) 921
(1674, 489) 922
(1673, 490) 923
(1673, 492) 924
(1673, 494) 925
(1673, 496) 926
(1672, 498) 927
(1671, 501) 928
(1669, 505) 929
(1666, 509) 930
(1664, 512) 931
(1663, 516) 932
(1661, 520) 933
(1659, 523) 934
(1658, 527) 935
(1657, 531) 936
(1655, 534) 937
(1654, 538) 938
(1652, 542) 939
(1651, 546) 940
(1650, 549) 941
(1649, 553) 942
(1648, 557) 943
(1647, 560) 944
(1646, 564) 945
(1646, 567) 946
(1646, 571) 947
(1646, 574) 948
(1646, 578) 949
(1647, 581) 950
(1647, 584) 951
(1648, 587) 952
(1648, 591) 953
(1649, 594) 954
(1650, 597) 955
(1650, 600) 956
(1650, 603) 957
(1651, 606) 958
(1651, 608) 959
(1651, 611) 960
(1652, 614) 961
(1652, 616) 962
(1652, 619) 963
(1655, 622) 964
(1657, 625) 965
(1660, 627) 966
(1662, 630) 967
(1665, 633) 968
(1667, 635) 969
(1669, 638) 970
(1671, 641) 971
(1673, 643) 972
(1674, 646) 973
(1676, 648) 974
(1677, 650) 975
(671, 436) 908
(671, 436) 909
(672, 436) 910
(672, 436) 911
(671, 435) 912
(670, 435) 913
(670, 435) 914
(670, 435) 915
(671, 435) 916
(672, 435) 917
(678, 435) 918
(682, 435) 919
(685, 436) 920
(688, 436) 921
(691, 436) 922
(694, 436) 923
(697, 437) 924
(700, 437) 925
(703, 437) 926
(705, 437) 927
(709, 438) 928
(712, 438) 929
(715, 438) 930
(718, 438) 931
(720, 439) 932
(722, 439) 933
(723, 439) 934
(723, 439) 935
(723, 439) 936
(722, 439) 937
(722, 439) 938
(722, 439) 939
(721, 439) 940
(719, 439) 941
(718, 439) 942
(717, 439) 943
(714, 439) 944
(712, 439) 945
(710, 439) 946
(708, 439) 947
(706, 439) 948
(703, 439) 949
(700, 439) 950
(699, 439) 951
(700, 439) 952
(699, 440) 953
(697, 439) 954
(695, 439) 955
(693, 439) 956
(692, 439) 957
(691, 438) 958
(691, 438) 959
(690, 437) 960
(690, 437) 961
(690, 436) 962
(690, 436) 963
(689, 436) 964
(689, 435) 965
(681, 435) 966
(674, 436) 967
(672, 436) 968
(674, 436) 969
(679, 436) 970
(683, 435) 971
(685, 435) 972
(685, 435) 973
(686, 435) 974
(683, 435) 975
(681, 434) 976
(678, 434) 977
(677, 434) 978
(675, 434) 979
(673, 434) 980
(670, 433) 981
(668, 433) 982
(665, 433) 983
(664, 433) 984
(664, 433) 985
(663, 433) 986
(663, 432) 987
(667, 432) 988
(671, 432) 989
(671, 432) 990
(668, 432) 991
(663, 432) 992
(658, 432) 993
(654, 432) 994
(651, 432) 995
(648, 432) 996
(645, 432) 997
(642, 432) 998
(639, 432) 999
(639, 432) 1000
(639, 432) 1001
(639, 432) 1002
(639, 431) 1003
(640, 431) 1004
(647, 431) 1005
(653, 431) 1006
(659, 431) 1007
(660, 431) 1008
(662, 431) 1009
(665, 431) 1010
(673, 431) 1011
(684, 431) 1012
(695, 431) 1013
(704, 431) 1014
(712, 431) 1015
(720, 431) 1016
(730, 431) 1017
(739, 432) 1018
(754, 432) 1019
(767, 432) 1020
(779, 432) 1021
(790, 431) 1022
(800, 431) 1023
(809, 431) 1024
(810, 431) 1025
(811, 431) 1026
(814, 431) 1027
(812, 431) 1028
(811, 431) 1029
(809, 431) 1030
(807, 431) 1031
(807, 431) 1032
(807, 430) 1033
(807, 430) 1034
(810, 430) 1035
(811, 430) 1036
(813, 430) 1037
(815, 431) 1038
(817, 431) 1039
(819, 431) 1040
(819, 431) 1041
(820, 431) 1042
(821, 431) 1043
(821, 431) 1044
(813, 431) 1045
(806, 431) 1046
(792, 431) 1047
(780, 431) 1048
(768, 432) 1049
(758, 432) 1050
(747, 433) 1051
(738, 433) 1052
(729, 434) 1053
(721, 434) 1054
(714, 435) 1055
(708, 435) 1056
(703, 436) 1057
(698, 436) 1058
(694, 436) 1059
(689, 437) 1060
(686, 437) 1061
(682, 438) 1062
(679, 438) 1063
(677, 439) 1064
(674, 440) 1065
(672, 441) 1066
(670, 442) 1067
(668, 442) 1068
(666, 443) 1069
(666, 444) 1070
(665, 445) 1071
(665, 445) 1072
(665, 446) 1073
(665, 446) 1074
(671, 446) 1075
(677, 446) 1076
(683, 447) 1077
(688, 447) 1078
(693, 447) 1079
(697, 447) 1080
(696, 447) 1081
(695, 448) 1082
(695, 448) 1083
(694, 448) 1084
(693, 448) 1085
(692, 448) 1086
(692, 449) 1087
(694, 448) 1088
(696, 448) 1089
(699, 448) 1090
(700, 448) 1091
(702, 447) 1092
(704, 447) 1093
(706, 447) 1094
(707, 447) 1095
(709, 447) 1096
(710, 446) 1097
(711, 445) 1098
(712, 444) 1099
(709, 442) 1100
(707, 440) 1101
(702, 436) 1102
(697, 433) 1103
(692, 429) 1104
(688, 426) 1105
(684, 422) 1106
(681, 419) 1107
(678, 416) 1108
(675, 412) 1109
(673, 409) 1110
(671, 406) 1111
(669, 403) 1112
(667, 400) 1113
(666, 397) 1114
(1852, 638) 978
(1850, 638) 979
(1848, 638) 980
(1846, 639) 981
(1844, 639) 982
(1844, 639) 983
(1844, 639) 984
(1844, 638) 985
(1844, 638) 986
(1845, 638) 987
(1847, 638) 988
(1850, 639) 989
(1849, 641) 990
(1848, 643) 991
(1846, 644) 992
(1846, 642) 993
(1845, 641) 994
(1847, 640) 995
(1848, 638) 996
(1849, 636) 997
(1851, 634) 998
(1852, 632) 999
(1853, 630) 1000
(1853, 628) 1001
(1853, 626) 1002
(1854, 624) 1003
(1854, 623) 1004
(1854, 621) 1005
(1854, 620) 1006
(1849, 619) 1007
(1849, 618) 1008
(1849, 616) 1009
(1849, 615) 1010
(1849, 614) 1011
(1849, 613) 1012
(1849, 612) 1013
(1849, 611) 1014
(1849, 610) 1015
(1849, 609) 1016
(1849, 607) 1017
(1848, 605) 1018
(1848, 603) 1019
(1848, 601) 1020
(1848, 599) 1021
(1847, 597) 1022
(1847, 596) 1023
(1847, 594) 1024
(1847, 592) 1025
(1847, 591) 1026
(1847, 589) 1027
(1847, 587) 1028
(1847, 586) 1029
(1847, 584) 1030
(1847, 583) 1031
(1846, 581) 1032
(1847, 580) 1033
(1847, 579) 1034
(1847, 577) 1035
(1847, 576) 1036
(1847, 575) 1037
(1846, 574) 1038
(1847, 572) 1039
(1847, 571) 1040
(1847, 570) 1041
(1847, 569) 1042
(1847, 568) 1043
(1847, 567) 1044
(1847, 566) 1045
(1847, 565) 1046
(1847, 564) 1047
(1847, 563) 1048
(1847, 562) 1049
(1847, 561) 1050
(1847, 560) 1051
(1847, 559) 1052
(1847, 558) 1053
(1847, 557) 1054
(1847, 556) 1055
(1850, 554) 1056
(1850, 553) 1057
(1852, 551) 1058
(1852, 550) 1059
(1853, 548) 1060
(1854, 546) 1061
(1855, 544) 1062
(1856, 542) 1063
(1859, 539) 1064
(1862, 537) 1065
(1865, 535) 1066
(1867, 533) 1067
(1869, 530) 1068
(1871, 528) 1069
(1873, 526) 1070
(1875, 524) 1071
(1877, 522) 1072
(1879, 520) 1073
(1880, 518) 1074
(1882, 516) 1075
(1883, 515) 1076
(1825, 702) 1017
(1824, 702) 1018
(1824, 702) 1019
(1824, 702) 1020
(1823, 702) 1021
(1823, 702) 1022
(1822, 703) 1023
(1822, 703) 1024
(1821, 703) 1025
(1821, 703) 1026
(1820, 703) 1027
(1820, 704) 1028
(1816, 706) 1029
(1813, 707) 1030
(1810, 709) 1031
(1807, 710) 1032
(1802, 711) 1033
(1802, 712) 1034
(1804, 712) 1035
(1808, 712) 1036
(1812, 712) 1037
(1811, 713) 1038
(1811, 713) 1039
(1809, 714) 1040
(1807, 715) 1041
(1806, 716) 1042
(1807, 716) 1043
(1809, 717) 1044
(1808, 717) 1045
(1809, 717) 1046
(1809, 718) 1047
(1809, 718) 1048
(1807, 718) 1049
(1807, 719) 1050
(1807, 720) 1051
(1806, 720) 1052
(1804, 720) 1053
(1803, 720) 1054
(1799, 720) 1055
(1797, 720) 1056
(1797, 720) 1057
(1797, 720) 1058
(1797, 720) 1059
(1798, 720) 1060
(1803, 721) 1061
(1803, 721) 1062
(1804, 721) 1063
(1803, 722) 1064
(1804, 722) 1065
(1804, 722) 1066
(1804, 722) 1067
(1804, 723) 1068
(1805, 723) 1069
(1804, 723) 1070
(1800, 723) 1071
(1795, 723) 1072
(1790, 723) 1073
(1786, 722) 1074
(1789, 723) 1075
(1792, 724) 1076
(1795, 724) 1077
(1797, 725) 1078
(1798, 726) 1079
(1799, 726) 1080
(1800, 727) 1081
(1800, 728) 1082
(1801, 728) 1083
(1799, 729) 1084
(1798, 729) 1085
(1796, 730) 1086
(1794, 731) 1087
(1793, 731) 1088
(1791, 732) 1089
(1790, 733) 1090
(1789, 733) 1091
(1795, 734) 1092
(1800, 736) 1093
(1805, 737) 1094
(1809, 738) 1095
(1813, 739) 1096
(1816, 740) 1097
(1819, 740) 1098
(1822, 741) 1099
(1825, 742) 1100
(1827, 742) 1101
(1830, 743) 1102
(1830, 743) 1103
(1831, 743) 1104
(1832, 743) 1105
(1832, 743) 1106
(1831, 742) 1107
(1830, 741) 1108
(1830, 739) 1109
(1830, 736) 1110
(1830, 734) 1111
(1831, 731) 1112
(1832, 728) 1113
(1831, 725) 1114
(1830, 722) 1115
(1829, 719) 1116
(1829, 716) 1117
(1829, 713) 1118
(1828, 709) 1119
(1828, 706) 1120
(1828, 703) 1121
(1829, 700) 1122
(1829, 697) 1123
(1830, 695) 1124
(1830, 693) 1125
(1831, 691) 1126
(1832, 689) 1127
(1834, 687) 1128
(1836, 685) 1129
(1837, 683) 1130
(1838, 680) 1131
(1839, 678) 1132
(1840, 676) 1133
(1843, 673) 1134
(1845, 670) 1135
(75, 404) 1030
(74, 403) 1031
(72, 403) 1032
(71, 402) 1033
(69, 401) 1034
(67, 401) 1035
(65, 400) 1036
(63, 400) 1037
(61, 399) 1038
(59, 399) 1039
(57, 398) 1040
(55, 398) 1041
(55, 397) 1042
(55, 397) 1043
(54, 396) 1044
(54, 396) 1045
(53, 395) 1046
(52, 395) 1047
(51, 394) 1048
(49, 394) 1049
(48, 393) 1050
(47, 393) 1051
(48, 392) 1052
(48, 392) 1053
(47, 391) 1054
(42, 390) 1055
(37, 390) 1056
(30, 389) 1057
(25, 389) 1058
(19, 388) 1059
(14, 388) 1060
(14, 387) 1061
(1933, 387) 1062
(1928, 386) 1063
(1924, 386) 1064
(1921, 385) 1065
(1917, 385) 1066
(1914, 385) 1067
(1912, 384) 1068
(1909, 384) 1069
(1907, 383) 1070
(1905, 383) 1071
(1904, 382) 1072
(1902, 382) 1073
(1901, 382) 1074
(1899, 381) 1075
(1899, 381) 1076
(1902, 380) 1077
(1905, 379) 1078
(1909, 378) 1079
(1913, 376) 1080
(1917, 375) 1081
(1921, 374) 1082
(1923, 371) 1083
(1923, 370) 1084
(10, 369) 1085
(13, 367) 1086
(16, 366) 1087
(19, 364) 1088
(25, 363) 1089
(31, 361) 1090
(37, 359) 1091
(42, 357) 1092
(47, 356) 1093
(50, 353) 1094
(53, 351) 1095
(53, 348) 1096
(53, 346) 1097
(53, 344) 1098
(52, 341) 1099
(52, 339) 1100
(52, 337) 1101
(54, 335) 1102
(55, 333) 1103
(57, 331) 1104
(59, 329) 1105
(60, 327) 1106
(62, 325) 1107
(64, 323) 1108
(66, 321) 1109
(65, 319) 1110
(64, 317) 1111
(63, 315) 1112
(63, 312) 1113
(62, 310) 1114
(1692, 721) 1091
(1692, 721) 1092
(1691, 721) 1093
(1690, 721) 1094
(1689, 721) 1095
(1688, 721) 1096
(1687, 721) 1097
(1685, 721) 1098
(1683, 721) 1099
(1681, 721) 1100
(1678, 721) 1101
(1676, 721) 1102
(1673, 721) 1103
(1671, 721) 1104
(1668, 721) 1105
(1665, 721) 1106
(1663, 721) 1107
(1652, 720) 1108
(1643, 720) 1109
(1635, 720) 1110
(1632, 719) 1111
(1629, 718) 1112
(1627, 717) 1113
(1625, 717) 1114
(1618, 716) 1115
(1612, 716) 1116
(1607, 715) 1117
(1602, 715) 1118
(1598, 715) 1119
(1594, 714) 1120
(1590, 714) 1121
(1585, 714) 1122
(1580, 713) 1123
(1576, 713) 1124
(1574, 713) 1125
(1575, 712) 1126
(1576, 712) 1127
(1577, 711) 1128
(1577, 711) 1129
(1578, 711) 1130
(1578, 710) 1131
(1581, 709) 1132
(1581, 709) 1133
(1582, 708) 1134
(1582, 708) 1135
(1585, 708) 1136
(1588, 708) 1137
(1594, 707) 1138
(1600, 707) 1139
(1606, 707) 1140
(1611, 707) 1141
(1608, 707) 1142
(1605, 707) 1143
(1603, 708) 1144
(1601, 708) 1145
(1598, 708) 1146
(1596, 709) 1147
(1594, 709) 1148
(1592, 709) 1149
(1590, 710) 1150
(1588, 710) 1151
(1586, 710) 1152
(1584, 711) 1153
(1582, 711) 1154
(1584, 711) 1155
(1587, 711) 1156
(1592, 711) 1157
(1596, 711) 1158
(1600, 711) 1159
(1602, 711) 1160
(1605, 711) 1161
(1607, 711) 1162
(1608, 711) 1163
(1610, 711) 1164
(1610, 711) 1165
(1611, 711) 1166
(1611, 711) 1167
(1611, 711) 1168
(1611, 711) 1169
(1610, 711) 1170
(1610, 711) 1171
(1609, 711) 1172
(1607, 711) 1173
(1605, 711) 1174
(1602, 711) 1175
(1600, 710) 1176
(1596, 710) 1177
(1864, 490) 1137
(1863, 490) 1138
(1863, 490) 1139
(1860, 491) 1140
(1858, 492) 1141
(1856, 493) 1142
(1853, 495) 1143
(1852, 497) 1144
(1850, 498) 1145
(1849, 500) 1146
(1848, 501) 1147
(1848, 501) 1148
(1848, 502) 1149
(1847, 503) 1150
(1847, 504) 1151
(1847, 505) 1152
(1848, 506) 1153
(1848, 508) 1154
(1849, 509) 1155
(1850, 510) 1156
(1850, 511) 1157
(1858, 511) 1158
(1860, 512) 1159
(1862, 512) 1160
(1866, 513) 1161
(1869, 514) 1162
(1874, 514) 1163
(1878, 514) 1164
(1882, 514) 1165
(1884, 514) 1166
(1885, 515) 1167
(1886, 516) 1168
(1887, 517) 1169
(1886, 518) 1170
(1885, 519) 1171
(1884, 521) 1172
(1882, 523) 1173
(1880, 525) 1174
(1878, 527) 1175
(1875, 530) 1176
(1872, 532) 1177
(1869, 534) 1178
(1866, 537) 1179
(1863, 539) 1180
(1861, 542) 1181
(1859, 544) 1182
(1858, 546) 1183
(1857, 548) 1184
(1856, 550) 1185
(1855, 552) 1186
(1853, 553) 1187
(1843, 555) 1188
(1834, 557) 1189
(1826, 558) 1190
(1819, 559) 1191
(1819, 560) 1192
(1819, 561) 1193
(1821, 563) 1194
(1825, 562) 1195
(1829, 562) 1196
(1832, 562) 1197
(1833, 563) 1198
(1834, 565) 1199
(1835, 566) 1200
(1836, 568) 1201
(1837, 569) 1202
(1837, 570) 1203
(1838, 571) 1204
(1838, 573) 1205
(1841, 572) 1206
(1843, 572) 1207
(1846, 572) 1208
(1848, 572) 1209
(1850, 571) 1210
(1852, 571) 1211
(1854, 570) 1212
(1856, 570) 1213
(1858, 569) 1214
(1862, 569) 1215
(1865, 569) 1216
(1868, 569) 1217
(1871, 568) 1218
(1873, 567) 1219
(1875, 566) 1220
(1879, 565) 1221
(1883, 563) 1222
(1886, 562) 1223
(1889, 560) 1224
(1891, 558) 1225
(1893, 557) 1226
(1895, 555) 1227
(1896, 553) 1228
(1898, 552) 1229
(1899, 550) 1230
(1900, 548) 1231
(1903, 547) 1232
(1905, 546) 1233
(1906, 546) 1234
(1908, 545) 1235
(1488, 417) 1138
(1488, 417) 1139
(1490, 417) 1140
(1491, 417) 1141
(1493, 417) 1142
(1495, 417) 1143
(1497, 417) 1144
(1499, 417) 1145
(1502, 418) 1146
(1504, 418) 1147
(1506, 418) 1148
(1509, 418) 1149
(1512, 418) 1150
(1515, 418) 1151
(1519, 418) 1152
(1522, 418) 1153
(1526, 418) 1154
(1530, 418) 1155
(1534, 419) 1156
(1537, 419) 1157
(1541, 419) 1158
(1545, 419) 1159
(1553, 420) 1160
(1561, 420) 1161
(1568, 421) 1162
(1570, 421) 1163
(1571, 421) 1164
(1573, 422) 1165
(1574, 422) 1166
(1576, 423) 1167
(1582, 423) 1168
(1588, 424) 1169
(1590, 425) 1170
(1592, 426) 1171
(1593, 427) 1172
(1598, 428) 1173
(1602, 428) 1174
(1606, 429) 1175
(1609, 430) 1176
(1611, 431) 1177
(1612, 431) 1178
(1613, 431) 1179
(1614, 432) 1180
(1615, 432) 1181
(1615, 433) 1182
(1615, 433) 1183
(1615, 434) 1184
(1613, 434) 1185
(1610, 434) 1186
(1607, 435) 1187
(1604, 435) 1188
(1601, 436) 1189
(1598, 436) 1190
(1596, 436) 1191
(1594, 437) 1192
(1592, 437) 1193
(1591, 438) 1194
(1588, 438) 1195
(1587, 439) 1196
(1586, 439) 1197
(1585, 440) 1198
