(878, 484) 20
(876, 484) 21
(875, 484) 22
(875, 484) 23
(875, 483) 24
(874, 483) 25
(880, 483) 26
(879, 483) 27
(878, 482) 28
(877, 482) 29
(872, 482) 30
(870, 483) 31
(862, 483) 32
(857, 483) 33
(855, 483) 34
(849, 482) 35
(845, 483) 36
(841, 483) 37
(836, 483) 38
(835, 483) 39
(830, 483) 40
(823, 483) 41
(823, 482) 42
(828, 483) 43
(832, 482) 44
(836, 483) 45
(834, 482) 46
(828, 482) 47
(825, 482) 48
(825, 483) 49
(826, 483) 50
(828, 483) 51
(828, 483) 52
(829, 483) 53
(837, 483) 54
(839, 483) 55
(839, 483) 56
(843, 483) 57
(846, 484) 58
(850, 484) 59
(853, 484) 60
(853, 484) 61
(854, 484) 62
(857, 484) 63
(861, 484) 64
(863, 484) 65
(865, 485) 66
(867, 485) 67
(868, 485) 68
(871, 485) 69
(870, 485) 70
(870, 485) 71
(872, 485) 72
(874, 485) 73
(879, 485) 74
(881, 485) 75
(881, 486) 76
(876, 485) 77
(871, 484) 78
(871, 484) 79
(866, 484) 80
(862, 484) 81
(861, 483) 82
(860, 483) 83
(854, 481) 84
(855, 481) 85
(856, 481) 86
(858, 481) 87
(859, 481) 88
(859, 481) 89
(859, 481) 90
(861, 481) 91
(864, 480) 92
(868, 480) 93
(868, 479) 94
(868, 479) 95
(869, 478) 96
(869, 477) 97
(872, 476) 98
(875, 476) 99
(874, 475) 100
(866, 475) 101
(858, 474) 102
(855, 474) 103
(854, 473) 104
(854, 472) 105
(858, 472) 106
(858, 472) 107
(858, 472) 108
(856, 472) 109
(854, 471) 110
(854, 471) 111
(853, 471) 112
(853, 470) 113
(854, 470) 114
(855, 470) 115
(855, 470) 116
(855, 470) 117
(855, 470) 118
(855, 470) 119
(855, 469) 120
(855, 470) 121
(855, 470) 122
(855, 470) 123
(854, 470) 124
(853, 470) 125
(852, 470) 126
(853, 469) 127
(853, 469) 128
(853, 468) 129
(853, 468) 130
(853, 468) 131
(855, 468) 132
(858, 467) 133
(859, 468) 134
(859, 468) 135
(859, 468) 136
(858, 467) 137
(856, 467) 138
(856, 467) 139
(856, 467) 140
(856, 466) 141
(857, 466) 142
(857, 465) 143
(857, 465) 144
(858, 465) 145
(860, 465) 146
(862, 464) 147
(861, 464) 148
(862, 464) 149
(862, 464) 150
(861, 464) 151
(858, 464) 152
(856, 464) 153
(854, 463) 154
(850, 463) 155
(846, 463) 156
(845, 462) 157
(844, 462) 158
(847, 461) 159
(847, 461) 160
(845, 461) 161
(845, 460) 162
(849, 459) 163
(854, 458) 164
(859, 457) 165
(862, 456) 166
(862, 455) 167
(858, 455) 168
(853, 454) 169
(847, 454) 170
(841, 453) 171
(838, 453) 172
(835, 452) 173
(831, 452) 174
(828, 451) 175
(823, 450) 176
(817, 449) 177
(813, 449) 178
(806, 448) 179
(801, 447) 180
(795, 446) 181
(796, 446) 182
(800, 446) 183
(804, 447) 184
(808, 447) 185
(808, 446) 186
(812, 446) 187
(818, 446) 188
(823, 445) 189
(827, 445) 190
(832, 444) 191
(836, 443) 192
(840, 442) 193
(844, 442) 194
(847, 441) 195
(846, 440) 196
(845, 440) 197
(844, 439) 198
(836, 439) 199
(833, 438) 200
(831, 438) 201
(830, 438) 202
(826, 437) 203
(827, 437) 204
(827, 437) 205
(828, 438) 206
(829, 438) 207
(831, 438) 208
(830, 437) 209
(822, 437) 210
(814, 437) 211
(813, 437) 212
(813, 436) 213
(815, 437) 214
(817, 437) 215
(818, 438) 216
(817, 438) 217
(816, 438) 218
(816, 438) 219
(816, 438) 220
(818, 438) 221
(821, 438) 222
(823, 438) 223
(826, 439) 224
(833, 440) 225
(837, 440) 226
(840, 441) 227
(844, 441) 228
(843, 442) 229
(845, 442) 230
(849, 442) 231
(853, 442) 232
(855, 442) 233
(853, 442) 234
(853, 442) 235
(854, 443) 236
(856, 442) 237
(856, 443) 238
(855, 442) 239
(856, 441) 240
(856, 441) 241
(852, 440) 242
(848, 439) 243
(842, 439) 244
(840, 437) 245
(841, 436) 246
(842, 435) 247
(842, 434) 248
(843, 433) 249
(837, 432) 250
(832, 432) 251
(825, 432) 252
(819, 432) 253
(814, 431) 254
(814, 431) 255
(811, 431) 256
(806, 431) 257
(806, 431) 258
(806, 431) 259
(809, 431) 260
(813, 432) 261
(819, 432) 262
(819, 433) 263
(827, 433) 264
(838, 434) 265
(848, 435) 266
(855, 435) 267
(861, 436) 268
(867, 436) 269
(871, 436) 270
(875, 437) 271
(877, 437) 272
(879, 437) 273
(878, 437) 274
(874, 437) 275
(874, 437) 276
(868, 436) 277
(862, 436) 278
(857, 436) 279
(852, 435) 280
(848, 435) 281
(852, 435) 282
(857, 435) 283
(862, 435) 284
(865, 434) 285
(869, 434) 286
(873, 434) 287
(873, 433) 288
(876, 433) 289
(878, 433) 290
(881, 432) 291
(882, 432) 292
(885, 433) 293
(887, 433) 294
(888, 433) 295
(889, 433) 296
(891, 433) 297
(892, 433) 298
(892, 433) 299
(892, 433) 300
(892, 433) 301
(891, 433) 302
(889, 434) 303
(885, 434) 304
(881, 434) 305
(877, 434) 306
(874, 435) 307
(872, 435) 308
(869, 436) 309
(870, 435) 310
(871, 435) 311
(871, 435) 312
(871, 436) 313
(872, 436) 314
(874, 436) 315
(875, 436) 316
(874, 436) 317
(873, 435) 318
(873, 434) 319
(873, 433) 320
(872, 433) 321
(871, 432) 322
(869, 432) 323
(870, 431) 324
(868, 431) 325
(866, 430) 326
(864, 430) 327
(861, 429) 328
(862, 429) 329
(861, 428) 330
(861, 428) 331
(861, 428) 332
(859, 427) 333
(858, 426) 334
(856, 426) 335
(853, 426) 336
(850, 426) 337
(850, 426) 338
(847, 426) 339
(846, 426) 340
(842, 425) 341
(841, 425) 342
(840, 425) 343
(840, 425) 344
(838, 424) 345
(837, 424) 346
(835, 423) 347
(833, 422) 348
(831, 422) 349
(832, 422) 350
(831, 422) 351
(830, 422) 352
(829, 422) 353
(829, 422) 354
(830, 422) 355
(830, 421) 356
(832, 421) 357
(836, 421) 358
(838, 421) 359
(837, 420) 360
(834, 420) 361
(830, 421) 362
(832, 421) 363
(834, 421) 364
(836, 422) 365
(838, 422) 366
(840, 423) 367
(845, 423) 368
(845, 423) 369
(848, 423) 370
(850, 423) 371
(851, 424) 372
(854, 424) 373
(854, 424) 374
(849, 425) 375
(843, 424) 376
(840, 425) 377
(836, 426) 378
(836, 426) 379
(841, 426) 380
(845, 426) 381
(851, 426) 382
(854, 427) 383
(858, 427) 384
(861, 428) 385
(865, 428) 386
(869, 428) 387
(872, 429) 388
(872, 429) 389
(874, 430) 390
(876, 430) 391
(879, 430) 392
(881, 430) 393
(882, 431) 394
(881, 431) 395
(879, 431) 396
(878, 432) 397
(873, 432) 398
(869, 432) 399
(865, 431) 400
(860, 431) 401
(857, 431) 402
(854, 431) 403
(849, 431) 404
(846, 432) 405
(843, 432) 406
(839, 432) 407
(832, 432) 408
(827, 433) 409
(823, 433) 410
(819, 434) 411
(816, 434) 412
(812, 434) 413
(808, 434) 414
(808, 435) 415
(808, 435) 416
(808, 435) 417
(809, 436) 418
(808, 436) 419
(806, 436) 420
(804, 437) 421
(802, 437) 422
(801, 437) 423
(801, 437) 424
(798, 437) 425
(796, 437) 426
(795, 437) 427
(795, 437) 428
(797, 437) 429
(797, 437) 430
(796, 437) 431
(795, 437) 432
(796, 438) 433
(797, 438) 434
(798, 438) 435
(799, 438) 436
(799, 438) 437
(800, 439) 438
(802, 439) 439
(802, 439) 440
(799, 440) 441
(793, 440) 442
(783, 440) 443
(776, 440) 444
(770, 440) 445
(762, 440) 446
(755, 439) 447
(749, 439) 448
(743, 439) 449
(738, 439) 450
(733, 438) 451
(729, 438) 452
(731, 438) 453
(732, 439) 454
(736, 439) 455
(738, 440) 456
(738, 441) 457
(732, 441) 458
(731, 441) 459
(731, 442) 460
(731, 442) 461
(731, 442) 462
(736, 443) 463
(736, 443) 464
(738, 443) 465
(732, 444) 466
(728, 444) 467
(725, 444) 468
(721, 444) 469
(716, 445) 470
(704, 445) 471
(694, 446) 472
(684, 446) 473
(676, 447) 474
(668, 447) 475
(662, 448) 476
(655, 448) 477
(650, 449) 478
(645, 449) 479
(640, 450) 480
(631, 450) 481
(623, 451) 482
(616, 451) 483
(609, 451) 484
(603, 452) 485
(594, 452) 486
(589, 453) 487
(589, 453) 488
(589, 454) 489
(588, 454) 490
(587, 454) 491
(587, 455) 492
(589, 455) 493
(591, 455) 494
(594, 456) 495
(595, 456) 496
(602, 456) 497
(609, 456) 498
(615, 456) 499
(620, 456) 500
(624, 456) 501
(628, 456) 502
(632, 456) 503
(636, 456) 504
(639, 456) 505
(641, 456) 506
(641, 456) 507
(639, 456) 508
(635, 457) 509
(632, 457) 510
(628, 458) 511
(625, 458) 512
(623, 459) 513
(621, 459) 514
(621, 460) 515
(623, 459) 516
(624, 459) 517
(625, 459) 518
(626, 459) 519
(626, 459) 520
(627, 459) 521
(627, 459) 522
(628, 459) 523
(632, 459) 524
(638, 459) 525
(1862, 505) 82
(1868, 505) 83
(1873, 505) 84
(1880, 505) 85
(1887, 506) 86
(1892, 507) 87
(1902, 507) 88
(1911, 508) 89
(1916, 508) 90
(1918, 508) 91
(1919, 508) 92
(1919, 508) 93
(1919, 509) 94
(1918, 509) 95
(1917, 509) 96
(1917, 510) 97
(1913, 509) 98
(1913, 509) 99
(1913, 509) 100
(1915, 509) 101
(1916, 508) 102
(7, 509) 103
(12, 509) 104
(14, 509) 105
(20, 508) 106
(31, 508) 107
(43, 507) 108
(45, 506) 109
(49, 506) 110
(48, 505) 111
(47, 505) 112
(43, 505) 113
(39, 505) 114
(36, 505) 115
(33, 504) 116
(33, 504) 117
(35, 503) 118
(39, 503) 119
(41, 502) 120
(41, 502) 121
(41, 502) 122
(39, 501) 123
(39, 501) 124
(43, 501) 125
(47, 501) 126
(48, 501) 127
(49, 500) 128
(47, 500) 129
(46, 500) 130
(46, 499) 131
(46, 499) 132
(45, 499) 133
(43, 498) 134
(41, 498) 135
(40, 498) 136
(40, 497) 137
(40, 497) 138
(43, 497) 139
(45, 496) 140
(46, 496) 141
(49, 496) 142
(53, 495) 143
(57, 495) 144
(61, 495) 145
(65, 494) 146
(70, 494) 147
(73, 494) 148
(73, 494) 149
(71, 493) 150
(70, 493) 151
(69, 493) 152
(67, 493) 153
(64, 492) 154
(63, 492) 155
(61, 492) 156
(55, 492) 157
(50, 492) 158
(45, 492) 159
(41, 492) 160
(37, 492) 161
(32, 492) 162
(30, 492) 163
(27, 492) 164
(23, 492) 165
(22, 492) 166
(20, 492) 167
(19, 492) 168
(17, 492) 169
(16, 492) 170
(16, 492) 171
(15, 492) 172
(14, 492) 173
(13, 492) 174
(12, 492) 175
(1934, 492) 176
(1930, 493) 177
(1927, 493) 178
(1924, 493) 179
(1922, 493) 180
(1923, 493) 181
(1924, 493) 182
(1922, 493) 183
(1922, 493) 184
(1922, 493) 185
(1920, 493) 186
(1919, 493) 187
(1914, 493) 188
(1914, 493) 189
(1912, 494) 190
(1907, 494) 191
(1900, 494) 192
(1900, 494) 193
(1904, 494) 194
(1907, 494) 195
(1910, 494) 196
(1913, 494) 197
(1919, 494) 198
(1919, 494) 199
(7, 494) 200
(13, 494) 201
(16, 494) 202
(19, 494) 203
(22, 494) 204
(27, 494) 205
(31, 495) 206
(33, 495) 207
(34, 496) 208
(36, 497) 209
(38, 497) 210
(40, 498) 211
(41, 499) 212
(43, 499) 213
(44, 500) 214
(45, 501) 215
(46, 502) 216
(48, 502) 217
(49, 503) 218
(51, 504) 219
(52, 504) 220
(56, 506) 221
(61, 507) 222
(65, 508) 223
(69, 508) 224
(73, 508) 225
(80, 508) 226
(84, 508) 227
(88, 508) 228
(91, 508) 229
(88, 509) 230
(86, 509) 231
(85, 509) 232
(84, 509) 233
(83, 509) 234
(81, 509) 235
(79, 509) 236
(72, 509) 237
(66, 509) 238
(60, 510) 239
(56, 510) 240
(53, 510) 241
(51, 510) 242
(48, 511) 243
(47, 511) 244
(45, 511) 245
(43, 512) 246
(42, 512) 247
(40, 512) 248
(36, 514) 249
(33, 516) 250
(33, 516) 251
(30, 518) 252
(28, 519) 253
(27, 522) 254
(26, 524) 255
(26, 525) 256
(26, 528) 257
(26, 530) 258
(26, 532) 259
(27, 534) 260
(28, 536) 261
(29, 538) 262
(29, 540) 263
(30, 541) 264
(31, 543) 265
(32, 545) 266
(27, 545) 267
(24, 547) 268
(22, 548) 269
(20, 550) 270
(19, 552) 271
(20, 554) 272
(20, 555) 273
(22, 556) 274
(25, 557) 275
(27, 558) 276
(29, 559) 277
(32, 560) 278
(34, 561) 279
(36, 562) 280
(36, 563) 281
(32, 564) 282
(26, 565) 283
(21, 565) 284
(15, 566) 285
(16, 566) 286
(1928, 567) 287
(1923, 567) 288
(1919, 567) 289
(1915, 567) 290
(1911, 568) 291
(1908, 568) 292
(1906, 568) 293
(1903, 568) 294
(1901, 568) 295
(1899, 568) 296
(1897, 568) 297
(1895, 568) 298
(1894, 569) 299
(1892, 569) 300
(1891, 569) 301
(1891, 569) 302
(1892, 570) 303
(1893, 570) 304
(1895, 570) 305
(1896, 571) 306
(1898, 571) 307
(1899, 571) 308
(1901, 571) 309
(1902, 571) 310
(1903, 570) 311
(1904, 570) 312
(1905, 569) 313
(1909, 568) 314
(1914, 567) 315
(1914, 567) 316
(1916, 566) 317
(1918, 566) 318
(1920, 565) 319
(1921, 565) 320
(1922, 564) 321
(1923, 564) 322
(1923, 564) 323
(1920, 563) 324
(1915, 563) 325
(1911, 563) 326
(1907, 562) 327
(1903, 561) 328
(1900, 560) 329
(1898, 560) 330
(1896, 560) 331
(1896, 560) 332
(1895, 559) 333
(1890, 558) 334
(1892, 558) 335
(1893, 557) 336
(1894, 556) 337
(1896, 555) 338
(1901, 554) 339
(1904, 554) 340
(1907, 553) 341
(1907, 552) 342
(1906, 552) 343
(1905, 552) 344
(1905, 551) 345
(1905, 551) 346
(1907, 551) 347
(1909, 550) 348
(1912, 550) 349
(1916, 549) 350
(1919, 549) 351
(1920, 549) 352
(1920, 549) 353
(1921, 549) 354
(1921, 548) 355
(1922, 548) 356
(1922, 548) 357
(1922, 548) 358
(1923, 547) 359
(1924, 547) 360
(6, 547) 361
(7, 547) 362
(9, 547) 363
(10, 547) 364
(10, 547) 365
(11, 547) 366
(11, 547) 367
(11, 547) 368
(10, 547) 369
(9, 547) 370
(8, 547) 371
(8, 547) 372
(8, 547) 373
(8, 548) 374
(8, 548) 375
(9, 549) 376
(10, 549) 377
(19, 549) 378
(27, 548) 379
(36, 548) 380
(43, 548) 381
(50, 548) 382
(57, 548) 383
(65, 548) 384
(344, 507) 156
(347, 507) 157
(351, 507) 158
(353, 507) 159
(356, 507) 160
(357, 507) 161
(358, 507) 162
(360, 507) 163
(361, 506) 164
(367, 506) 165
(372, 506) 166
(373, 506) 167
(376, 506) 168
(377, 506) 169
(377, 506) 170
(378, 505) 171
(385, 505) 172
(397, 504) 173
(408, 504) 174
(418, 504) 175
(427, 503) 176
(435, 503) 177
(442, 502) 178
(448, 502) 179
(454, 502) 180
(459, 501) 181
(464, 501) 182
(468, 501) 183
(471, 499) 184
(469, 498) 185
(466, 497) 186
(459, 496) 187
(454, 496) 188
(442, 495) 189
(428, 495) 190
(411, 495) 191
(388, 494) 192
(366, 494) 193
(346, 494) 194
(328, 493) 195
(312, 493) 196
(297, 493) 197
(284, 492) 198
(272, 492) 199
(269, 492) 200
(271, 491) 201
(273, 490) 202
(276, 490) 203
(279, 489) 204
(281, 489) 205
(284, 489) 206
(287, 488) 207
(289, 488) 208
(292, 487) 209
(294, 487) 210
(296, 487) 211
(298, 486) 212
(299, 486) 213
(300, 486) 214
(302, 485) 215
(303, 485) 216
(304, 485) 217
(305, 484) 218
(306, 484) 219
(313, 483) 220
(317, 482) 221
(324, 481) 222
(329, 480) 223
(334, 479) 224
(338, 478) 225
(342, 477) 226
(345, 477) 227
(348, 476) 228
(350, 475) 229
(353, 474) 230
(355, 473) 231
(357, 473) 232
(358, 472) 233
(360, 471) 234
(361, 471) 235
(362, 470) 236
(363, 469) 237
(364, 469) 238
(365, 468) 239
(366, 467) 240
(367, 467) 241
(368, 466) 242
(368, 465) 243
(362, 466) 244
(356, 466) 245
(350, 466) 246
(345, 467) 247
(341, 467) 248
(337, 467) 249
(334, 467) 250
(330, 468) 251
(328, 468) 252
(325, 468) 253
(323, 468) 254
(316, 468) 255
(310, 468) 256
(303, 468) 257
(297, 467) 258
(297, 466) 259
(299, 465) 260
(301, 463) 261
(303, 461) 262
(306, 459) 263
(1883, 361) 400
(1883, 360) 401
(1882, 360) 402
(1882, 360) 403
(1882, 361) 404
(1882, 362) 405
(1884, 363) 406
(1886, 364) 407
(1886, 365) 408
(1886, 366) 409
(1886, 367) 410
(1887, 369) 411
(1889, 370) 412
(1891, 371) 413
(1893, 372) 414
(1894, 373) 415
(1896, 374) 416
(1898, 375) 417
(1899, 376) 418
(1899, 376) 419
(1900, 376) 420
(1900, 377) 421
(1900, 377) 422
(1900, 376) 423
(1899, 375) 424
(1898, 374) 425
(1897, 373) 426
(1896, 372) 427
(1895, 371) 428
(1894, 371) 429
(1894, 370) 430
(1893, 369) 431
(1893, 368) 432
(1892, 367) 433
(1892, 367) 434
(1893, 367) 435
(1897, 369) 436
(1899, 371) 437
(1902, 372) 438
(1904, 374) 439
(1906, 376) 440
(1908, 378) 441
(1910, 379) 442
(1908, 381) 443
(1908, 382) 444
(1908, 383) 445
(1907, 384) 446
(1907, 386) 447
(1907, 386) 448
(1906, 385) 449
(1901, 385) 450
(1897, 384) 451
(1899, 384) 452
(1903, 384) 453
(1906, 384) 454
(1909, 384) 455
(1911, 384) 456
(1912, 384) 457
(1912, 383) 458
(1911, 384) 459
(1909, 384) 460
(1906, 384) 461
(1904, 384) 462
(1903, 384) 463
(1902, 384) 464
(1901, 384) 465
(1902, 385) 466
(1903, 385) 467
(1904, 387) 468
(1905, 387) 469
(1905, 387) 470
(1905, 387) 471
(1905, 387) 472
(1903, 387) 473
(1898, 388) 474
(1893, 389) 475
(1888, 390) 476
(1883, 391) 477
(1879, 392) 478
(1875, 393) 479
(1872, 394) 480
(1865, 395) 481
(1859, 396) 482
(1854, 396) 483
(1849, 397) 484
(1842, 398) 485
(1836, 399) 486
(1831, 400) 487
(1826, 400) 488
(1815, 402) 489
(1806, 403) 490
(1797, 404) 491
(1790, 406) 492
(1783, 407) 493
(1777, 408) 494
(1771, 409) 495
(1766, 410) 496
(1763, 412) 497
(1761, 413) 498
(1758, 414) 499
(1756, 416) 500
(1754, 417) 501
(1753, 418) 502
(1751, 419) 503
(1750, 420) 504
(1749, 421) 505
(1747, 423) 506
(1747, 423) 507
(1746, 423) 508
(1746, 424) 509
(74, 577) 419
(74, 578) 420
(72, 579) 421
(71, 579) 422
(70, 580) 423
(70, 580) 424
(71, 580) 425
(71, 580) 426
(71, 581) 427
(68, 581) 428
(65, 582) 429
(62, 583) 430
(58, 583) 431
(55, 584) 432
(52, 585) 433
(48, 586) 434
(45, 586) 435
(42, 587) 436
(39, 587) 437
(34, 587) 438
(30, 587) 439
(23, 587) 440
(16, 587) 441
(11, 588) 442
(11, 588) 443
(1930, 588) 444
(1925, 588) 445
(1920, 588) 446
(1916, 589) 447
(1913, 589) 448
(1907, 590) 449
(1901, 592) 450
(1896, 593) 451
(1892, 595) 452
(1888, 596) 453
(1884, 598) 454
(1887, 599) 455
(1890, 601) 456
(1892, 602) 457
(1894, 604) 458
(1896, 606) 459
(1897, 607) 460
(1899, 609) 461
(1900, 610) 462
(1902, 611) 463
(1903, 613) 464
(1904, 614) 465
(1904, 616) 466
(1905, 617) 467
(1906, 618) 468
(1907, 619) 469
(1907, 621) 470
(1908, 622) 471
(1910, 623) 472
(1911, 623) 473
(1912, 623) 474
(1913, 624) 475
(1914, 624) 476
(1914, 624) 477
(1915, 625) 478
(1916, 625) 479
(1916, 625) 480
(1919, 625) 481
(1921, 624) 482
(1921, 624) 483
(5, 624) 484
(6, 623) 485
(1925, 622) 486
(1924, 621) 487
(1923, 621) 488
(1922, 620) 489
(1922, 619) 490
(1921, 619) 491
(1921, 618) 492
(1920, 617) 493
(1920, 617) 494
(1919, 616) 495
(1919, 615) 496
(1916, 613) 497
(1911, 610) 498
(1906, 607) 499
(1902, 604) 500
(1903, 601) 501
(1904, 599) 502
(1905, 596) 503
(1908, 594) 504
(1911, 592) 505
(1913, 590) 506
(1914, 588) 507
(1916, 586) 508
(1918, 585) 509
(1918, 583) 510
(1918, 582) 511
(1914, 581) 512
(1911, 580) 513
(1906, 578) 514
(1907, 576) 515
(1908, 574) 516
(1914, 572) 517
(1919, 570) 518
(1919, 568) 519
(8, 566) 520
(12, 564) 521
(15, 562) 522
(18, 560) 523
(21, 558) 524
(23, 557) 525
(26, 555) 526
(28, 554) 527
(29, 554) 528
(31, 554) 529
(34, 554) 530
(366, 408) 431
(366, 408) 432
(366, 408) 433
(366, 407) 434
(366, 406) 435
(363, 405) 436
(353, 404) 437
(344, 403) 438
(331, 402) 439
(325, 401) 440
(320, 401) 441
(315, 400) 442
(310, 400) 443
(306, 399) 444
(303, 399) 445
(299, 398) 446
(296, 398) 447
(294, 397) 448
(291, 397) 449
(291, 396) 450
(295, 396) 451
(299, 396) 452
(302, 396) 453
(302, 397) 454
(303, 397) 455
(304, 397) 456
(305, 398) 457
(306, 398) 458
(305, 398) 459
(304, 399) 460
(301, 399) 461
(301, 399) 462
(300, 399) 463
(303, 400) 464
(305, 400) 465
(307, 401) 466
(309, 401) 467
(310, 402) 468
(313, 403) 469
(313, 404) 470
(312, 405) 471
(307, 406) 472
(303, 407) 473
(303, 408) 474
(304, 409) 475
(308, 410) 476
(312, 411) 477
(315, 412) 478
(318, 413) 479
(321, 414) 480
(332, 415) 481
(342, 415) 482
(350, 416) 483
(361, 417) 484
(368, 418) 485
(375, 419) 486
(381, 419) 487
(387, 420) 488
(392, 421) 489
(397, 421) 490
(401, 422) 491
(404, 423) 492
(408, 423) 493
(415, 425) 494
(421, 426) 495
(428, 427) 496
(431, 428) 497
(434, 429) 498
(436, 430) 499
(438, 431) 500
(439, 432) 501
(440, 433) 502
(440, 434) 503
(441, 435) 504
(441, 436) 505
(442, 437) 506
(442, 438) 507
(443, 438) 508
(443, 439) 509
(443, 440) 510
(444, 441) 511
(444, 442) 512
(444, 442) 513
(438, 443) 514
(434, 444) 515
(428, 445) 516
(428, 446) 517
(429, 447) 518
(433, 448) 519
(436, 449) 520
(434, 448) 521
(436, 448) 522
(441, 448) 523
(131, 565) 448
(132, 565) 449
(133, 565) 450
(134, 565) 451
(135, 565) 452
(136, 564) 453
(137, 564) 454
(138, 564) 455
(139, 564) 456
(140, 564) 457
(140, 564) 458
(139, 564) 459
(137, 563) 460
(136, 563) 461
(135, 563) 462
(134, 563) 463
(133, 563) 464
(133, 563) 465
(133, 563) 466
(134, 562) 467
(135, 562) 468
(136, 562) 469
(135, 561) 470
(135, 561) 471
(141, 560) 472
(145, 559) 473
(150, 558) 474
(154, 557) 475
(158, 557) 476
(164, 555) 477
(170, 553) 478
(175, 551) 479
(183, 549) 480
(189, 547) 481
(196, 545) 482
(201, 543) 483
(206, 541) 484
(210, 539) 485
(222, 538) 486
(230, 537) 487
(237, 536) 488
(243, 535) 489
(249, 534) 490
(253, 533) 491
(256, 532) 492
(259, 531) 493
(262, 530) 494
(265, 529) 495
(268, 529) 496
(270, 528) 497
(272, 527) 498
(274, 526) 499
(276, 526) 500
(278, 525) 501
(279, 524) 502
(280, 524) 503
(281, 523) 504
(282, 522) 505
(282, 522) 506
(281, 520) 507
(277, 519) 508
(279, 518) 509
(278, 517) 510
(275, 515) 511
(271, 513) 512
(267, 512) 513
(263, 510) 514
(260, 509) 515
(257, 508) 516
(254, 506) 517
(252, 505) 518
(245, 503) 519
(245, 502) 520
(240, 502) 521
(240, 501) 522
(241, 501) 523
(250, 501) 524
(255, 500) 525
(978, 442) 524
(978, 442) 525
(978, 442) 526
(978, 443) 527
(978, 443) 528
(978, 443) 529
(978, 443) 530
(978, 443) 531
(978, 443) 532
(978, 443) 533
(978, 444) 534
(978, 444) 535
(978, 444) 536
(978, 444) 537
(970, 444) 538
(962, 444) 539
(955, 444) 540
(944, 445) 541
(934, 445) 542
(932, 445) 543
(927, 445) 544
(920, 445) 545
(915, 445) 546
(913, 445) 547
(911, 445) 548
(910, 446) 549
(908, 446) 550
(907, 446) 551
(907, 446) 552
(906, 446) 553
(908, 446) 554
(911, 446) 555
(911, 446) 556
(913, 447) 557
(913, 447) 558
(913, 447) 559
(913, 447) 560
(913, 448) 561
(913, 448) 562
(913, 448) 563
(912, 448) 564
(910, 448) 565
(908, 448) 566
(906, 448) 567
(906, 447) 568
(909, 447) 569
(912, 447) 570
(913, 447) 571
(914, 447) 572
(914, 447) 573
(914, 448) 574
(916, 448) 575
(926, 448) 576
(933, 448) 577
(932, 448) 578
(932, 448) 579
(939, 448) 580
(951, 448) 581
(961, 449) 582
(967, 449) 583
(974, 449) 584
(979, 449) 585
(984, 449) 586
(987, 449) 587
(991, 449) 588
(994, 449) 589
(997, 449) 590
(999, 449) 591
(1001, 449) 592
(1003, 450) 593
(1005, 450) 594
(1007, 450) 595
(1008, 450) 596
(1008, 450) 597
(1004, 450) 598
(996, 450) 599
(994, 450) 600
(993, 451) 601
(991, 451) 602
(990, 451) 603
(989, 452) 604
(981, 452) 605
(966, 453) 606
(961, 454) 607
(956, 454) 608
(951, 455) 609
(947, 455) 610
(947, 456) 611
(943, 456) 612
(939, 457) 613
(939, 457) 614
(939, 458) 615
(940, 458) 616
(939, 458) 617
(936, 459) 618
(932, 459) 619
(928, 459) 620
(928, 460) 621
(930, 460) 622
(931, 460) 623
(932, 461) 624
(933, 461) 625
(931, 461) 626
(931, 461) 627
(930, 461) 628
(929, 461) 629
(928, 461) 630
(928, 462) 631
(920, 462) 632
(914, 462) 633
(909, 462) 634
(902, 463) 635
(896, 464) 636
(891, 464) 637
(895, 465) 638
(898, 466) 639
(900, 466) 640
(906, 467) 641
(912, 468) 642
(917, 468) 643
(921, 469) 644
(921, 469) 645
(922, 470) 646
(922, 471) 647
(921, 471) 648
(920, 472) 649
(924, 472) 650
(930, 473) 651
(935, 474) 652
(935, 474) 653
(940, 475) 654
(943, 475) 655
(946, 476) 656
(949, 477) 657
(951, 477) 658
(952, 477) 659
(952, 477) 660
(955, 478) 661
(960, 478) 662
(966, 478) 663
(972, 479) 664
(979, 479) 665
(983, 478) 666
(983, 478) 667
(982, 478) 668
(971, 478) 669
(962, 477) 670
(953, 476) 671
(952, 476) 672
(950, 476) 673
(950, 476) 674
(951, 476) 675
(952, 476) 676
(953, 476) 677
(953, 477) 678
(954, 477) 679
(960, 478) 680
(960, 479) 681
(960, 479) 682
(961, 480) 683
(962, 481) 684
(964, 482) 685
(966, 482) 686
(966, 483) 687
(966, 483) 688
(966, 484) 689
(964, 484) 690
(962, 484) 691
(960, 484) 692
(960, 484) 693
(960, 484) 694
(960, 484) 695
(960, 485) 696
(960, 485) 697
(959, 485) 698
(958, 485) 699
(957, 485) 700
(955, 485) 701
(949, 485) 702
(943, 485) 703
(939, 485) 704
(930, 485) 705
(922, 485) 706
(916, 484) 707
(910, 484) 708
(905, 484) 709
(900, 484) 710
(895, 484) 711
(892, 483) 712
(891, 483) 713
(890, 483) 714
(889, 483) 715
(888, 482) 716
(888, 482) 717
(887, 482) 718
(886, 482) 719
(886, 482) 720
(885, 481) 721
(885, 481) 722
(885, 481) 723
(886, 481) 724
(888, 481) 725
(890, 481) 726
(892, 480) 727
(900, 481) 728
(908, 481) 729
(915, 481) 730
(921, 481) 731
(928, 481) 732
(935, 481) 733
(939, 481) 734
(943, 481) 735
(945, 481) 736
(948, 481) 737
(951, 481) 738
(951, 481) 739
(952, 481) 740
(952, 481) 741
(952, 481) 742
(957, 480) 743
(961, 480) 744
(962, 480) 745
(962, 480) 746
(964, 480) 747
(968, 480) 748
(971, 480) 749
(971, 480) 750
(970, 480) 751
(966, 480) 752
(962, 480) 753
(957, 480) 754
(953, 480) 755
(956, 480) 756
(960, 480) 757
(961, 481) 758
(963, 481) 759
(964, 481) 760
(964, 481) 761
(964, 481) 762
(965, 481) 763
(968, 481) 764
(970, 481) 765
(972, 480) 766
(970, 480) 767
(965, 480) 768
(961, 480) 769
(958, 480) 770
(952, 479) 771
(954, 479) 772
(954, 479) 773
(951, 479) 774
(947, 479) 775
(944, 478) 776
(941, 478) 777
(938, 478) 778
(937, 478) 779
(935, 478) 780
(932, 478) 781
(929, 477) 782
(926, 478) 783
(922, 478) 784
(921, 478) 785
(919, 478) 786
(916, 477) 787
(915, 477) 788
(916, 477) 789
(916, 477) 790
(915, 477) 791
(915, 477) 792
(916, 477) 793
(917, 477) 794
(918, 477) 795
(918, 477) 796
(922, 477) 797
(922, 477) 798
(922, 477) 799
(925, 477) 800
(925, 478) 801
(931, 478) 802
(938, 478) 803
(943, 478) 804
(948, 478) 805
(949, 478) 806
(950, 478) 807
(951, 478) 808
(948, 478) 809
(944, 478) 810
(941, 478) 811
(937, 477) 812
(930, 477) 813
(923, 477) 814
(922, 477) 815
(918, 477) 816
(915, 477) 817
(913, 477) 818
(906, 477) 819
(902, 477) 820
(895, 476) 821
(897, 476) 822
(900, 476) 823
(901, 476) 824
(902, 476) 825
(903, 476) 826
(903, 476) 827
(903, 475) 828
(904, 475) 829
(904, 475) 830
(899, 475) 831
(895, 475) 832
(892, 474) 833
(889, 474) 834
(886, 474) 835
(886, 474) 836
(889, 474) 837
(895, 474) 838
(899, 475) 839
(905, 475) 840
(911, 475) 841
(917, 475) 842
(922, 476) 843
(927, 476) 844
(931, 476) 845
(935, 476) 846
(935, 476) 847
(935, 476) 848
(935, 476) 849
(935, 477) 850
(935, 477) 851
(936, 477) 852
(935, 477) 853
(935, 477) 854
(937, 477) 855
(939, 477) 856
(939, 477) 857
(939, 477) 858
(941, 477) 859
(940, 477) 860
(936, 477) 861
(938, 476) 862
(938, 476) 863
(939, 476) 864
(940, 476) 865
(939, 476) 866
(939, 476) 867
(938, 476) 868
(936, 476) 869
(935, 476) 870
(934, 476) 871
(931, 475) 872
(932, 476) 873
(933, 476) 874
(932, 475) 875
(932, 475) 876
(929, 475) 877
(924, 475) 878
(924, 475) 879
(923, 475) 880
(919, 475) 881
(915, 475) 882
(909, 475) 883
(904, 474) 884
(896, 474) 885
(891, 473) 886
(891, 473) 887
(889, 473) 888
(888, 473) 889
(879, 472) 890
(872, 472) 891
(865, 472) 892
(862, 472) 893
(858, 472) 894
(852, 472) 895
(847, 472) 896
(842, 472) 897
(838, 472) 898
(837, 472) 899
(838, 473) 900
(841, 473) 901
(844, 473) 902
(851, 473) 903
(857, 474) 904
(863, 474) 905
(867, 475) 906
(867, 475) 907
(864, 475) 908
(860, 476) 909
(856, 476) 910
(849, 476) 911
(842, 476) 912
(837, 475) 913
(831, 475) 914
(827, 475) 915
(822, 475) 916
(825, 475) 917
(828, 475) 918
(830, 475) 919
(840, 475) 920
(848, 475) 921
(858, 475) 922
(867, 475) 923
(875, 476) 924
(882, 476) 925
(888, 476) 926
(894, 476) 927
(904, 477) 928
(910, 477) 929
(913, 477) 930
(916, 477) 931
(922, 478) 932
(927, 478) 933
(932, 478) 934
(1252, 468) 624
(1258, 468) 625
(1264, 468) 626
(1269, 469) 627
(1273, 469) 628
(1277, 470) 629
(1281, 470) 630
(1284, 471) 631
(1287, 471) 632
(1289, 471) 633
(1292, 472) 634
(1294, 472) 635
(1296, 472) 636
(1298, 473) 637
(1298, 473) 638
(1294, 473) 639
(1289, 472) 640
(1285, 472) 641
(1282, 471) 642
(1278, 471) 643
(1275, 471) 644
(1268, 469) 645
(1257, 468) 646
(1249, 468) 647
(1243, 467) 648
(1237, 466) 649
(1232, 465) 650
(1227, 465) 651
(1223, 464) 652
(1226, 463) 653
(1232, 462) 654
(1234, 461) 655
(1237, 459) 656
(1239, 458) 657
(1241, 457) 658
(1243, 456) 659
(1244, 455) 660
(1246, 454) 661
(1247, 453) 662
(1248, 452) 663
(1249, 451) 664
(1250, 450) 665
(1251, 449) 666
(1252, 448) 667
(1255, 447) 668
(1257, 447) 669
(1259, 446) 670
(1261, 446) 671
(1261, 446) 672
(1262, 446) 673
(1265, 446) 674
(1268, 446) 675
(1270, 446) 676
(1277, 446) 677
(1283, 446) 678
(1283, 446) 679
(1283, 446) 680
(1274, 445) 681
(1267, 445) 682
(1260, 445) 683
(1255, 443) 684
(1252, 443) 685
(1248, 442) 686
(1244, 441) 687
(1247, 441) 688
(1246, 442) 689
(1246, 442) 690
(1245, 442) 691
(1244, 442) 692
(1244, 442) 693
(1243, 442) 694
(1243, 442) 695
(1240, 442) 696
(1237, 443) 697
(1236, 443) 698
(1236, 444) 699
(1236, 444) 700
(1238, 445) 701
(1237, 445) 702
(1235, 445) 703
(1234, 446) 704
(1233, 446) 705
(1692, 500) 642
(1694, 499) 643
(1696, 499) 644
(1698, 499) 645
(1699, 499) 646
(1701, 499) 647
(1702, 499) 648
(1703, 499) 649
(1704, 499) 650
(1705, 499) 651
(1705, 499) 652
(1706, 499) 653
(1707, 499) 654
(1707, 499) 655
(1707, 500) 656
(1707, 501) 657
(1706, 502) 658
(1707, 503) 659
(1707, 504) 660
(1709, 504) 661
(1710, 504) 662
(1711, 504) 663
(1712, 504) 664
(1714, 504) 665
(1714, 505) 666
(1713, 507) 667
(1713, 508) 668
(1713, 509) 669
(1713, 510) 670
(1708, 510) 671
(1708, 512) 672
(1708, 513) 673
(1705, 514) 674
(1703, 514) 675
(1700, 515) 676
(1697, 516) 677
(1694, 517) 678
(1685, 517) 679
(1681, 518) 680
(1678, 519) 681
(1675, 519) 682
(1672, 520) 683
(1673, 521) 684
(1674, 521) 685
(1677, 522) 686
(1681, 523) 687
(1684, 524) 688
(1687, 525) 689
(1690, 526) 690
(1692, 527) 691
(1694, 528) 692
(1696, 530) 693
(1697, 531) 694
(1697, 532) 695
(1698, 533) 696
(1698, 534) 697
(1698, 535) 698
(1698, 535) 699
(1699, 536) 700
(1699, 537) 701
(1700, 537) 702
(1700, 538) 703
(1701, 539) 704
(1701, 539) 705
(1697, 539) 706
(1697, 537) 707
(1697, 535) 708
(1697, 534) 709
(1697, 532) 710
(1696, 531) 711
(1696, 531) 712
(1695, 531) 713
(1695, 530) 714
(1693, 530) 715
(1691, 529) 716
(1688, 529) 717
(1683, 529) 718
(1674, 529) 719
(1668, 528) 720
(1662, 528) 721
(1662, 527) 722
(1668, 526) 723
(1673, 525) 724
(1680, 524) 725
(1687, 523) 726
(1694, 522) 727
(1701, 522) 728
(1707, 521) 729
(1713, 521) 730
(1718, 520) 731
(1723, 520) 732
(1723, 519) 733
(1723, 519) 734
(1712, 518) 735
(1699, 518) 736
(1684, 518) 737
(1669, 518) 738
(1657, 518) 739
(1644, 517) 740
(1634, 517) 741
(1617, 517) 742
(1595, 516) 743
(671, 451) 646
(663, 451) 647
(656, 451) 648
(653, 451) 649
(650, 450) 650
(647, 450) 651
(644, 449) 652
(642, 449) 653
(642, 448) 654
(645, 447) 655
(649, 447) 656
(653, 446) 657
(656, 445) 658
(659, 445) 659
(661, 444) 660
(664, 443) 661
(666, 442) 662
(669, 441) 663
(670, 440) 664
(672, 440) 665
(673, 440) 666
(674, 440) 667
(675, 439) 668
(676, 439) 669
(677, 439) 670
(678, 438) 671
(678, 438) 672
(679, 438) 673
(680, 438) 674
(683, 438) 675
(686, 438) 676
(688, 438) 677
(690, 438) 678
(690, 438) 679
(687, 438) 680
(682, 438) 681
(678, 438) 682
(674, 438) 683
(671, 438) 684
(667, 438) 685
(660, 438) 686
(652, 439) 687
(647, 440) 688
(643, 441) 689
(641, 441) 690
(641, 442) 691
(642, 442) 692
(642, 442) 693
(641, 442) 694
(639, 442) 695
(639, 442) 696
(637, 442) 697
(637, 442) 698
(637, 442) 699
(638, 442) 700
(639, 443) 701
(639, 443) 702
(640, 443) 703
(641, 443) 704
(644, 442) 705
(646, 442) 706
(646, 441) 707
(645, 440) 708
(637, 440) 709
(629, 440) 710
(621, 440) 711
(613, 440) 712
(608, 440) 713
(603, 440) 714
(599, 440) 715
(594, 440) 716
(590, 440) 717
(588, 440) 718
(585, 440) 719
(582, 440) 720
(584, 439) 721
(586, 439) 722
(588, 438) 723
(1591, 482) 672
(1589, 482) 673
(1582, 483) 674
(1574, 485) 675
(1571, 485) 676
(1568, 485) 677
(1566, 486) 678
(1564, 486) 679
(1559, 485) 680
(1555, 484) 681
(1551, 483) 682
(1548, 483) 683
(1545, 482) 684
(1534, 481) 685
(1524, 481) 686
(1509, 481) 687
(1494, 481) 688
(1481, 480) 689
(1468, 479) 690
(1457, 478) 691
(1448, 477) 692
(1439, 476) 693
(1432, 475) 694
(1426, 474) 695
(1420, 474) 696
(1417, 473) 697
(1415, 473) 698
(1411, 473) 699
(1406, 473) 700
(1402, 473) 701
(1399, 473) 702
(1402, 473) 703
(1405, 473) 704
(1408, 473) 705
(1411, 473) 706
(1414, 473) 707
(1416, 473) 708
(1418, 473) 709
(1420, 473) 710
(1422, 474) 711
(1424, 474) 712
(1425, 474) 713
(1426, 474) 714
(1428, 474) 715
(1429, 474) 716
(1430, 474) 717
(1431, 474) 718
(1432, 473) 719
(1433, 473) 720
(1433, 473) 721
(1434, 473) 722
(1435, 473) 723
(1435, 473) 724
(1436, 473) 725
(1436, 473) 726
(1440, 473) 727
(1445, 473) 728
(1450, 473) 729
(1454, 473) 730
(1460, 472) 731
(1466, 472) 732
(1471, 472) 733
(1476, 471) 734
(1817, 516) 686
(1822, 515) 687
(1828, 514) 688
(1832, 514) 689
(1837, 513) 690
(1840, 512) 691
(1844, 511) 692
(1849, 511) 693
(1855, 511) 694
(1861, 510) 695
(1865, 510) 696
(1870, 509) 697
(1873, 509) 698
(1876, 508) 699
(1881, 507) 700
(1886, 505) 701
(1890, 504) 702
(1893, 502) 703
(1897, 501) 704
(1900, 500) 705
(1902, 499) 706
(1904, 496) 707
(1906, 494) 708
(1908, 492) 709
(1908, 490) 710
(1907, 487) 711
(1904, 485) 712
(1901, 483) 713
(1897, 481) 714
(1894, 478) 715
(1892, 476) 716
(1890, 474) 717
(1889, 472) 718
(1887, 470) 719
(1886, 468) 720
(1885, 466) 721
(1885, 464) 722
(1886, 463) 723
(1888, 463) 724
(1888, 462) 725
(1888, 462) 726
(1892, 462) 727
(1897, 462) 728
(1902, 462) 729
(1902, 463) 730
(1903, 464) 731
(1896, 465) 732
(1890, 466) 733
(1888, 467) 734
(1886, 468) 735
(1886, 469) 736
(1887, 471) 737
(1890, 473) 738
(1891, 475) 739
(1893, 476) 740
(1896, 477) 741
(1899, 479) 742
(1902, 481) 743
(1905, 483) 744
(1908, 485) 745
(1910, 486) 746
(1912, 488) 747
(1914, 490) 748
(1916, 491) 749
(1918, 493) 750
(1919, 494) 751
(1921, 496) 752
(1922, 497) 753
(1922, 499) 754
(1918, 499) 755
(1915, 499) 756
(1911, 500) 757
(1907, 500) 758
(1905, 500) 759
(1902, 500) 760
(1897, 500) 761
(1892, 500) 762
(1888, 499) 763
(1891, 498) 764
(1893, 496) 765
(1896, 495) 766
(1894, 494) 767
(1892, 493) 768
(1890, 492) 769
(1888, 492) 770
(1885, 491) 771
(1886, 491) 772
(1884, 490) 773
(1882, 490) 774
(1883, 490) 775
(1883, 490) 776
(1876, 489) 777
(1869, 489) 778
(1863, 488) 779
(1858, 487) 780
(1853, 487) 781
(1856, 487) 782
(1858, 487) 783
(1858, 486) 784
(1858, 486) 785
(1858, 486) 786
(1858, 486) 787
(1859, 486) 788
(1859, 485) 789
(1859, 485) 790
(1859, 485) 791
(1859, 485) 792
(1859, 485) 793
(1859, 485) 794
(1859, 485) 795
(1859, 485) 796
(1852, 485) 797
(1846, 485) 798
(1841, 486) 799
(1837, 487) 800
(1833, 487) 801
(1829, 488) 802
(1826, 489) 803
(1822, 489) 804
(1819, 490) 805
(1313, 478) 764
(1313, 477) 765
(1314, 477) 766
(1314, 477) 767
(1315, 477) 768
(1315, 477) 769
(1309, 477) 770
(1304, 477) 771
(1299, 477) 772
(1295, 477) 773
(1288, 476) 774
(1282, 476) 775
(1278, 475) 776
(1276, 474) 777
(1274, 474) 778
(1274, 473) 779
(1276, 472) 780
(1279, 472) 781
(1281, 471) 782
(1284, 470) 783
(1288, 469) 784
(1297, 468) 785
(1309, 468) 786
(1320, 468) 787
(1333, 468) 788
(1347, 467) 789
(1363, 467) 790
(1376, 467) 791
(1380, 467) 792
(1384, 468) 793
(1389, 468) 794
(1393, 468) 795
(1397, 468) 796
(1401, 468) 797
(1404, 469) 798
(1406, 469) 799
(1408, 470) 800
(1414, 470) 801
(1419, 471) 802
(1429, 471) 803
(1438, 472) 804
(1446, 472) 805
(1459, 473) 806
(1470, 474) 807
(1481, 475) 808
(1490, 476) 809
(1498, 477) 810
(1506, 478) 811
(1513, 478) 812
(1519, 479) 813
(1524, 480) 814
(1535, 481) 815
(1537, 481) 816
(1539, 481) 817
(1541, 481) 818
(1542, 481) 819
(1543, 482) 820
(1544, 483) 821
(1544, 483) 822
(1549, 483) 823
(1550, 484) 824
(1554, 484) 825
(1556, 484) 826
(1556, 484) 827
(1558, 485) 828
(1558, 486) 829
(1556, 486) 830
(1555, 487) 831
(1553, 488) 832
(1553, 488) 833
(1553, 488) 834
(1550, 487) 835
(1548, 487) 836
(1548, 486) 837
(1547, 486) 838
(1547, 485) 839
(1548, 484) 840
(1548, 484) 841
(1551, 483) 842
(1552, 481) 843
(1553, 480) 844
(1553, 479) 845
(1551, 477) 846
(1549, 476) 847
(1548, 474) 848
(1547, 474) 849
(1547, 473) 850
(1549, 473) 851
(1551, 473) 852
(1554, 472) 853
(1556, 472) 854
(1559, 472) 855
(1561, 472) 856
(1563, 472) 857
(1566, 472) 858
(624, 450) 779
(623, 450) 780
(621, 450) 781
(619, 450) 782
(618, 451) 783
(616, 451) 784
(616, 451) 785
(615, 452) 786
(614, 452) 787
(613, 452) 788
(612, 453) 789
(610, 453) 790
(609, 453) 791
(609, 453) 792
(610, 454) 793
(612, 454) 794
(614, 455) 795
(617, 454) 796
(619, 454) 797
(621, 453) 798
(622, 453) 799
(622, 453) 800
(622, 452) 801
(622, 452) 802
(622, 452) 803
(623, 452) 804
(624, 451) 805
(625, 451) 806
(625, 450) 807
(626, 450) 808
(626, 450) 809
(626, 449) 810
(626, 449) 811
(626, 448) 812
(627, 448) 813
(626, 448) 814
(621, 448) 815
(615, 448) 816
(608, 448) 817
(602, 447) 818
(596, 447) 819
(591, 447) 820
(585, 448) 821
(577, 448) 822
(571, 448) 823
(563, 447) 824
(556, 446) 825
(550, 446) 826
(547, 446) 827
(544, 446) 828
(544, 446) 829
(545, 447) 830
(545, 447) 831
(545, 447) 832
(545, 447) 833
(545, 447) 834
(545, 447) 835
(545, 447) 836
(546, 447) 837
(546, 447) 838
(546, 447) 839
(546, 447) 840
(551, 446) 841
(555, 446) 842
(559, 445) 843
(567, 444) 844
(574, 444) 845
(581, 444) 846
(587, 443) 847
(593, 443) 848
(598, 442) 849
(603, 442) 850
(608, 441) 851
(613, 441) 852
(619, 441) 853
(624, 441) 854
(628, 440) 855
(633, 440) 856
(636, 440) 857
(640, 440) 858
(643, 440) 859
(645, 439) 860
(648, 439) 861
(650, 439) 862
(652, 439) 863
(654, 439) 864
(655, 438) 865
(657, 438) 866
(658, 438) 867
(659, 438) 868
(660, 438) 869
(661, 436) 870
(662, 435) 871
(663, 433) 872
(666, 431) 873
(666, 429) 874
(666, 428) 875
(663, 427) 876
(660, 425) 877
(658, 424) 878
(656, 423) 879
(654, 422) 880
(653, 421) 881
(651, 420) 882
(650, 418) 883
(649, 417) 884
(648, 416) 885
(647, 415) 886
(639, 415) 887
(633, 415) 888
(627, 415) 889
(622, 415) 890
(617, 415) 891
(613, 415) 892
(609, 415) 893
(605, 416) 894
(602, 416) 895
(602, 416) 896
(595, 417) 897
(588, 418) 898
(579, 420) 899
(572, 421) 900
(566, 422) 901
(560, 424) 902
(555, 425) 903
(551, 426) 904
(547, 427) 905
(543, 428) 906
(540, 430) 907
(537, 431) 908
(534, 432) 909
(534, 433) 910
(537, 434) 911
(544, 436) 912
(550, 438) 913
(555, 440) 914
(558, 442) 915
(1287, 433) 796
(1287, 433) 797
(1287, 433) 798
(1287, 433) 799
(1287, 433) 800
(1283, 434) 801
(1279, 434) 802
(1276, 435) 803
(1273, 435) 804
(1270, 436) 805
(1270, 436) 806
(1271, 437) 807
(1271, 438) 808
(1271, 439) 809
(1271, 440) 810
(1271, 441) 811
(1271, 442) 812
(1271, 442) 813
(1271, 443) 814
(1273, 443) 815
(1276, 442) 816
(1276, 441) 817
(1275, 441) 818
(1275, 440) 819
(1275, 440) 820
(1276, 440) 821
(1277, 439) 822
(1277, 438) 823
(1283, 438) 824
(1288, 438) 825
(1292, 438) 826
(1296, 438) 827
(1301, 438) 828
(1305, 438) 829
(1309, 438) 830
(1313, 438) 831
(1316, 438) 832
(1319, 438) 833
(1322, 438) 834
(1324, 438) 835
(1326, 438) 836
(1328, 438) 837
(1330, 438) 838
(1332, 438) 839
(1333, 438) 840
(1334, 438) 841
(1341, 438) 842
(1348, 439) 843
(1354, 439) 844
(1360, 440) 845
(1364, 440) 846
(1369, 440) 847
(1372, 441) 848
(1374, 440) 849
(1374, 439) 850
(1374, 438) 851
(1374, 436) 852
(1368, 435) 853
(1361, 435) 854
(1355, 434) 855
(1350, 433) 856
(1350, 431) 857
(1348, 429) 858
(1344, 427) 859
(1340, 426) 860
(146, 503) 815
(143, 502) 816
(140, 502) 817
(135, 502) 818
(133, 502) 819
(128, 502) 820
(123, 502) 821
(116, 502) 822
(110, 502) 823
(98, 502) 824
(87, 502) 825
(77, 502) 826
(67, 502) 827
(62, 502) 828
(58, 502) 829
(55, 502) 830
(52, 502) 831
(49, 502) 832
(47, 502) 833
(45, 503) 834
(44, 503) 835
(42, 503) 836
(41, 503) 837
(40, 504) 838
(39, 504) 839
(37, 505) 840
(35, 505) 841
(33, 506) 842
(31, 507) 843
(27, 507) 844
(23, 508) 845
(19, 509) 846
(14, 509) 847
(10, 510) 848
(10, 510) 849
(1930, 511) 850
(1925, 511) 851
(1920, 512) 852
(1916, 512) 853
(1913, 512) 854
(1910, 513) 855
(1907, 513) 856
(1904, 513) 857
(1902, 514) 858
(1900, 514) 859
(1898, 515) 860
(1896, 515) 861
(1894, 515) 862
(1887, 515) 863
(1880, 514) 864
(1874, 514) 865
(1869, 514) 866
(1864, 514) 867
(1859, 513) 868
(1855, 513) 869
(1852, 513) 870
(1848, 513) 871
(1846, 513) 872
(1843, 512) 873
(1841, 512) 874
(1839, 512) 875
(1837, 512) 876
(1835, 511) 877
(1833, 511) 878
(1832, 511) 879
(1831, 511) 880
(1830, 511) 881
(1829, 510) 882
(1828, 510) 883
(1821, 510) 884
(1815, 510) 885
(1811, 509) 886
(1807, 509) 887
(1803, 508) 888
(1800, 508) 889
(1798, 507) 890
(1795, 507) 891
(1792, 506) 892
(1789, 506) 893
(1786, 505) 894
(1781, 505) 895
(564, 399) 843
(559, 399) 844
(553, 399) 845
(549, 398) 846
(543, 399) 847
(537, 400) 848
(531, 400) 849
(526, 400) 850
(521, 401) 851
(516, 401) 852
(511, 402) 853
(507, 402) 854
(503, 403) 855
(499, 403) 856
(490, 404) 857
(482, 406) 858
(474, 407) 859
(465, 408) 860
(458, 409) 861
(450, 410) 862
(440, 412) 863
(430, 413) 864
(421, 414) 865
(413, 414) 866
(406, 415) 867
(398, 416) 868
(390, 417) 869
(384, 417) 870
(378, 418) 871
(373, 419) 872
(368, 419) 873
(364, 420) 874
(363, 421) 875
(361, 422) 876
(359, 422) 877
(358, 423) 878
(357, 423) 879
(356, 424) 880
(355, 425) 881
(354, 425) 882
(346, 426) 883
(340, 426) 884
(334, 427) 885
(330, 427) 886
(326, 428) 887
(323, 428) 888
(321, 429) 889
(320, 430) 890
(320, 432) 891
(320, 433) 892
(321, 435) 893
(327, 436) 894
(331, 437) 895
(335, 437) 896
(339, 438) 897
(342, 439) 898
(345, 439) 899
(348, 440) 900
(354, 441) 901
(360, 442) 902
(363, 442) 903
(364, 443) 904
(365, 444) 905
(365, 444) 906
(367, 445) 907
(365, 445) 908
(362, 446) 909
(359, 446) 910
(355, 447) 911
(352, 447) 912
(349, 447) 913
(340, 448) 914
(334, 448) 915
(328, 448) 916
(325, 448) 917
(321, 449) 918
(314, 449) 919
(305, 449) 920
(297, 449) 921
(288, 449) 922
(280, 450) 923
(273, 450) 924
(266, 450) 925
(259, 450) 926
(249, 451) 927
(238, 452) 928
(228, 454) 929
(219, 455) 930
(209, 456) 931
(200, 457) 932
(191, 458) 933
(183, 458) 934
(1742, 501) 843
(1743, 500) 844
(1745, 500) 845
(1747, 500) 846
(1748, 499) 847
(1749, 499) 848
(1750, 499) 849
(1752, 499) 850
(1757, 498) 851
(1768, 499) 852
(1778, 499) 853
(1787, 499) 854
(1795, 499) 855
(1803, 499) 856
(1810, 500) 857
(1816, 500) 858
(1816, 500) 859
(1816, 499) 860
(1818, 499) 861
(1828, 499) 862
(1836, 499) 863
(1844, 499) 864
(1845, 499) 865
(1846, 499) 866
(1850, 499) 867
(1854, 499) 868
(1859, 498) 869
(1863, 498) 870
(1864, 497) 871
(1865, 497) 872
(1866, 496) 873
(1872, 496) 874
(1876, 496) 875
(1880, 497) 876
(1884, 497) 877
(1888, 497) 878
(1892, 498) 879
(1896, 498) 880
(1899, 498) 881
(1902, 499) 882
(1902, 498) 883
(1904, 498) 884
(1909, 499) 885
(1920, 499) 886
(1920, 499) 887
(14, 501) 888
(18, 501) 889
(27, 502) 890
(34, 503) 891
(41, 504) 892
(47, 505) 893
(51, 506) 894
(56, 505) 895
(61, 505) 896
(64, 505) 897
(68, 504) 898
(71, 504) 899
(74, 504) 900
(76, 503) 901
(77, 503) 902
(73, 503) 903
(65, 503) 904
(57, 503) 905
(50, 503) 906
(44, 503) 907
(35, 503) 908
(28, 503) 909
(21, 502) 910
(15, 502) 911
(15, 502) 912
(1931, 502) 913
(1925, 502) 914
(1920, 502) 915
(1916, 501) 916
(1912, 501) 917
(1909, 501) 918
(1908, 502) 919
(1908, 502) 920
(1905, 502) 921
(1903, 503) 922
(1901, 503) 923
(1900, 503) 924
(1899, 503) 925
(1898, 503) 926
(1897, 503) 927
(1897, 503) 928
(1896, 503) 929
(1895, 503) 930
(1894, 503) 931
(1892, 503) 932
(1891, 503) 933
(1891, 503) 934
