(840, 522) 20
(840, 522) 21
(837, 522) 22
(837, 522) 23
(834, 522) 24
(830, 522) 25
(832, 521) 26
(831, 521) 27
(830, 520) 28
(822, 520) 29
(820, 520) 30
(816, 519) 31
(809, 518) 32
(800, 518) 33
(792, 517) 34
(787, 516) 35
(782, 515) 36
(781, 516) 37
(779, 516) 38
(776, 516) 39
(770, 515) 40
(770, 515) 41
(771, 515) 42
(771, 515) 43
(773, 516) 44
(775, 516) 45
(777, 516) 46
(779, 516) 47
(781, 516) 48
(783, 516) 49
(786, 516) 50
(789, 516) 51
(792, 517) 52
(795, 517) 53
(797, 517) 54
(798, 518) 55
(795, 518) 56
(797, 518) 57
(798, 518) 58
(800, 518) 59
(800, 518) 60
(801, 519) 61
(801, 519) 62
(800, 519) 63
(799, 519) 64
(798, 519) 65
(796, 520) 66
(795, 520) 67
(793, 520) 68
(787, 520) 69
(783, 521) 70
(779, 521) 71
(775, 521) 72
(771, 522) 73
(767, 522) 74
(764, 523) 75
(765, 523) 76
(765, 523) 77
(761, 523) 78
(756, 522) 79
(752, 522) 80
(745, 521) 81
(737, 521) 82
(731, 521) 83
(726, 521) 84
(720, 521) 85
(719, 521) 86
(718, 520) 87
(717, 520) 88
(716, 520) 89
(716, 519) 90
(718, 519) 91
(720, 518) 92
(727, 518) 93
(735, 519) 94
(742, 519) 95
(748, 519) 96
(757, 518) 97
(766, 517) 98
(770, 518) 99
(773, 518) 100
(777, 518) 101
(780, 519) 102
(780, 519) 103
(779, 518) 104
(778, 519) 105
(775, 518) 106
(775, 519) 107
(775, 519) 108
(774, 519) 109
(772, 519) 110
(772, 520) 111
(773, 520) 112
(775, 521) 113
(776, 522) 114
(778, 523) 115
(780, 523) 116
(782, 524) 117
(785, 525) 118
(784, 525) 119
(784, 525) 120
(783, 525) 121
(784, 526) 122
(789, 526) 123
(795, 527) 124
(801, 527) 125
(810, 527) 126
(819, 527) 127
(826, 528) 128
(833, 528) 129
(839, 528) 130
(844, 529) 131
(849, 529) 132
(849, 530) 133
(848, 530) 134
(848, 531) 135
(845, 531) 136
(842, 532) 137
(839, 532) 138
(837, 532) 139
(836, 533) 140
(835, 533) 141
(834, 533) 142
(833, 534) 143
(832, 534) 144
(832, 534) 145
(832, 534) 146
(832, 535) 147
(831, 535) 148
(828, 535) 149
(826, 535) 150
(823, 534) 151
(822, 534) 152
(820, 534) 153
(818, 534) 154
(817, 533) 155
(815, 533) 156
(813, 533) 157
(813, 533) 158
(817, 533) 159
(822, 533) 160
(828, 533) 161
(834, 532) 162
(839, 532) 163
(838, 533) 164
(838, 532) 165
(845, 532) 166
(852, 531) 167
(857, 531) 168
(856, 531) 169
(851, 530) 170
(848, 530) 171
(844, 530) 172
(841, 530) 173
(835, 530) 174
(828, 529) 175
(822, 529) 176
(822, 529) 177
(824, 529) 178
(826, 529) 179
(831, 528) 180
(836, 528) 181
(845, 528) 182
(852, 527) 183
(862, 527) 184
(873, 527) 185
(881, 526) 186
(889, 526) 187
(894, 526) 188
(899, 525) 189
(904, 525) 190
(906, 524) 191
(907, 524) 192
(911, 524) 193
(918, 523) 194
(924, 523) 195
(930, 523) 196
(935, 522) 197
(939, 522) 198
(943, 521) 199
(947, 521) 200
(950, 521) 201
(953, 520) 202
(956, 520) 203
(958, 520) 204
(959, 520) 205
(964, 520) 206
(971, 519) 207
(976, 519) 208
(982, 519) 209
(988, 519) 210
(992, 520) 211
(996, 519) 212
(999, 519) 213
(1003, 519) 214
(1006, 519) 215
(1009, 519) 216
(1011, 518) 217
(1014, 518) 218
(1016, 518) 219
(1017, 518) 220
(1019, 518) 221
(1021, 517) 222
(1022, 517) 223
(1023, 517) 224
(1027, 516) 225
(1030, 515) 226
(1032, 514) 227
(1035, 513) 228
(1038, 512) 229
(1046, 512) 230
(1051, 511) 231
(1054, 511) 232
(1057, 510) 233
(1062, 510) 234
(1067, 510) 235
(1074, 510) 236
(1081, 510) 237
(1086, 510) 238
(1091, 510) 239
(1090, 509) 240
(1090, 508) 241
(1098, 507) 242
(1111, 505) 243
(1125, 503) 244
(1139, 502) 245
(1152, 500) 246
(1165, 498) 247
(1175, 497) 248
(1185, 496) 249
(1194, 495) 250
(1203, 494) 251
(1212, 493) 252
(1220, 492) 253
(1228, 491) 254
(1234, 490) 255
(1240, 489) 256
(1246, 488) 257
(1251, 487) 258
(1255, 486) 259
(1259, 485) 260
(1267, 485) 261
(1274, 486) 262
(1280, 486) 263
(1286, 486) 264
(1291, 486) 265
(1295, 486) 266
(1307, 486) 267
(1313, 487) 268
(1325, 487) 269
(1335, 486) 270
(1344, 486) 271
(1356, 487) 272
(1371, 487) 273
(1385, 486) 274
(1398, 485) 275
(1416, 484) 276
(1432, 482) 277
(1446, 481) 278
(1459, 480) 279
(1471, 479) 280
(1481, 477) 281
(1490, 476) 282
(1499, 475) 283
(1507, 474) 284
(1513, 473) 285
(1527, 472) 286
(1533, 472) 287
(1539, 471) 288
(1550, 471) 289
(1561, 470) 290
(1570, 469) 291
(1579, 468) 292
(1587, 467) 293
(1598, 466) 294
(1607, 465) 295
(1611, 465) 296
(1613, 465) 297
(1616, 466) 298
(1618, 466) 299
(1620, 466) 300
(1623, 465) 301
(1625, 465) 302
(1623, 466) 303
(1624, 465) 304
(1626, 464) 305
(1625, 464) 306
(1627, 463) 307
(1628, 462) 308
(1631, 461) 309
(1634, 460) 310
(1638, 460) 311
(1641, 460) 312
(1644, 459) 313
(1645, 458) 314
(1646, 457) 315
(1647, 457) 316
(1647, 457) 317
(1648, 456) 318
(1647, 456) 319
(1646, 455) 320
(1644, 455) 321
(1642, 454) 322
(1644, 453) 323
(1647, 451) 324
(1649, 449) 325
(1650, 448) 326
(1652, 447) 327
(1657, 446) 328
(1657, 444) 329
(1657, 442) 330
(1658, 441) 331
(1661, 439) 332
(1662, 438) 333
(1662, 437) 334
(1663, 436) 335
(1663, 435) 336
(1664, 434) 337
(1664, 433) 338
(1664, 432) 339
(1665, 432) 340
(1665, 431) 341
(1661, 429) 342
(1658, 427) 343
(1654, 425) 344
(1657, 423) 345
(1660, 421) 346
(1662, 420) 347
(1661, 420) 348
(1660, 419) 349
(1660, 420) 350
(1659, 420) 351
(1655, 420) 352
(1650, 419) 353
(1644, 419) 354
(1640, 418) 355
(1636, 417) 356
(1192, 442) 77
(1198, 441) 78
(1206, 441) 79
(1215, 441) 80
(1221, 441) 81
(1228, 441) 82
(1235, 441) 83
(1237, 442) 84
(1238, 442) 85
(1240, 443) 86
(1242, 443) 87
(1243, 444) 88
(1244, 444) 89
(1245, 445) 90
(1246, 445) 91
(1247, 445) 92
(1248, 446) 93
(1249, 446) 94
(1249, 447) 95
(1250, 447) 96
(1250, 447) 97
(1251, 448) 98
(1251, 448) 99
(1252, 449) 100
(1252, 449) 101
(1252, 449) 102
(1245, 449) 103
(1245, 450) 104
(1247, 450) 105
(1251, 450) 106
(1253, 451) 107
(1254, 451) 108
(1261, 451) 109
(1263, 452) 110
(1264, 453) 111
(1265, 454) 112
(1267, 455) 113
(1268, 455) 114
(1269, 456) 115
(1270, 457) 116
(1271, 458) 117
(1272, 458) 118
(1273, 459) 119
(1274, 460) 120
(1275, 460) 121
(1275, 461) 122
(1276, 462) 123
(1276, 462) 124
(1271, 463) 125
(1268, 463) 126
(1265, 463) 127
(1258, 464) 128
(1253, 464) 129
(1248, 465) 130
(1241, 466) 131
(1236, 467) 132
(1224, 468) 133
(1210, 468) 134
(1199, 468) 135
(1187, 469) 136
(1178, 469) 137
(1168, 470) 138
(1153, 471) 139
(1140, 471) 140
(1128, 472) 141
(1118, 473) 142
(1109, 473) 143
(1099, 474) 144
(1090, 475) 145
(1083, 476) 146
(1076, 477) 147
(1070, 478) 148
(1064, 478) 149
(1060, 479) 150
(1055, 480) 151
(1051, 481) 152
(1048, 481) 153
(1045, 482) 154
(1042, 482) 155
(1039, 483) 156
(1037, 483) 157
(1036, 483) 158
(1035, 483) 159
(1034, 483) 160
(1033, 483) 161
(1032, 484) 162
(1032, 484) 163
(1032, 484) 164
(1034, 484) 165
(1036, 485) 166
(1038, 485) 167
(1040, 486) 168
(1040, 487) 169
(1040, 487) 170
(1038, 487) 171
(1037, 488) 172
(1035, 488) 173
(1033, 489) 174
(1031, 489) 175
(1033, 489) 176
(1033, 490) 177
(1033, 490) 178
(1032, 490) 179
(1032, 491) 180
(1032, 491) 181
(1032, 491) 182
(1031, 491) 183
(1031, 492) 184
(1031, 492) 185
(1031, 492) 186
(1031, 492) 187
(1031, 493) 188
(1030, 493) 189
(1030, 493) 190
(1030, 493) 191
(1030, 493) 192
(1597, 393) 77
(1589, 392) 78
(1579, 392) 79
(1573, 392) 80
(1569, 393) 81
(1566, 393) 82
(1562, 394) 83
(1558, 395) 84
(1555, 395) 85
(1552, 396) 86
(1549, 397) 87
(1546, 398) 88
(1544, 399) 89
(1542, 400) 90
(1540, 401) 91
(1538, 401) 92
(1536, 402) 93
(1535, 403) 94
(1534, 404) 95
(1533, 404) 96
(1525, 405) 97
(1518, 406) 98
(1511, 407) 99
(1506, 408) 100
(1500, 409) 101
(1496, 410) 102
(1492, 411) 103
(1488, 411) 104
(1484, 412) 105
(1481, 413) 106
(1479, 414) 107
(1476, 414) 108
(1474, 415) 109
(1472, 415) 110
(1470, 416) 111
(1469, 416) 112
(1467, 416) 113
(1466, 416) 114
(1465, 417) 115
(1464, 417) 116
(1463, 417) 117
(1462, 417) 118
(1461, 417) 119
(1460, 418) 120
(1460, 419) 121
(1460, 419) 122
(1460, 420) 123
(1461, 421) 124
(1463, 422) 125
(1466, 422) 126
(1466, 423) 127
(1467, 424) 128
(1467, 424) 129
(1471, 424) 130
(1475, 424) 131
(1479, 424) 132
(1482, 423) 133
(1494, 423) 134
(1506, 423) 135
(1517, 422) 136
(1532, 421) 137
(1544, 421) 138
(1555, 421) 139
(1565, 420) 140
(1573, 420) 141
(1580, 419) 142
(1587, 419) 143
(1592, 418) 144
(1597, 418) 145
(1602, 418) 146
(1606, 417) 147
(1610, 417) 148
(1615, 416) 149
(1620, 415) 150
(1627, 414) 151
(1633, 413) 152
(1635, 412) 153
(1637, 412) 154
(1639, 411) 155
(1641, 411) 156
(1641, 410) 157
(1641, 411) 158
(1641, 411) 159
(1641, 412) 160
(1640, 411) 161
(1635, 410) 162
(1631, 408) 163
(1627, 408) 164
(1621, 408) 165
(1621, 407) 166
(1624, 407) 167
(1627, 406) 168
(1627, 406) 169
(1627, 405) 170
(1629, 404) 171
(1631, 404) 172
(1631, 404) 173
(1635, 404) 174
(1641, 403) 175
(1647, 402) 176
(1648, 401) 177
(1647, 401) 178
(1645, 400) 179
(1644, 400) 180
(1643, 399) 181
(1644, 398) 182
(1644, 397) 183
(1642, 397) 184
(1640, 396) 185
(1638, 395) 186
(1636, 393) 187
(1635, 392) 188
(1636, 391) 189
(1637, 390) 190
(1633, 389) 191
(1629, 388) 192
(1625, 387) 193
(1624, 387) 194
(1620, 387) 195
(1609, 386) 196
(1600, 385) 197
(1591, 385) 198
(1583, 384) 199
(1576, 383) 200
(1570, 382) 201
(1564, 382) 202
(1559, 381) 203
(1554, 381) 204
(1550, 380) 205
(1546, 379) 206
(1543, 379) 207
(1540, 378) 208
(1537, 378) 209
(1534, 377) 210
(1532, 376) 211
(1530, 376) 212
(1528, 375) 213
(1527, 375) 214
(1525, 374) 215
(1521, 374) 216
(1515, 374) 217
(1509, 375) 218
(1502, 375) 219
(1493, 376) 220
(1486, 376) 221
(1479, 377) 222
(1473, 377) 223
(1467, 378) 224
(1462, 379) 225
(1458, 379) 226
(1448, 381) 227
(1439, 383) 228
(1430, 384) 229
(1428, 386) 230
(1425, 387) 231
(1423, 389) 232
(1421, 390) 233
(1419, 392) 234
(1418, 393) 235
(1416, 394) 236
(1415, 396) 237
(1414, 397) 238
(1413, 398) 239
(1407, 400) 240
(1407, 403) 241
(1406, 405) 242
(1405, 408) 243
(1404, 410) 244
(1404, 412) 245
(1410, 415) 246
(1415, 418) 247
(1420, 421) 248
(1425, 424) 249
(1430, 427) 250
(1435, 430) 251
(1439, 433) 252
(1439, 435) 253
(1439, 437) 254
(1439, 439) 255
(1439, 442) 256
(1439, 444) 257
(1442, 446) 258
(1444, 447) 259
(1448, 448) 260
(1452, 450) 261
(1456, 451) 262
(1457, 453) 263
(1456, 454) 264
(1452, 455) 265
(1449, 457) 266
(1446, 459) 267
(1443, 460) 268
(1440, 462) 269
(1432, 463) 270
(1425, 465) 271
(1418, 466) 272
(1412, 468) 273
(1406, 469) 274
(1401, 470) 275
(1401, 471) 276
(1401, 472) 277
(1400, 473) 278
(1400, 473) 279
(1400, 474) 280
(1400, 474) 281
(1399, 475) 282
(1399, 476) 283
(1399, 476) 284
(1399, 477) 285
(1404, 478) 286
(1408, 479) 287
(1412, 480) 288
(1416, 481) 289
(1420, 482) 290
(1425, 481) 291
(1432, 481) 292
(1437, 481) 293
(1444, 481) 294
(390, 595) 78
(384, 594) 79
(380, 594) 80
(372, 593) 81
(361, 592) 82
(352, 591) 83
(344, 590) 84
(336, 590) 85
(329, 589) 86
(323, 588) 87
(318, 587) 88
(313, 586) 89
(308, 585) 90
(303, 584) 91
(300, 582) 92
(297, 581) 93
(294, 579) 94
(292, 577) 95
(292, 576) 96
(295, 574) 97
(300, 572) 98
(304, 571) 99
(308, 569) 100
(311, 567) 101
(314, 565) 102
(314, 565) 103
(312, 563) 104
(309, 562) 105
(305, 561) 106
(302, 560) 107
(293, 559) 108
(284, 557) 109
(277, 556) 110
(270, 553) 111
(265, 552) 112
(265, 550) 113
(266, 549) 114
(261, 548) 115
(257, 548) 116
(253, 548) 117
(249, 547) 118
(245, 547) 119
(241, 547) 120
(236, 546) 121
(233, 546) 122
(229, 546) 123
(226, 546) 124
(224, 546) 125
(221, 545) 126
(219, 544) 127
(219, 543) 128
(213, 542) 129
(213, 542) 130
(212, 541) 131
(209, 541) 132
(199, 541) 133
(195, 540) 134
(191, 540) 135
(187, 539) 136
(191, 539) 137
(195, 539) 138
(199, 538) 139
(203, 538) 140
(207, 537) 141
(213, 537) 142
(218, 536) 143
(222, 536) 144
(227, 535) 145
(230, 534) 146
(233, 534) 147
(235, 533) 148
(237, 533) 149
(239, 532) 150
(241, 532) 151
(242, 531) 152
(244, 531) 153
(245, 530) 154
(250, 529) 155
(262, 527) 156
(272, 526) 157
(281, 524) 158
(290, 523) 159
(297, 521) 160
(304, 520) 161
(310, 519) 162
(316, 517) 163
(321, 516) 164
(329, 516) 165
(336, 516) 166
(343, 516) 167
(348, 516) 168
(353, 517) 169
(358, 517) 170
(364, 517) 171
(369, 517) 172
(374, 517) 173
(379, 518) 174
(384, 518) 175
(389, 518) 176
(393, 518) 177
(397, 518) 178
(399, 518) 179
(401, 518) 180
(403, 519) 181
(406, 519) 182
(407, 519) 183
(409, 519) 184
(410, 519) 185
(414, 519) 186
(417, 519) 187
(419, 519) 188
(419, 519) 189
(421, 519) 190
(426, 519) 191
(427, 519) 192
(428, 519) 193
(429, 519) 194
(431, 519) 195
(431, 519) 196
(431, 519) 197
(437, 519) 198
(444, 519) 199
(456, 520) 200
(466, 520) 201
(475, 521) 202
(484, 521) 203
(492, 521) 204
(499, 522) 205
(505, 521) 206
(510, 521) 207
(514, 521) 208
(518, 520) 209
(522, 520) 210
(525, 520) 211
(528, 519) 212
(530, 519) 213
(533, 519) 214
(535, 518) 215
(537, 518) 216
(539, 518) 217
(540, 518) 218
(541, 517) 219
(543, 517) 220
(544, 517) 221
(544, 516) 222
(541, 517) 223
(538, 518) 224
(535, 518) 225
(532, 519) 226
(529, 520) 227
(527, 520) 228
(525, 521) 229
(523, 522) 230
(516, 522) 231
(506, 522) 232
(498, 522) 233
(490, 522) 234
(483, 522) 235
(477, 522) 236
(471, 522) 237
(466, 522) 238
(461, 522) 239
(457, 522) 240
(453, 522) 241
(450, 522) 242
(447, 522) 243
(444, 522) 244
(442, 522) 245
(440, 522) 246
(438, 522) 247
(436, 522) 248
(434, 522) 249
(433, 522) 250
(423, 522) 251
(415, 522) 252
(407, 522) 253
(400, 522) 254
(394, 522) 255
(388, 522) 256
(383, 522) 257
(380, 520) 258
(371, 519) 259
(363, 518) 260
(354, 518) 261
(346, 517) 262
(340, 515) 263
(333, 514) 264
(326, 513) 265
(312, 511) 266
(299, 510) 267
(287, 509) 268
(275, 508) 269
(258, 506) 270
(246, 504) 271
(235, 503) 272
(225, 502) 273
(215, 500) 274
(205, 498) 275
(196, 497) 276
(188, 495) 277
(181, 494) 278
(174, 492) 279
(169, 491) 280
(163, 489) 281
(158, 488) 282
(154, 486) 283
(150, 485) 284
(147, 484) 285
(144, 482) 286
(141, 481) 287
(138, 480) 288
(135, 479) 289
(126, 479) 290
(118, 479) 291
(110, 479) 292
(103, 478) 293
(95, 478) 294
(84, 476) 295
(76, 475) 296
(69, 473) 297
(62, 472) 298
(60, 471) 299
(60, 471) 300
(60, 470) 301
(60, 470) 302
(57, 470) 303
(56, 470) 304
(55, 470) 305
(55, 469) 306
(58, 469) 307
(56, 469) 308
(51, 469) 309
(53, 470) 310
(57, 470) 311
(67, 470) 312
(76, 471) 313
(85, 471) 314
(92, 471) 315
(99, 471) 316
(104, 471) 317
(104, 470) 318
(104, 470) 319
(104, 470) 320
(106, 469) 321
(108, 469) 322
(109, 469) 323
(401, 501) 200
(398, 500) 201
(395, 500) 202
(387, 500) 203
(379, 501) 204
(374, 501) 205
(369, 501) 206
(363, 502) 207
(358, 502) 208
(354, 502) 209
(354, 503) 210
(354, 503) 211
(353, 504) 212
(353, 504) 213
(356, 505) 214
(358, 507) 215
(360, 508) 216
(362, 508) 217
(364, 509) 218
(366, 510) 219
(368, 511) 220
(370, 511) 221
(371, 512) 222
(373, 513) 223
(373, 513) 224
(375, 513) 225
(377, 513) 226
(379, 514) 227
(381, 514) 228
(382, 514) 229
(384, 515) 230
(385, 515) 231
(385, 515) 232
(380, 515) 233
(374, 516) 234
(367, 516) 235
(360, 516) 236
(354, 516) 237
(349, 516) 238
(344, 516) 239
(339, 516) 240
(334, 516) 241
(332, 516) 242
(328, 516) 243
(319, 516) 244
(316, 516) 245
(313, 516) 246
(310, 517) 247
(307, 517) 248
(301, 517) 249
(288, 517) 250
(273, 517) 251
(260, 517) 252
(248, 517) 253
(238, 517) 254
(228, 517) 255
(214, 516) 256
(202, 515) 257
(193, 514) 258
(185, 514) 259
(178, 513) 260
(172, 512) 261
(166, 511) 262
(161, 510) 263
(157, 509) 264
(153, 508) 265
(150, 508) 266
(146, 507) 267
(144, 506) 268
(141, 505) 269
(139, 504) 270
(137, 503) 271
(135, 503) 272
(133, 502) 273
(132, 501) 274
(131, 500) 275
(137, 500) 276
(144, 499) 277
(149, 498) 278
(155, 497) 279
(159, 496) 280
(163, 495) 281
(167, 494) 282
(171, 493) 283
(174, 492) 284
(176, 492) 285
(178, 492) 286
(179, 492) 287
(180, 492) 288
(1447, 485) 323
(1447, 485) 324
(1442, 484) 325
(1437, 484) 326
(1434, 484) 327
(1429, 485) 328
(1425, 485) 329
(1421, 485) 330
(1418, 485) 331
(1415, 485) 332
(1412, 485) 333
(1409, 485) 334
(1407, 485) 335
(1405, 485) 336
(1403, 485) 337
(1401, 485) 338
(1400, 486) 339
(1399, 486) 340
(1397, 486) 341
(1396, 486) 342
(1395, 486) 343
(1394, 486) 344
(1394, 486) 345
(1390, 486) 346
(1386, 487) 347
(1383, 487) 348
(1380, 487) 349
(1378, 488) 350
(1376, 488) 351
(1377, 488) 352
(1380, 489) 353
(1381, 489) 354
(1383, 490) 355
(1385, 490) 356
(1387, 491) 357
(1389, 491) 358
(1390, 492) 359
(1392, 492) 360
(1393, 492) 361
(1394, 493) 362
(1395, 493) 363
(1396, 494) 364
(1397, 494) 365
(1398, 494) 366
(1399, 495) 367
(1406, 495) 368
(1413, 495) 369
(1419, 494) 370
(1424, 494) 371
(1429, 494) 372
(1433, 494) 373
(1437, 494) 374
(1441, 494) 375
(1444, 494) 376
(1447, 494) 377
(1449, 494) 378
(1452, 493) 379
(1454, 493) 380
(1462, 493) 381
(1469, 494) 382
(1093, 520) 352
(1093, 521) 353
(1092, 521) 354
(1090, 521) 355
(1089, 521) 356
(1088, 522) 357
(1086, 522) 358
(1089, 523) 359
(1092, 524) 360
(1090, 524) 361
(1089, 525) 362
(1088, 525) 363
(1087, 526) 364
(1088, 526) 365
(1089, 526) 366
(1090, 526) 367
(1089, 526) 368
(1088, 526) 369
(1087, 527) 370
(1086, 527) 371
(1085, 527) 372
(1086, 528) 373
(1087, 529) 374
(1089, 529) 375
(1090, 529) 376
(1090, 529) 377
(1095, 530) 378
(1101, 531) 379
(1105, 531) 380
(1105, 531) 381
(1104, 531) 382
(1107, 532) 383
(1112, 533) 384
(1117, 534) 385
(1121, 535) 386
(1124, 535) 387
(1127, 536) 388
(1130, 537) 389
(1133, 538) 390
(1135, 538) 391
(1137, 539) 392
(1139, 539) 393
(1141, 540) 394
(1143, 540) 395
(1144, 541) 396
(1146, 541) 397
(1145, 542) 398
(1145, 542) 399
(1145, 542) 400
(1146, 543) 401
(1146, 543) 402
(1144, 543) 403
(1141, 543) 404
(1138, 542) 405
(1129, 543) 406
(1122, 544) 407
(1111, 544) 408
(1102, 544) 409
(1094, 545) 410
(1095, 545) 411
(1095, 545) 412
(1097, 545) 413
(1099, 545) 414
(1100, 545) 415
(1101, 545) 416
(1106, 545) 417
(1111, 545) 418
(1111, 545) 419
(1110, 546) 420
(1110, 546) 421
(1109, 547) 422
(1110, 547) 423
(1113, 547) 424
(1110, 548) 425
(1107, 548) 426
(1104, 547) 427
(1101, 547) 428
(1101, 547) 429
(1101, 547) 430
(1101, 547) 431
(1102, 546) 432
(1101, 547) 433
(1103, 547) 434
(1106, 547) 435
(1109, 547) 436
(1114, 547) 437
(1118, 547) 438
(1121, 547) 439
(1120, 547) 440
(1121, 547) 441
(1121, 546) 442
(1127, 546) 443
(1130, 546) 444
(1130, 546) 445
(1123, 546) 446
(1116, 546) 447
(1110, 546) 448
(1105, 545) 449
(1108, 545) 450
(1113, 544) 451
(1117, 544) 452
(1121, 543) 453
(1124, 543) 454
(1127, 542) 455
(1129, 542) 456
(1129, 541) 457
(1129, 541) 458
(1130, 541) 459
(1130, 541) 460
(1130, 541) 461
(1132, 541) 462
(1132, 541) 463
(1126, 541) 464
(1120, 541) 465
(1116, 541) 466
(1119, 542) 467
(1122, 542) 468
(1125, 542) 469
(1128, 542) 470
(1130, 542) 471
(1132, 542) 472
(1141, 542) 473
(1149, 541) 474
(1157, 541) 475
(1160, 541) 476
(1163, 540) 477
(1165, 540) 478
(1167, 540) 479
(1169, 540) 480
(1169, 539) 481
(1165, 539) 482
(1157, 539) 483
(236, 508) 380
(236, 508) 381
(236, 508) 382
(236, 508) 383
(235, 509) 384
(235, 509) 385
(235, 509) 386
(235, 510) 387
(235, 510) 388
(234, 510) 389
(234, 510) 390
(234, 511) 391
(234, 511) 392
(234, 511) 393
(234, 512) 394
(234, 512) 395
(235, 512) 396
(235, 512) 397
(235, 513) 398
(235, 513) 399
(235, 513) 400
(235, 513) 401
(235, 514) 402
(234, 512) 403
(234, 511) 404
(234, 511) 405
(232, 510) 406
(230, 509) 407
(228, 508) 408
(227, 506) 409
(225, 505) 410
(224, 504) 411
(222, 503) 412
(221, 503) 413
(219, 502) 414
(219, 501) 415
(218, 500) 416
(218, 499) 417
(218, 498) 418
(217, 499) 419
(216, 499) 420
(215, 500) 421
(214, 500) 422
(213, 501) 423
(212, 501) 424
(208, 502) 425
(205, 504) 426
(202, 505) 427
(199, 506) 428
(196, 508) 429
(194, 509) 430
(192, 510) 431
(190, 511) 432
(186, 511) 433
(186, 512) 434
(183, 512) 435
(179, 512) 436
(176, 512) 437
(174, 512) 438
(171, 513) 439
(169, 513) 440
(167, 513) 441
(167, 513) 442
(171, 513) 443
(176, 514) 444
(180, 514) 445
(184, 515) 446
(188, 515) 447
(191, 516) 448
(194, 516) 449
(200, 516) 450
(203, 516) 451
(204, 517) 452
(205, 517) 453
(206, 518) 454
(207, 519) 455
(207, 520) 456
(208, 521) 457
(208, 521) 458
(205, 521) 459
(203, 521) 460
(201, 521) 461
(199, 521) 462
(197, 521) 463
(195, 520) 464
(191, 520) 465
(187, 521) 466
(184, 521) 467
(182, 520) 468
(179, 520) 469
(175, 519) 470
(175, 519) 471
(176, 518) 472
(177, 518) 473
(177, 517) 474
(178, 516) 475
(179, 516) 476
(180, 515) 477
(181, 515) 478
(182, 514) 479
(183, 514) 480
(183, 513) 481
(186, 514) 482
(190, 514) 483
(190, 513) 484
(190, 513) 485
(189, 512) 486
(190, 512) 487
(190, 511) 488
(190, 511) 489
(190, 510) 490
(190, 510) 491
(190, 509) 492
(190, 509) 493
(190, 508) 494
(190, 508) 495
(190, 508) 496
(190, 507) 497
(190, 507) 498
(193, 508) 499
(199, 508) 500
(204, 508) 501
(209, 508) 502
(213, 508) 503
(216, 508) 504
(220, 509) 505
(223, 509) 506
(226, 509) 507
(233, 509) 508
(239, 509) 509
(246, 508) 510
(252, 508) 511
(257, 508) 512
(262, 508) 513
(267, 508) 514
(271, 508) 515
(275, 508) 516
(278, 508) 517
(281, 507) 518
(283, 507) 519
(286, 507) 520
(288, 507) 521
(290, 507) 522
(291, 507) 523
(291, 507) 524
(291, 507) 525
(291, 506) 526
(291, 506) 527
(290, 506) 528
(289, 505) 529
(289, 505) 530
(293, 505) 531
(297, 504) 532
(300, 504) 533
(303, 504) 534
(306, 503) 535
(308, 503) 536
(311, 502) 537
(313, 502) 538
(316, 502) 539
(315, 501) 540
(315, 501) 541
(315, 501) 542
(315, 501) 543
(315, 500) 544
(315, 500) 545
(316, 500) 546
(316, 500) 547
(316, 499) 548
(316, 499) 549
(316, 499) 550
(316, 499) 551
(317, 499) 552
(317, 498) 553
(317, 498) 554
(317, 498) 555
(317, 498) 556
(317, 498) 557
(317, 497) 558
(317, 497) 559
(317, 497) 560
(317, 496) 561
(316, 496) 562
(314, 495) 563
(313, 495) 564
(311, 494) 565
(310, 494) 566
(309, 493) 567
(308, 493) 568
(307, 492) 569
(306, 492) 570
(305, 491) 571
(305, 491) 572
(304, 490) 573
(303, 490) 574
(303, 489) 575
(303, 489) 576
(302, 488) 577
(302, 488) 578
(301, 488) 579
(295, 488) 580
(290, 489) 581
(285, 489) 582
(281, 490) 583
(277, 490) 584
(277, 491) 585
(276, 491) 586
(275, 491) 587
(273, 492) 588
(273, 492) 589
(274, 492) 590
(276, 492) 591
(277, 491) 592
(279, 491) 593
(280, 491) 594
(280, 491) 595
(279, 491) 596
(277, 491) 597
(276, 491) 598
(275, 491) 599
(275, 491) 600
(275, 491) 601
(276, 491) 602
(277, 491) 603
(279, 491) 604
(281, 491) 605
(283, 491) 606
(638, 470) 469
(638, 470) 470
(637, 471) 471
(637, 471) 472
(630, 471) 473
(631, 472) 474
(625, 472) 475
(620, 473) 476
(615, 473) 477
(610, 474) 478
(606, 474) 479
(603, 475) 480
(601, 476) 481
(601, 477) 482
(605, 478) 483
(617, 478) 484
(630, 478) 485
(641, 478) 486
(651, 478) 487
(660, 478) 488
(668, 478) 489
(669, 478) 490
(670, 478) 491
(674, 478) 492
(678, 478) 493
(682, 478) 494
(693, 477) 495
(702, 477) 496
(711, 476) 497
(720, 475) 498
(722, 475) 499
(725, 475) 500
(728, 475) 501
(730, 475) 502
(732, 475) 503
(734, 475) 504
(736, 475) 505
(737, 475) 506
(739, 475) 507
(740, 475) 508
(744, 476) 509
(749, 477) 510
(748, 478) 511
(748, 478) 512
(745, 478) 513
(742, 479) 514
(739, 479) 515
(736, 479) 516
(734, 480) 517
(732, 480) 518
(733, 480) 519
(733, 481) 520
(733, 481) 521
(733, 481) 522
(732, 481) 523
(732, 482) 524
(732, 482) 525
(740, 482) 526
(747, 482) 527
(756, 484) 528
(767, 484) 529
(769, 485) 530
(771, 485) 531
(772, 486) 532
(774, 486) 533
(775, 487) 534
(776, 487) 535
(776, 487) 536
(775, 488) 537
(773, 489) 538
(769, 489) 539
(765, 490) 540
(754, 490) 541
(752, 490) 542
(750, 490) 543
(748, 491) 544
(747, 491) 545
(746, 491) 546
(745, 491) 547
(745, 492) 548
(744, 492) 549
(743, 492) 550
(743, 492) 551
(742, 493) 552
(741, 493) 553
(737, 494) 554
(732, 494) 555
(728, 495) 556
(725, 496) 557
(721, 497) 558
(718, 497) 559
(716, 498) 560
(713, 499) 561
(711, 499) 562
(709, 500) 563
(707, 500) 564
(706, 501) 565
(704, 502) 566
(703, 502) 567
(703, 503) 568
(705, 504) 569
(707, 505) 570
(710, 506) 571
(712, 507) 572
(714, 508) 573
(716, 509) 574
(717, 510) 575
(718, 511) 576
(720, 512) 577
(721, 513) 578
(722, 514) 579
(723, 515) 580
(724, 516) 581
(724, 517) 582
(725, 518) 583
(726, 518) 584
(726, 519) 585
(727, 520) 586
(727, 521) 587
(721, 521) 588
(715, 521) 589
(711, 521) 590
(703, 521) 591
(696, 521) 592
(686, 521) 593
(675, 521) 594
(666, 521) 595
(651, 521) 596
(638, 522) 597
(626, 522) 598
(616, 522) 599
(606, 523) 600
(598, 523) 601
(590, 523) 602
(584, 524) 603
(577, 524) 604
(572, 524) 605
(567, 524) 606
(557, 525) 607
(549, 525) 608
(540, 525) 609
(532, 525) 610
(525, 525) 611
(518, 526) 612
(511, 526) 613
(504, 526) 614
(499, 526) 615
(500, 526) 616
(503, 526) 617
(506, 526) 618
(507, 526) 619
(509, 526) 620
(511, 526) 621
(510, 526) 622
(507, 526) 623
(502, 527) 624
(497, 527) 625
(493, 527) 626
(490, 528) 627
(486, 528) 628
(483, 528) 629
(481, 529) 630
(481, 529) 631
(484, 528) 632
(488, 528) 633
(492, 528) 634
(496, 528) 635
(500, 527) 636
(511, 527) 637
(521, 526) 638
(530, 526) 639
(538, 526) 640
(546, 525) 641
(552, 525) 642
(558, 525) 643
(564, 524) 644
(568, 524) 645
(573, 524) 646
(577, 523) 647
(580, 523) 648
(584, 523) 649
(590, 523) 650
(596, 523) 651
(602, 523) 652
(605, 523) 653
(607, 522) 654
(609, 522) 655
(611, 521) 656
(613, 521) 657
(615, 520) 658
(616, 520) 659
(617, 519) 660
(619, 519) 661
(620, 519) 662
(621, 518) 663
(621, 518) 664
(622, 517) 665
(623, 517) 666
(623, 517) 667
(632, 516) 668
(639, 515) 669
(646, 515) 670
(652, 514) 671
(658, 513) 672
(658, 513) 673
(657, 512) 674
(657, 512) 675
(657, 511) 676
(657, 511) 677
(657, 511) 678
(657, 510) 679
(657, 510) 680
(657, 509) 681
(657, 509) 682
(657, 508) 683
(657, 508) 684
(657, 508) 685
(657, 507) 686
(657, 507) 687
(657, 507) 688
(657, 506) 689
(657, 506) 690
(658, 506) 691
(659, 505) 692
(660, 505) 693
(665, 505) 694
(670, 504) 695
(674, 504) 696
(671, 504) 697
(669, 504) 698
(667, 503) 699
(665, 503) 700
(663, 503) 701
(660, 503) 702
(533, 518) 499
(534, 518) 500
(534, 518) 501
(535, 518) 502
(536, 518) 503
(536, 518) 504
(538, 518) 505
(542, 518) 506
(544, 518) 507
(546, 518) 508
(549, 518) 509
(551, 518) 510
(551, 518) 511
(549, 519) 512
(548, 520) 513
(546, 521) 514
(544, 522) 515
(543, 522) 516
(543, 523) 517
(543, 524) 518
(543, 524) 519
(546, 524) 520
(544, 525) 521
(543, 525) 522
(544, 526) 523
(544, 526) 524
(545, 527) 525
(545, 527) 526
(546, 528) 527
(548, 528) 528
(548, 528) 529
(548, 529) 530
(548, 529) 531
(548, 529) 532
(547, 529) 533
(546, 529) 534
(546, 529) 535
(546, 530) 536
(546, 530) 537
(546, 530) 538
(549, 530) 539
(551, 531) 540
(552, 531) 541
(553, 531) 542
(554, 532) 543
(554, 532) 544
(550, 532) 545
(547, 532) 546
(545, 532) 547
(540, 532) 548
(538, 532) 549
(537, 533) 550
(536, 533) 551
(535, 533) 552
(534, 533) 553
(533, 533) 554
(532, 533) 555
(530, 533) 556
(527, 534) 557
(524, 534) 558
(522, 534) 559
(518, 534) 560
(515, 534) 561
(513, 535) 562
(512, 535) 563
(510, 536) 564
(508, 537) 565
(506, 537) 566
(506, 538) 567
(506, 538) 568
(507, 539) 569
(508, 539) 570
(508, 540) 571
(509, 541) 572
(511, 541) 573
(510, 541) 574
(508, 540) 575
(506, 540) 576
(504, 540) 577
(501, 539) 578
(498, 540) 579
(494, 541) 580
(489, 542) 581
(486, 542) 582
(488, 542) 583
(488, 542) 584
(485, 544) 585
(481, 545) 586
(478, 546) 587
(475, 547) 588
(472, 548) 589
(474, 548) 590
(1052, 514) 506
(1052, 514) 507
(1052, 514) 508
(1052, 514) 509
(1052, 514) 510
(1052, 514) 511
(1052, 514) 512
(1049, 514) 513
(1045, 514) 514
(1041, 514) 515
(1037, 514) 516
(1034, 514) 517
(1032, 514) 518
(1029, 514) 519
(1027, 514) 520
(1025, 514) 521
(1023, 514) 522
(1014, 513) 523
(1007, 512) 524
(1000, 511) 525
(993, 510) 526
(988, 510) 527
(983, 509) 528
(978, 508) 529
(974, 507) 530
(963, 507) 531
(956, 507) 532
(952, 508) 533
(948, 509) 534
(944, 510) 535
(940, 510) 536
(936, 510) 537
(933, 510) 538
(933, 511) 539
(934, 511) 540
(935, 511) 541
(937, 512) 542
(943, 513) 543
(943, 513) 544
(938, 513) 545
(932, 513) 546
(927, 514) 547
(922, 514) 548
(923, 514) 549
(923, 514) 550
(923, 513) 551
(923, 513) 552
(923, 513) 553
(923, 513) 554
(923, 512) 555
(921, 512) 556
(919, 513) 557
(917, 513) 558
(910, 513) 559
(904, 513) 560
(899, 514) 561
(895, 514) 562
(897, 514) 563
(899, 514) 564
(898, 515) 565
(896, 516) 566
(890, 517) 567
(884, 517) 568
(879, 518) 569
(873, 519) 570
(869, 519) 571
(869, 519) 572
(871, 519) 573
(870, 519) 574
(869, 519) 575
(866, 519) 576
(861, 519) 577
(856, 520) 578
(851, 520) 579
(848, 520) 580
(840, 520) 581
(833, 520) 582
(828, 519) 583
(819, 518) 584
(812, 518) 585
(806, 518) 586
(801, 517) 587
(796, 517) 588
(792, 517) 589
(793, 516) 590
(793, 516) 591
(794, 515) 592
(795, 514) 593
(795, 514) 594
(796, 513) 595
(799, 513) 596
(808, 513) 597
(816, 512) 598
(823, 512) 599
(830, 512) 600
(836, 512) 601
(842, 512) 602
(847, 512) 603
(851, 512) 604
(855, 512) 605
(855, 512) 606
(855, 511) 607
(851, 511) 608
(842, 510) 609
(834, 510) 610
(827, 510) 611
(820, 509) 612
(814, 509) 613
(809, 509) 614
(804, 508) 615
(800, 508) 616
(796, 508) 617
(792, 508) 618
(789, 507) 619
(786, 507) 620
(784, 507) 621
(782, 506) 622
(778, 506) 623
(775, 505) 624
(772, 504) 625
(769, 504) 626
(766, 503) 627
(762, 503) 628
(758, 503) 629
(753, 503) 630
(749, 503) 631
(745, 503) 632
(742, 503) 633
(737, 504) 634
(733, 504) 635
(733, 503) 636
(732, 503) 637
(732, 503) 638
(732, 502) 639
(732, 502) 640
(733, 502) 641
(733, 501) 642
(734, 501) 643
(734, 501) 644
(734, 500) 645
(735, 500) 646
(735, 500) 647
(735, 499) 648
(736, 499) 649
(736, 499) 650
(736, 498) 651
(736, 498) 652
(736, 498) 653
(737, 498) 654
(737, 497) 655
(737, 498) 656
(738, 498) 657
(735, 498) 658
(737, 498) 659
(739, 498) 660
(741, 498) 661
(749, 497) 662
(757, 497) 663
(763, 497) 664
(770, 497) 665
(775, 497) 666
(785, 497) 667
(793, 496) 668
(792, 496) 669
(791, 497) 670
(788, 497) 671
(785, 497) 672
(781, 496) 673
(780, 496) 674
(779, 496) 675
(779, 496) 676
(778, 496) 677
(782, 495) 678
(786, 495) 679
(793, 495) 680
(802, 495) 681
(807, 495) 682
(809, 495) 683
(811, 495) 684
(814, 495) 685
(817, 495) 686
(826, 495) 687
(835, 494) 688
(842, 494) 689
(846, 494) 690
(844, 494) 691
(841, 494) 692
(839, 494) 693
(837, 494) 694
(833, 494) 695
(833, 494) 696
(834, 494) 697
(838, 494) 698
(836, 494) 699
(832, 493) 700
(827, 493) 701
(823, 493) 702
(823, 493) 703
(819, 493) 704
(816, 493) 705
(813, 493) 706
(810, 493) 707
(809, 493) 708
(812, 493) 709
(818, 493) 710
(819, 493) 711
(827, 492) 712
(838, 492) 713
(847, 492) 714
(856, 492) 715
(864, 491) 716
(871, 491) 717
(877, 491) 718
(883, 491) 719
(888, 490) 720
(893, 490) 721
(896, 490) 722
(896, 490) 723
(894, 490) 724
(890, 491) 725
(886, 491) 726
(875, 491) 727
(868, 491) 728
(862, 491) 729
(856, 491) 730
(850, 491) 731
(839, 492) 732
(827, 492) 733
(817, 492) 734
(807, 492) 735
(800, 492) 736
(797, 492) 737
(797, 492) 738
(797, 492) 739
(801, 492) 740
(805, 492) 741
(810, 492) 742
(821, 492) 743
(832, 492) 744
(844, 492) 745
(853, 492) 746
(868, 491) 747
(882, 491) 748
(901, 491) 749
(918, 491) 750
(933, 491) 751
(947, 491) 752
(960, 491) 753
(971, 491) 754
(981, 491) 755
(991, 490) 756
(999, 490) 757
(1011, 489) 758
(1023, 489) 759
(1035, 488) 760
(1044, 487) 761
(1053, 486) 762
(1061, 485) 763
(1068, 484) 764
(1068, 484) 765
(1072, 483) 766
(1075, 482) 767
(1076, 482) 768
(1077, 481) 769
(1077, 480) 770
(1074, 480) 771
(1074, 479) 772
(1074, 479) 773
(1073, 479) 774
(1073, 479) 775
(1073, 478) 776
(1073, 478) 777
(1073, 478) 778
(1073, 478) 779
(1073, 477) 780
(1072, 477) 781
(1072, 477) 782
(1072, 477) 783
(1072, 476) 784
(1072, 476) 785
(1075, 478) 786
(1077, 479) 787
(1079, 480) 788
(1081, 481) 789
(1083, 483) 790
(1083, 484) 791
(1080, 484) 792
(1075, 485) 793
(1071, 485) 794
(1067, 486) 795
(1064, 486) 796
(1061, 487) 797
(1058, 487) 798
(1056, 487) 799
(1053, 488) 800
(1051, 488) 801
(1050, 489) 802
(1048, 489) 803
(1047, 489) 804
(1045, 490) 805
(1044, 490) 806
(1043, 491) 807
(1036, 491) 808
(1029, 491) 809
(1023, 491) 810
(1018, 491) 811
(1014, 491) 812
(1009, 491) 813
(1005, 492) 814
(1002, 492) 815
(999, 492) 816
(996, 492) 817
(994, 492) 818
(991, 492) 819
(989, 492) 820
(983, 492) 821
(976, 492) 822
(971, 492) 823
(974, 492) 824
(974, 492) 825
(975, 492) 826
(973, 492) 827
(971, 492) 828
(962, 492) 829
(956, 492) 830
(950, 492) 831
(943, 492) 832
(937, 491) 833
(932, 491) 834
(927, 491) 835
(923, 491) 836
(927, 491) 837
(891, 314) 515
(890, 314) 516
(890, 314) 517
(890, 314) 518
(889, 314) 519
(889, 314) 520
(888, 314) 521
(887, 314) 522
(886, 314) 523
(886, 314) 524
(885, 314) 525
(883, 313) 526
(882, 313) 527
(880, 312) 528
(878, 311) 529
(877, 311) 530
(876, 310) 531
(874, 309) 532
(872, 308) 533
(870, 307) 534
(868, 306) 535
(866, 305) 536
(864, 304) 537
(863, 303) 538
(861, 302) 539
(860, 301) 540
(859, 300) 541
(858, 299) 542
(857, 298) 543
(856, 297) 544
(856, 296) 545
(855, 295) 546
(855, 294) 547
(855, 293) 548
(856, 291) 549
(857, 290) 550
(858, 289) 551
(859, 288) 552
(859, 286) 553
(864, 285) 554
(868, 284) 555
(872, 282) 556
(875, 281) 557
(881, 279) 558
(894, 279) 559
(908, 278) 560
(920, 277) 561
(931, 276) 562
(945, 275) 563
(959, 275) 564
(972, 275) 565
(985, 274) 566
(997, 274) 567
(1008, 274) 568
(1019, 273) 569
(1029, 273) 570
(1045, 274) 571
(1062, 274) 572
(1080, 275) 573
(1095, 275) 574
(1109, 276) 575
(1122, 276) 576
(1134, 277) 577
(1149, 278) 578
(1163, 279) 579
(1177, 280) 580
(1190, 281) 581
(1203, 282) 582
(1214, 283) 583
(1224, 284) 584
(1234, 284) 585
(1242, 285) 586
(1250, 286) 587
(1256, 287) 588
(1263, 288) 589
(1268, 289) 590
(1273, 289) 591
(1277, 290) 592
(1281, 291) 593
(1285, 292) 594
(1288, 292) 595
(1291, 293) 596
(1294, 294) 597
(1296, 294) 598
(1300, 295) 599
(1298, 297) 600
(1291, 300) 601
(1278, 303) 602
(1265, 306) 603
(1255, 310) 604
(1245, 313) 605
(1236, 316) 606
(1228, 319) 607
(1221, 322) 608
(1215, 325) 609
(1209, 328) 610
(1204, 331) 611
(1199, 334) 612
(1195, 337) 613
(1191, 339) 614
(1182, 341) 615
(1176, 343) 616
(1171, 345) 617
(1166, 347) 618
(1166, 348) 619
(1170, 350) 620
(1173, 351) 621
(1177, 352) 622
(1178, 353) 623
(1185, 355) 624
(1191, 356) 625
(1198, 357) 626
(1204, 358) 627
(1209, 359) 628
(1215, 361) 629
(1368, 318) 587
(1375, 318) 588
(1381, 319) 589
(1386, 319) 590
(1397, 319) 591
(1407, 319) 592
(1410, 319) 593
(1413, 319) 594
(1418, 319) 595
(1423, 319) 596
(1427, 319) 597
(1430, 319) 598
(1440, 319) 599
(1445, 319) 600
(1446, 318) 601
(1448, 318) 602
(1449, 318) 603
(1451, 318) 604
(1452, 317) 605
(1454, 318) 606
(1456, 318) 607
(1456, 318) 608
(1456, 318) 609
(1456, 318) 610
(1456, 319) 611
(1455, 319) 612
(1450, 319) 613
(1443, 320) 614
(1437, 321) 615
(1432, 321) 616
(1420, 322) 617
(1409, 323) 618
(1399, 323) 619
(1390, 324) 620
(1388, 325) 621
(1388, 326) 622
(1392, 327) 623
(1397, 328) 624
(1402, 329) 625
(1406, 330) 626
(1410, 331) 627
(1413, 332) 628
(1413, 332) 629
(1412, 332) 630
(1409, 333) 631
(1408, 333) 632
(1407, 334) 633
(1404, 336) 634
(1399, 339) 635
(1395, 342) 636
(1391, 345) 637
(1388, 348) 638
(1385, 351) 639
(1382, 353) 640
(1379, 356) 641
(1377, 359) 642
(1375, 361) 643
(1373, 364) 644
(1372, 366) 645
(1370, 369) 646
(1369, 371) 647
(1368, 372) 648
(1367, 374) 649
(1367, 376) 650
(1366, 377) 651
(1366, 378) 652
(1365, 380) 653
(1365, 381) 654
(1364, 383) 655
(1364, 384) 656
(1364, 385) 657
(1363, 386) 658
(1363, 388) 659
(1363, 389) 660
(1363, 390) 661
(1363, 391) 662
(1362, 392) 663
(1362, 394) 664
(1362, 395) 665
(1365, 396) 666
(1368, 397) 667
(1370, 398) 668
(1372, 399) 669
(1374, 400) 670
(1376, 401) 671
(1377, 402) 672
(1379, 403) 673
(1380, 404) 674
(1384, 406) 675
(1388, 408) 676
(1391, 411) 677
(1394, 413) 678
(1397, 415) 679
(1399, 417) 680
(1401, 419) 681
(1399, 422) 682
(1396, 425) 683
(1394, 427) 684
(1029, 498) 658
(1029, 498) 659
(1029, 498) 660
(1029, 498) 661
(1029, 498) 662
(1029, 498) 663
(1029, 498) 664
(1029, 498) 665
(1029, 498) 666
(1029, 497) 667
(1031, 497) 668
(1033, 497) 669
(1035, 496) 670
(1036, 496) 671
(1038, 496) 672
(1039, 495) 673
(1040, 495) 674
(1047, 495) 675
(1052, 495) 676
(1058, 495) 677
(1062, 495) 678
(1066, 496) 679
(1070, 496) 680
(1073, 496) 681
(1076, 496) 682
(1076, 495) 683
(1077, 495) 684
(1079, 494) 685
(1083, 494) 686
(1086, 494) 687
(1086, 493) 688
(1084, 493) 689
(1079, 492) 690
(1075, 492) 691
(1071, 491) 692
(1066, 491) 693
(1069, 491) 694
(1076, 490) 695
(1083, 489) 696
(1090, 489) 697
(1096, 489) 698
(1101, 488) 699
(1106, 488) 700
(1110, 487) 701
(1114, 487) 702
(1117, 487) 703
(1121, 487) 704
(1124, 486) 705
(1127, 486) 706
(1130, 486) 707
(1132, 486) 708
(1134, 485) 709
(1136, 485) 710
(1138, 485) 711
(1139, 485) 712
(1141, 485) 713
(1142, 485) 714
(1143, 484) 715
(1144, 484) 716
(1144, 484) 717
(1142, 484) 718
(1139, 484) 719
(1132, 484) 720
(1126, 483) 721
(1121, 483) 722
(1116, 484) 723
(1111, 484) 724
(1107, 485) 725
(1103, 485) 726
(1100, 485) 727
(1097, 486) 728
(1094, 486) 729
(1085, 486) 730
(1077, 486) 731
(1070, 486) 732
(1064, 485) 733
(1058, 485) 734
(1053, 485) 735
(1048, 485) 736
(1044, 485) 737
(1040, 485) 738
(1037, 484) 739
(1039, 485) 740
(1047, 485) 741
(1055, 484) 742
(1471, 502) 668
(1464, 502) 669
(1453, 501) 670
(1443, 500) 671
(1434, 499) 672
(1426, 498) 673
(1418, 496) 674
(1412, 495) 675
(1406, 494) 676
(1400, 493) 677
(1396, 492) 678
(1391, 491) 679
(1389, 490) 680
(1386, 489) 681
(1383, 488) 682
(1381, 487) 683
(1378, 487) 684
(1371, 485) 685
(1364, 483) 686
(1358, 482) 687
(1346, 481) 688
(1335, 480) 689
(1326, 479) 690
(1318, 478) 691
(1310, 478) 692
(1303, 477) 693
(1297, 477) 694
(1292, 476) 695
(1287, 476) 696
(1283, 475) 697
(1279, 474) 698
(1275, 474) 699
(1272, 474) 700
(1271, 473) 701
(1272, 472) 702
(1277, 472) 703
(1282, 472) 704
(1287, 472) 705
(1291, 472) 706
(1294, 472) 707
(1294, 472) 708
(1294, 472) 709
(1294, 472) 710
(1294, 472) 711
(1294, 473) 712
(1294, 473) 713
(1294, 473) 714
(1294, 473) 715
(1294, 473) 716
(1290, 473) 717
(1290, 473) 718
(1287, 473) 719
(1282, 473) 720
(1276, 472) 721
(1272, 472) 722
(1271, 471) 723
(1272, 471) 724
(1273, 470) 725
(1273, 468) 726
(1273, 466) 727
(1272, 466) 728
(1270, 465) 729
(1268, 465) 730
(1265, 465) 731
(1263, 464) 732
(1262, 464) 733
(1261, 464) 734
(1259, 464) 735
(1258, 464) 736
(1257, 464) 737
(1256, 464) 738
(1256, 464) 739
(1257, 463) 740
(1258, 463) 741
(1259, 463) 742
(1260, 463) 743
(1261, 462) 744
(1262, 462) 745
(1262, 462) 746
(1263, 462) 747
(1264, 462) 748
(1269, 461) 749
(1277, 461) 750
(1288, 462) 751
(1186, 420) 705
(1186, 420) 706
(1186, 420) 707
(1186, 420) 708
(1186, 420) 709
(1186, 420) 710
(1181, 421) 711
(1176, 422) 712
(1172, 423) 713
(1173, 422) 714
(1174, 422) 715
(1175, 422) 716
(1177, 422) 717
(1178, 422) 718
(1179, 422) 719
(1180, 421) 720
(1181, 421) 721
(1182, 421) 722
(1183, 421) 723
(1184, 421) 724
(1184, 421) 725
(1185, 421) 726
(1185, 421) 727
(1186, 421) 728
(1186, 421) 729
(1187, 420) 730
(1187, 420) 731
(1187, 420) 732
(1188, 420) 733
(1188, 420) 734
(1188, 420) 735
(1192, 419) 736
(1196, 418) 737
(1199, 416) 738
(1202, 415) 739
(1204, 414) 740
(1207, 413) 741
(1209, 412) 742
(1211, 411) 743
(1213, 410) 744
(1214, 409) 745
(1215, 408) 746
(1217, 407) 747
(1218, 406) 748
(1219, 405) 749
(1220, 404) 750
(1221, 403) 751
(1221, 402) 752
(1222, 401) 753
(1223, 400) 754
(1223, 399) 755
(1224, 399) 756
(1226, 398) 757
(1229, 397) 758
(1231, 396) 759
(1233, 396) 760
(1234, 395) 761
(1240, 395) 762
(1241, 396) 763
(1247, 397) 764
(1253, 398) 765
(1258, 399) 766
(1262, 400) 767
(1267, 400) 768
(1270, 401) 769
(1274, 402) 770
(1277, 403) 771
(1279, 403) 772
(1280, 404) 773
(1280, 405) 774
(1280, 405) 775
(1279, 405) 776
(1277, 405) 777
(1276, 405) 778
(1276, 405) 779
(1274, 405) 780
(1271, 404) 781
(1269, 404) 782
(1269, 404) 783
(1269, 404) 784
(1268, 404) 785
(1268, 403) 786
(1267, 402) 787
(1260, 401) 788
(1257, 400) 789
(1258, 399) 790
(1257, 398) 791
(1254, 398) 792
(1247, 398) 793
(1240, 398) 794
(676, 508) 726
(676, 508) 727
(676, 508) 728
(676, 508) 729
(676, 508) 730
(676, 508) 731
(676, 508) 732
(676, 508) 733
(671, 507) 734
(667, 507) 735
(663, 507) 736
(660, 507) 737
(657, 507) 738
(654, 507) 739
(650, 507) 740
(646, 507) 741
(642, 506) 742
(642, 506) 743
(642, 506) 744
(642, 507) 745
(640, 507) 746
(638, 507) 747
(636, 507) 748
(635, 507) 749
(633, 507) 750
(632, 507) 751
(630, 507) 752
(629, 507) 753
(628, 507) 754
(628, 507) 755
(625, 507) 756
(624, 507) 757
(623, 507) 758
(622, 507) 759
(621, 507) 760
(621, 507) 761
(620, 508) 762
(619, 508) 763
(619, 508) 764
(619, 508) 765
(620, 509) 766
(620, 509) 767
(620, 509) 768
(620, 509) 769
(620, 509) 770
(621, 510) 771
(621, 510) 772
(621, 510) 773
(622, 510) 774
(622, 511) 775
(623, 511) 776
(624, 511) 777
(624, 511) 778
(625, 512) 779
(625, 512) 780
(626, 512) 781
(626, 512) 782
(627, 513) 783
(631, 512) 784
(637, 512) 785
(645, 512) 786
(652, 511) 787
(652, 511) 788
(653, 511) 789
(656, 510) 790
(656, 510) 791
(659, 510) 792
(659, 509) 793
(659, 509) 794
(658, 509) 795
(657, 509) 796
(651, 510) 797
(646, 511) 798
(636, 511) 799
(632, 511) 800
(592, 520) 821
(592, 520) 822
(592, 520) 823
(599, 520) 824
(598, 520) 825
(597, 519) 826
(597, 519) 827
(590, 519) 828
(589, 519) 829
(589, 519) 830
(589, 520) 831
(589, 520) 832
(589, 520) 833
(589, 520) 834
(589, 520) 835
(589, 521) 836
(590, 521) 837
(592, 522) 838
(593, 522) 839
(594, 523) 840
(602, 523) 841
(613, 523) 842
(625, 523) 843
(634, 522) 844
(645, 522) 845
(652, 522) 846
(661, 522) 847
(670, 522) 848
(672, 522) 849
(673, 521) 850
(675, 521) 851
(681, 521) 852
(687, 521) 853
(692, 521) 854
(696, 521) 855
(706, 520) 856
(706, 520) 857
(706, 520) 858
(700, 520) 859
(695, 520) 860
(694, 520) 861
(689, 520) 862
(689, 520) 863
(689, 520) 864
(692, 520) 865
(691, 520) 866
(690, 520) 867
(690, 520) 868
(689, 520) 869
(689, 520) 870
(688, 520) 871
(687, 520) 872
(686, 520) 873
(686, 520) 874
(685, 520) 875
(685, 520) 876
(685, 520) 877
(684, 520) 878
(682, 520) 879
(682, 520) 880
(682, 520) 881
(681, 520) 882
(681, 520) 883
(681, 521) 884
(681, 521) 885
(680, 521) 886
(680, 521) 887
(680, 521) 888
(680, 521) 889
(680, 522) 890
(680, 522) 891
(680, 522) 892
(679, 522) 893
(679, 522) 894
(679, 522) 895
(679, 523) 896
(679, 523) 897
(679, 523) 898
(679, 523) 899
(679, 523) 900
(676, 523) 901
(673, 523) 902
(671, 523) 903
(669, 522) 904
(667, 522) 905
(665, 522) 906
(663, 522) 907
(662, 522) 908
(660, 521) 909
(659, 521) 910
(655, 521) 911
(645, 522) 912
(640, 522) 913
(634, 522) 914
(630, 523) 915
(626, 523) 916
(622, 523) 917
(618, 524) 918
(615, 524) 919
(607, 524) 920
(600, 524) 921
(593, 524) 922
(591, 524) 923
(589, 524) 924
(588, 524) 925
(586, 524) 926
(585, 524) 927
(584, 525) 928
(583, 525) 929
(580, 525) 930
(1215, 531) 901
(1215, 530) 902
(1215, 530) 903
(1215, 530) 904
(1215, 530) 905
(1215, 530) 906
(1215, 530) 907
(1215, 530) 908
(1215, 530) 909
(1207, 530) 910
(1200, 530) 911
(1193, 530) 912
(1187, 530) 913
(1182, 530) 914
(1178, 530) 915
(1173, 530) 916
(1170, 530) 917
(1167, 531) 918
(1165, 531) 919
(1162, 531) 920
(1160, 531) 921
(1158, 531) 922
(1156, 531) 923
(1154, 531) 924
(1152, 531) 925
(1151, 532) 926
(1149, 532) 927
(1148, 532) 928
(1147, 532) 929
(1145, 532) 930
(1143, 532) 931
(1141, 532) 932
(1139, 533) 933
(1138, 533) 934
(1136, 533) 935
(1135, 533) 936
(1134, 533) 937
(1133, 533) 938
(1132, 534) 939
(1131, 534) 940
(1131, 534) 941
(1130, 534) 942
(1129, 534) 943
(1129, 534) 944
(1128, 534) 945
(1128, 535) 946
(1128, 535) 947
(1126, 535) 948
(1124, 535) 949
(1122, 535) 950
(1121, 535) 951
(1120, 536) 952
(1119, 536) 953
(1118, 536) 954
(1117, 536) 955
(1116, 536) 956
(1115, 536) 957
(1114, 536) 958
(1114, 536) 959
(1113, 536) 960
(1113, 536) 961
(1112, 536) 962
(1112, 537) 963
(1112, 537) 964
(1111, 537) 965
(1111, 537) 966
(1112, 537) 967
(1113, 537) 968
(1113, 537) 969
(1114, 536) 970
(1116, 536) 971
(1118, 536) 972
(1121, 536) 973
(1123, 535) 974
(1125, 535) 975
(1127, 535) 976
(1129, 535) 977
(1128, 535) 978
(1129, 534) 979
(1130, 534) 980
(1133, 534) 981
(1136, 534) 982
(1139, 534) 983
(1137, 533) 984
(1135, 533) 985
(1133, 532) 986
(1131, 532) 987
(1128, 532) 988
(1127, 531) 989
(1128, 532) 990
(427, 555) 922
(427, 555) 923
(428, 555) 924
(430, 556) 925
(431, 556) 926
(432, 557) 927
(433, 557) 928
(433, 558) 929
(431, 558) 930
(431, 558) 931
(431, 559) 932
(431, 560) 933
(431, 560) 934
(431, 561) 935
(431, 562) 936
(431, 562) 937
(431, 563) 938
(431, 564) 939
(431, 564) 940
(431, 565) 941
(431, 565) 942
(431, 566) 943
(431, 566) 944
(431, 567) 945
(431, 568) 946
(429, 567) 947
(428, 566) 948
(428, 566) 949
(428, 566) 950
(428, 565) 951
(428, 565) 952
(427, 565) 953
(427, 565) 954
(427, 564) 955
(421, 564) 956
(416, 563) 957
(409, 563) 958
(403, 562) 959
(399, 562) 960
(396, 561) 961
(394, 561) 962
(390, 560) 963
(388, 559) 964
(382, 559) 965
(378, 559) 966
(375, 559) 967
(375, 558) 968
(375, 557) 969
(379, 556) 970
(383, 555) 971
(386, 554) 972
(389, 554) 973
(391, 553) 974
(392, 552) 975
(389, 552) 976
(385, 551) 977
(379, 551) 978
(374, 550) 979
(371, 550) 980
(372, 549) 981
(373, 549) 982
(374, 549) 983
(375, 549) 984
(375, 549) 985
(372, 549) 986
(373, 549) 987
(374, 549) 988
(377, 549) 989
(379, 548) 990
(381, 548) 991
(383, 548) 992
(384, 548) 993
(386, 547) 994
(387, 547) 995
(388, 547) 996
(389, 547) 997
(390, 547) 998
(398, 546) 999
(406, 546) 1000
(412, 546) 1001
(419, 546) 1002
(424, 546) 1003
(429, 546) 1004
(434, 546) 1005
(438, 546) 1006
(441, 546) 1007
(445, 546) 1008
(450, 546) 1009
(459, 545) 1010
(886, 522) 939
(886, 522) 940
(885, 522) 941
(885, 522) 942
(885, 522) 943
(884, 522) 944
(884, 522) 945
(883, 522) 946
(882, 522) 947
(881, 522) 948
(883, 522) 949
(886, 522) 950
(887, 521) 951
(891, 521) 952
(888, 521) 953
(888, 521) 954
(891, 521) 955
(894, 522) 956
(892, 522) 957
(884, 521) 958
(875, 520) 959
(869, 520) 960
(859, 519) 961
(852, 519) 962
(843, 518) 963
(838, 518) 964
(833, 517) 965
(830, 517) 966
(826, 516) 967
(825, 516) 968
(829, 516) 969
(827, 516) 970
(826, 515) 971
(826, 515) 972
(817, 515) 973
(816, 515) 974
(810, 514) 975
(803, 515) 976
(800, 514) 977
(800, 514) 978
(798, 514) 979
(797, 514) 980
(797, 514) 981
(798, 514) 982
(800, 514) 983
(800, 514) 984
(800, 515) 985
(801, 515) 986
(803, 515) 987
(805, 515) 988
(813, 514) 989
(815, 514) 990
(818, 514) 991
(820, 513) 992
(822, 513) 993
(824, 512) 994
(825, 511) 995
(827, 511) 996
(828, 510) 997
(829, 509) 998
(830, 509) 999
(831, 508) 1000
(832, 508) 1001
(833, 507) 1002
(834, 506) 1003
(840, 506) 1004
(847, 505) 1005
(856, 504) 1006
(865, 503) 1007
(874, 502) 1008
(887, 502) 1009
(901, 501) 1010
(915, 499) 1011
(926, 497) 1012
(935, 495) 1013
(944, 494) 1014
(953, 492) 1015
(963, 490) 1016
(969, 488) 1017
(975, 486) 1018
(980, 484) 1019
(985, 483) 1020
(991, 481) 1021
(994, 479) 1022
(998, 478) 1023
(999, 477) 1024
(1001, 475) 1025
(1002, 474) 1026
(1005, 473) 1027
(1009, 471) 1028
(1009, 470) 1029
(1010, 469) 1030
(1015, 468) 1031
(1020, 466) 1032
(1025, 464) 1033
(1029, 463) 1034
(1029, 462) 1035
(1027, 461) 1036
(1022, 460) 1037
(1018, 459) 1038
(1014, 458) 1039
(1018, 456) 1040
(1020, 455) 1041
(1024, 453) 1042
(1027, 451) 1043
(1029, 450) 1044
(1031, 448) 1045
(1032, 447) 1046
(1034, 446) 1047
(1036, 444) 1048
(1037, 443) 1049
(1038, 442) 1050
(1039, 440) 1051
(1040, 439) 1052
(1040, 438) 1053
(1035, 436) 1054
(1028, 435) 1055
(1024, 433) 1056
(1019, 432) 1057
(1014, 430) 1058
(1015, 429) 1059
(1015, 428) 1060
(1016, 427) 1061
(1019, 426) 1062
(1021, 426) 1063
(1024, 425) 1064
(1026, 425) 1065
(1029, 424) 1066
(1030, 424) 1067
(1030, 424) 1068
(1033, 424) 1069
(1036, 424) 1070
(1039, 423) 1071
(1041, 423) 1072
(1043, 423) 1073
(1044, 423) 1074
(1045, 423) 1075
(1045, 423) 1076
(1046, 423) 1077
(1046, 423) 1078
(1046, 423) 1079
(1047, 423) 1080
(1047, 423) 1081
(1047, 423) 1082
(1041, 422) 1083
(1036, 422) 1084
(1025, 420) 1085
(1016, 419) 1086
(1007, 418) 1087
(999, 417) 1088
(992, 416) 1089
(986, 415) 1090
(980, 414) 1091
(975, 413) 1092
(970, 412) 1093
(961, 411) 1094
(953, 411) 1095
(946, 410) 1096
(939, 410) 1097
(940, 409) 1098
(940, 408) 1099
(935, 407) 1100
(924, 406) 1101
(913, 404) 1102
(901, 401) 1103
(890, 399) 1104
(881, 397) 1105
(880, 395) 1106
(874, 392) 1107
(865, 389) 1108
(857, 386) 1109
(852, 383) 1110
(846, 381) 1111
(841, 378) 1112
(836, 377) 1113
(832, 375) 1114
(828, 373) 1115
(824, 372) 1116
(821, 371) 1117
(816, 371) 1118
(811, 371) 1119
(806, 371) 1120
(804, 371) 1121
(804, 372) 1122
(804, 372) 1123
(804, 372) 1124
(804, 372) 1125
(804, 372) 1126
(804, 372) 1127
(807, 372) 1128
(816, 372) 1129
(824, 373) 1130
(831, 373) 1131
(836, 372) 1132
(841, 372) 1133
(847, 371) 1134
(852, 371) 1135
(857, 370) 1136
(861, 370) 1137
(864, 370) 1138
(868, 369) 1139
(870, 369) 1140
(871, 368) 1141
(873, 368) 1142
(875, 367) 1143
(877, 367) 1144
(878, 366) 1145
(878, 367) 1146
(877, 367) 1147
(876, 368) 1148
(876, 368) 1149
(875, 368) 1150
(875, 369) 1151
(874, 369) 1152
(874, 370) 1153
(873, 370) 1154
(873, 370) 1155
(874, 371) 1156
(874, 372) 1157
(875, 373) 1158
(875, 374) 1159
(875, 374) 1160
(875, 375) 1161
(876, 376) 1162
(877, 376) 1163
(883, 378) 1164
(885, 379) 1165
(887, 380) 1166
(887, 381) 1167
(888, 382) 1168
(889, 383) 1169
(890, 384) 1170
(890, 385) 1171
(889, 386) 1172
(888, 388) 1173
(886, 389) 1174
(885, 389) 1175
(884, 390) 1176
(883, 390) 1177
(881, 391) 1178
(881, 392) 1179
(882, 393) 1180
(883, 394) 1181
(886, 395) 1182
(888, 396) 1183
(890, 398) 1184
(892, 399) 1185
(899, 400) 1186
(906, 402) 1187
(913, 404) 1188
(919, 405) 1189
(924, 407) 1190
(929, 409) 1191
(935, 410) 1192
(940, 412) 1193
(944, 413) 1194
(948, 414) 1195
(950, 415) 1196
(952, 416) 1197
(951, 417) 1198
(952, 417) 1199
(952, 418) 1200
(955, 419) 1201
(955, 419) 1202
(953, 420) 1203
(952, 420) 1204
(953, 421) 1205
(957, 422) 1206
(958, 423) 1207
(961, 423) 1208
(965, 423) 1209
(969, 424) 1210
(977, 424) 1211
(983, 424) 1212
(985, 426) 1213
(573, 560) 963
(573, 560) 964
(573, 560) 965
(573, 560) 966
(573, 560) 967
(573, 560) 968
(573, 560) 969
(574, 560) 970
(574, 560) 971
(574, 561) 972
(574, 561) 973
(579, 562) 974
(583, 564) 975
(587, 565) 976
(591, 567) 977
(595, 568) 978
(599, 570) 979
(603, 571) 980
(606, 572) 981
(608, 574) 982
(610, 575) 983
(612, 577) 984
(614, 578) 985
(615, 580) 986
(616, 581) 987
(618, 582) 988
(619, 584) 989
(620, 585) 990
(621, 586) 991
(622, 587) 992
(622, 589) 993
(623, 590) 994
(624, 591) 995
(624, 592) 996
(632, 594) 997
(639, 596) 998
(648, 598) 999
(655, 600) 1000
(660, 602) 1001
(665, 604) 1002
(668, 605) 1003
(671, 607) 1004
(674, 608) 1005
(676, 610) 1006
(678, 611) 1007
(679, 613) 1008
(681, 614) 1009
(683, 616) 1010
(685, 617) 1011
(687, 619) 1012
(689, 620) 1013
(691, 622) 1014
(692, 623) 1015
(694, 625) 1016
(695, 626) 1017
(696, 627) 1018
(697, 629) 1019
(698, 630) 1020
(704, 631) 1021
(710, 632) 1022
(716, 633) 1023
(722, 635) 1024
(727, 636) 1025
(733, 637) 1026
(738, 638) 1027
(743, 639) 1028
(748, 640) 1029
(753, 641) 1030
(757, 642) 1031
(762, 643) 1032
(766, 644) 1033
(771, 645) 1034
(775, 645) 1035
(779, 646) 1036
(783, 647) 1037
(786, 648) 1038
(789, 649) 1039
(792, 650) 1040
(795, 650) 1041
(795, 651) 1042
(794, 652) 1043
(791, 654) 1044
(788, 655) 1045
(786, 656) 1046
(783, 657) 1047
(781, 658) 1048
(779, 659) 1049
(776, 660) 1050
(774, 662) 1051
(774, 663) 1052
(775, 664) 1053
(777, 665) 1054
(777, 666) 1055
(775, 667) 1056
(768, 668) 1057
(762, 669) 1058
(757, 669) 1059
(751, 670) 1060
(747, 671) 1061
(742, 671) 1062
(738, 672) 1063
(735, 673) 1064
(732, 673) 1065
(733, 674) 1066
(734, 675) 1067
(735, 676) 1068
(736, 677) 1069
(737, 678) 1070
(738, 679) 1071
(738, 680) 1072
(739, 681) 1073
(739, 682) 1074
(740, 683) 1075
(740, 684) 1076
(741, 685) 1077
(741, 685) 1078
(741, 686) 1079
(741, 687) 1080
(741, 689) 1081
(740, 691) 1082
(741, 693) 1083
(742, 695) 1084
(749, 696) 1085
(758, 697) 1086
(767, 697) 1087
(776, 698) 1088
(784, 699) 1089
(791, 699) 1090
(798, 699) 1091
(805, 700) 1092
(811, 700) 1093
(816, 701) 1094
(829, 701) 1095
(841, 702) 1096
(851, 702) 1097
(860, 703) 1098
(869, 703) 1099
(876, 704) 1100
(883, 704) 1101
(889, 705) 1102
(895, 705) 1103
(900, 706) 1104
(904, 706) 1105
(908, 707) 1106
(912, 707) 1107
(919, 706) 1108
(925, 705) 1109
(930, 704) 1110
(934, 703) 1111
(941, 702) 1112
(946, 700) 1113
(951, 698) 1114
(955, 697) 1115
(959, 695) 1116
(962, 693) 1117
(965, 692) 1118
(968, 690) 1119
(971, 689) 1120
(974, 686) 1121
(976, 684) 1122
(981, 681) 1123
(984, 679) 1124
(988, 676) 1125
(991, 674) 1126
(993, 671) 1127
(995, 669) 1128
(997, 666) 1129
(999, 664) 1130
(1001, 662) 1131
(1004, 659) 1132
(1006, 656) 1133
(1009, 654) 1134
(1011, 651) 1135
(1013, 649) 1136
(1014, 646) 1137
(1016, 644) 1138
(1025, 642) 1139
(1033, 640) 1140
(1041, 638) 1141
(1041, 636) 1142
(1042, 634) 1143
(1043, 633) 1144
(1043, 631) 1145
(1044, 628) 1146
(1043, 625) 1147
(1036, 621) 1148
(1031, 619) 1149
(1025, 616) 1150
(1021, 613) 1151
(1016, 611) 1152
(1008, 609) 1153
(1006, 607) 1154
(1003, 604) 1155
(999, 602) 1156
(996, 600) 1157
(994, 597) 1158
(991, 595) 1159
(987, 594) 1160
(986, 592) 1161
(1501, 515) 974
(1501, 514) 975
(1501, 514) 976
(1500, 514) 977
(1499, 513) 978
(1498, 511) 979
(1497, 509) 980
(1497, 507) 981
(1497, 505) 982
(1497, 503) 983
(1496, 502) 984
(1495, 499) 985
(1494, 496) 986
(1493, 493) 987
(1491, 491) 988
(1490, 488) 989
(1490, 486) 990
(1493, 484) 991
(1496, 483) 992
(1500, 481) 993
(1503, 479) 994
(1507, 478) 995
(1510, 476) 996
(1513, 475) 997
(1516, 473) 998
(1519, 471) 999
(1519, 471) 1000
(1518, 472) 1001
(1517, 474) 1002
(1516, 475) 1003
(1516, 476) 1004
(1516, 477) 1005
(1516, 478) 1006
(1516, 479) 1007
(1517, 480) 1008
(1517, 481) 1009
(1518, 482) 1010
(1518, 482) 1011
(1517, 483) 1012
(1516, 483) 1013
(1515, 484) 1014
(1509, 483) 1015
(1504, 481) 1016
(1498, 480) 1017
(1491, 479) 1018
(1478, 478) 1019
(1463, 476) 1020
(1449, 475) 1021
(1433, 472) 1022
(1417, 470) 1023
(1403, 467) 1024
(1389, 465) 1025
(1376, 463) 1026
(1365, 460) 1027
(1355, 458) 1028
(1345, 455) 1029
(1335, 453) 1030
(1327, 450) 1031
(1320, 448) 1032
(1313, 445) 1033
(1307, 443) 1034
(1301, 441) 1035
(1293, 439) 1036
(1285, 438) 1037
(1278, 436) 1038
(1272, 435) 1039
(1266, 433) 1040
(1261, 432) 1041
(1256, 431) 1042
(1252, 429) 1043
(1252, 428) 1044
(1252, 428) 1045
(1253, 427) 1046
(1256, 426) 1047
(1259, 426) 1048
(1262, 425) 1049
(1261, 426) 1050
(1260, 426) 1051
(1259, 426) 1052
(1258, 427) 1053
(1258, 427) 1054
(1258, 428) 1055
(1257, 429) 1056
(1258, 430) 1057
(1257, 430) 1058
(1257, 431) 1059
(1257, 432) 1060
(1257, 432) 1061
(1257, 433) 1062
(1257, 434) 1063
(1256, 434) 1064
(1256, 435) 1065
(1256, 436) 1066
(1256, 437) 1067
(1256, 438) 1068
(1253, 438) 1069
(1254, 439) 1070
(1255, 439) 1071
(1255, 440) 1072
(1252, 440) 1073
(1248, 441) 1074
(1249, 442) 1075
(1249, 442) 1076
(1246, 443) 1077
(1242, 444) 1078
(1239, 445) 1079
(1236, 445) 1080
(1233, 446) 1081
(1231, 447) 1082
(1229, 447) 1083
(1227, 448) 1084
(1223, 449) 1085
(1220, 451) 1086
(1216, 453) 1087
(1213, 454) 1088
(1211, 456) 1089
(1209, 458) 1090
(1207, 459) 1091
(1205, 461) 1092
(1204, 462) 1093
(1200, 465) 1094
(1198, 467) 1095
(1197, 468) 1096
(1196, 470) 1097
(1195, 471) 1098
(1190, 472) 1099
(1187, 472) 1100
(1183, 473) 1101
(1180, 473) 1102
(1177, 474) 1103
(1171, 473) 1104
(1165, 473) 1105
(1164, 473) 1106
(1163, 474) 1107
(1164, 474) 1108
(1164, 475) 1109
(1165, 476) 1110
(1166, 476) 1111
(1169, 477) 1112
(1174, 479) 1113
(1179, 480) 1114
(1183, 481) 1115
(1188, 482) 1116
(1190, 483) 1117
(1191, 483) 1118
(1193, 484) 1119
(1195, 486) 1120
(1193, 486) 1121
(1192, 486) 1122
(1192, 487) 1123
(1193, 488) 1124
(1193, 489) 1125
(1195, 489) 1126
(1196, 490) 1127
(1198, 490) 1128
(1197, 491) 1129
(1197, 491) 1130
(1197, 492) 1131
(1198, 492) 1132
(1198, 493) 1133
(1200, 493) 1134
(1200, 493) 1135
(1200, 494) 1136
(1201, 494) 1137
(1201, 494) 1138
(1201, 495) 1139
(1201, 495) 1140
(1202, 496) 1141
(1205, 496) 1142
(1207, 497) 1143
(1210, 497) 1144
(1213, 497) 1145
(1215, 498) 1146
(1218, 498) 1147
(1220, 498) 1148
(1223, 499) 1149
(1227, 499) 1150
(1225, 499) 1151
(1223, 500) 1152
(1224, 500) 1153
(1225, 500) 1154
(1226, 499) 1155
(1226, 499) 1156
(1226, 499) 1157
(1221, 498) 1158
(1218, 498) 1159
(1215, 497) 1160
(1215, 496) 1161
(1213, 496) 1162
(1208, 496) 1163
(1205, 496) 1164
(1208, 495) 1165
(1211, 495) 1166
(1213, 495) 1167
(1216, 495) 1168
(1219, 495) 1169
(1221, 495) 1170
(1221, 495) 1171
(1221, 495) 1172
(1219, 495) 1173
(1219, 495) 1174
(1221, 495) 1175
(1224, 495) 1176
(1226, 495) 1177
(1228, 496) 1178
(1230, 496) 1179
(1232, 496) 1180
(1234, 496) 1181
(1235, 496) 1182
(1237, 496) 1183
(1238, 497) 1184
(1239, 497) 1185
(1238, 497) 1186
(1239, 497) 1187
(1239, 498) 1188
(1236, 498) 1189
(1237, 499) 1190
(1237, 499) 1191
(1237, 499) 1192
(1238, 499) 1193
(1240, 499) 1194
(1244, 499) 1195
(1247, 499) 1196
(1252, 499) 1197
(1256, 499) 1198
(1261, 498) 1199
(1263, 498) 1200
(1266, 498) 1201
(1269, 498) 1202
(1271, 497) 1203
(1280, 498) 1204
(1287, 498) 1205
(1287, 498) 1206
(1284, 498) 1207
(1280, 498) 1208
(1275, 498) 1209
(1271, 498) 1210
(1266, 498) 1211
(1263, 497) 1212
(1262, 497) 1213
(471, 471) 976
(471, 471) 977
(472, 471) 978
(472, 471) 979
(473, 471) 980
(474, 471) 981
(474, 471) 982
(475, 471) 983
(475, 471) 984
(476, 471) 985
(477, 472) 986
(479, 473) 987
(480, 473) 988
(480, 474) 989
(475, 475) 990
(471, 476) 991
(468, 477) 992
(465, 478) 993
(463, 479) 994
(461, 480) 995
(460, 481) 996
(452, 482) 997
(445, 484) 998
(438, 485) 999
(432, 486) 1000
(434, 488) 1001
(434, 489) 1002
(433, 491) 1003
(432, 492) 1004
(429, 494) 1005
(428, 495) 1006
(423, 496) 1007
(418, 497) 1008
(414, 498) 1009
(409, 500) 1010
(406, 501) 1011
(402, 502) 1012
(399, 503) 1013
(396, 504) 1014
(393, 505) 1015
(385, 506) 1016
(379, 507) 1017
(375, 508) 1018
(372, 509) 1019
(370, 510) 1020
(368, 511) 1021
(366, 511) 1022
(365, 512) 1023
(364, 513) 1024
(363, 514) 1025
(363, 514) 1026
(362, 515) 1027
(362, 516) 1028
(362, 516) 1029
(357, 517) 1030
(356, 517) 1031
(355, 517) 1032
(353, 517) 1033
(351, 518) 1034
(348, 518) 1035
(348, 518) 1036
(348, 518) 1037
(348, 519) 1038
(349, 520) 1039
(348, 520) 1040
(348, 521) 1041
(346, 521) 1042
(345, 522) 1043
(344, 523) 1044
(342, 523) 1045
(341, 524) 1046
(340, 524) 1047
(339, 525) 1048
(339, 526) 1049
(339, 526) 1050
(340, 526) 1051
(342, 527) 1052
(344, 527) 1053
(345, 527) 1054
(348, 527) 1055
(351, 527) 1056
(351, 528) 1057
(353, 528) 1058
(359, 528) 1059
(359, 528) 1060
(358, 528) 1061
(357, 528) 1062
(356, 528) 1063
(354, 528) 1064
(353, 528) 1065
(352, 528) 1066
(351, 529) 1067
(351, 529) 1068
(355, 529) 1069
(359, 529) 1070
(363, 530) 1071
(373, 530) 1072
(383, 530) 1073
(391, 530) 1074
(393, 531) 1075
(395, 532) 1076
(398, 533) 1077
(402, 533) 1078
(405, 534) 1079
(407, 535) 1080
(409, 536) 1081
(410, 537) 1082
(411, 538) 1083
(414, 538) 1084
(416, 539) 1085
(418, 540) 1086
(420, 541) 1087
(422, 542) 1088
(422, 543) 1089
(423, 545) 1090
(423, 546) 1091
(428, 547) 1092
(436, 547) 1093
(443, 548) 1094
(444, 550) 1095
(446, 551) 1096
(447, 553) 1097
(446, 554) 1098
(446, 556) 1099
(446, 557) 1100
(444, 558) 1101
(444, 560) 1102
(448, 560) 1103
(452, 561) 1104
(463, 562) 1105
(468, 564) 1106
(594, 520) 1039
(594, 520) 1040
(594, 520) 1041
(594, 520) 1042
(594, 520) 1043
(594, 520) 1044
(594, 520) 1045
(594, 520) 1046
(594, 520) 1047
(594, 520) 1048
(594, 520) 1049
(594, 520) 1050
(594, 520) 1051
(587, 519) 1052
(577, 519) 1053
(567, 519) 1054
(558, 518) 1055
(549, 518) 1056
(541, 518) 1057
(533, 517) 1058
(527, 517) 1059
(526, 517) 1060
(530, 517) 1061
(534, 517) 1062
(536, 517) 1063
(537, 517) 1064
(539, 517) 1065
(544, 517) 1066
(548, 517) 1067
(553, 517) 1068
(557, 517) 1069
(560, 517) 1070
(563, 517) 1071
(565, 518) 1072
(566, 518) 1073
(568, 518) 1074
(569, 518) 1075
(571, 518) 1076
(572, 518) 1077
(573, 518) 1078
(574, 518) 1079
(575, 518) 1080
(576, 519) 1081
(576, 519) 1082
(577, 519) 1083
(577, 519) 1084
(578, 519) 1085
(578, 519) 1086
(584, 518) 1087
(589, 517) 1088
(593, 515) 1089
(596, 514) 1090
(596, 513) 1091
(597, 513) 1092
(597, 512) 1093
(598, 511) 1094
(603, 510) 1095
(607, 508) 1096
(611, 507) 1097
(615, 506) 1098
(618, 505) 1099
(621, 503) 1100
(624, 502) 1101
(630, 502) 1102
(636, 502) 1103
(638, 501) 1104
(279, 486) 1132
(279, 486) 1133
(279, 486) 1134
(279, 486) 1135
(279, 486) 1136
(279, 486) 1137
(279, 486) 1138
(279, 486) 1139
(279, 486) 1140
(279, 486) 1141
(279, 486) 1142
(281, 486) 1143
(283, 486) 1144
(284, 486) 1145
(283, 485) 1146
(283, 485) 1147
(284, 486) 1148
(284, 486) 1149
(284, 486) 1150
(282, 487) 1151
(282, 488) 1152
(282, 488) 1153
(282, 489) 1154
(282, 490) 1155
(282, 490) 1156
(277, 490) 1157
(270, 491) 1158
(265, 491) 1159
(260, 491) 1160
(255, 491) 1161
(251, 491) 1162
(248, 492) 1163
(246, 492) 1164
(240, 492) 1165
(234, 492) 1166
(229, 492) 1167
(232, 492) 1168
(238, 492) 1169
(248, 492) 1170
(257, 492) 1171
(264, 492) 1172
(268, 492) 1173
(273, 492) 1174
(277, 492) 1175
(278, 492) 1176
(279, 492) 1177
(279, 492) 1178
(279, 492) 1179
(279, 492) 1180
(278, 492) 1181
(278, 492) 1182
(278, 491) 1183
(278, 490) 1184
(276, 490) 1185
(274, 490) 1186
(274, 490) 1187
(274, 490) 1188
(275, 490) 1189
(275, 491) 1190
(282, 490) 1191
(288, 490) 1192
(292, 491) 1193
(295, 491) 1194
(298, 492) 1195
(300, 492) 1196
(301, 492) 1197
(300, 493) 1198
(295, 494) 1199
(289, 496) 1200
(287, 497) 1201
(285, 498) 1202
(282, 499) 1203
(281, 500) 1204
(279, 501) 1205
