(1198, 426) 20
(1200, 426) 21
(1204, 426) 22
(1207, 425) 23
(1209, 426) 24
(1210, 426) 25
(1212, 426) 26
(1213, 426) 27
(1214, 426) 28
(1216, 426) 29
(1217, 426) 30
(1217, 426) 31
(1218, 426) 32
(1219, 426) 33
(1220, 426) 34
(1220, 426) 35
(1221, 426) 36
(1221, 426) 37
(1219, 427) 38
(1218, 429) 39
(1217, 430) 40
(1218, 430) 41
(1222, 430) 42
(1227, 431) 43
(1232, 432) 44
(1239, 433) 45
(1246, 434) 46
(1246, 435) 47
(1247, 435) 48
(1248, 435) 49
(1248, 436) 50
(1249, 436) 51
(1249, 437) 52
(1249, 437) 53
(1246, 437) 54
(1247, 439) 55
(1247, 440) 56
(1246, 440) 57
(1246, 441) 58
(1247, 443) 59
(1252, 446) 60
(1256, 449) 61
(1259, 452) 62
(1262, 455) 63
(1265, 458) 64
(1266, 461) 65
(1266, 464) 66
(1267, 467) 67
(1267, 470) 68
(1267, 473) 69
(1268, 476) 70
(1268, 479) 71
(1268, 483) 72
(1275, 486) 73
(1282, 489) 74
(1287, 492) 75
(1293, 495) 76
(1292, 498) 77
(1287, 501) 78
(1280, 502) 79
(1268, 504) 80
(1256, 506) 81
(1242, 510) 82
(1229, 513) 83
(1217, 516) 84
(1203, 519) 85
(1191, 522) 86
(1179, 524) 87
(1169, 527) 88
(1161, 530) 89
(1155, 532) 90
(1149, 535) 91
(1143, 538) 92
(1138, 540) 93
(1134, 543) 94
(1130, 545) 95
(1131, 548) 96
(1131, 550) 97
(1128, 553) 98
(1126, 555) 99
(505, 236) 59
(506, 235) 60
(506, 235) 61
(510, 235) 62
(513, 234) 63
(517, 233) 64
(517, 233) 65
(517, 233) 66
(517, 233) 67
(517, 233) 68
(519, 233) 69
(521, 235) 70
(520, 238) 71
(517, 239) 72
(509, 242) 73
(502, 244) 74
(495, 246) 75
(487, 248) 76
(480, 251) 77
(473, 253) 78
(465, 255) 79
(459, 257) 80
(454, 259) 81
(448, 260) 82
(444, 261) 83
(446, 262) 84
(453, 263) 85
(466, 264) 86
(471, 264) 87
(479, 264) 88
(493, 263) 89
(505, 263) 90
(516, 263) 91
(527, 263) 92
(532, 262) 93
(538, 261) 94
(542, 259) 95
(547, 258) 96
(550, 258) 97
(553, 257) 98
(556, 257) 99
(560, 256) 100
(564, 255) 101
(567, 254) 102
(570, 253) 103
(573, 252) 104
(575, 251) 105
(573, 251) 106
(572, 251) 107
(572, 251) 108
(572, 250) 109
(570, 250) 110
(569, 250) 111
(565, 250) 112
(564, 250) 113
(561, 251) 114
(560, 251) 115
(560, 251) 116
(557, 251) 117
(551, 253) 118
(547, 254) 119
(545, 254) 120
(539, 255) 121
(534, 255) 122
(531, 255) 123
(526, 256) 124
(522, 256) 125
(519, 256) 126
(515, 256) 127
(512, 257) 128
(504, 258) 129
(494, 259) 130
(486, 260) 131
(482, 261) 132
(479, 263) 133
(476, 264) 134
(474, 265) 135
(472, 267) 136
(470, 268) 137
(469, 268) 138
(472, 268) 139
(475, 268) 140
(476, 268) 141
(476, 268) 142
(476, 269) 143
(476, 269) 144
(474, 270) 145
(466, 271) 146
(464, 272) 147
(463, 272) 148
(462, 273) 149
(461, 273) 150
(460, 274) 151
(459, 274) 152
(458, 275) 153
(457, 275) 154
(457, 276) 155
(456, 276) 156
(455, 277) 157
(455, 277) 158
(454, 278) 159
(454, 278) 160
(454, 279) 161
(453, 279) 162
(453, 280) 163
(453, 280) 164
(451, 280) 165
(1384, 601) 85
(1384, 601) 86
(1389, 601) 87
(1389, 601) 88
(1388, 601) 89
(1385, 601) 90
(1382, 602) 91
(1372, 602) 92
(1363, 603) 93
(1356, 604) 94
(1349, 605) 95
(1344, 605) 96
(1339, 606) 97
(1334, 607) 98
(1330, 607) 99
(1326, 608) 100
(1323, 609) 101
(1320, 609) 102
(1317, 610) 103
(1315, 611) 104
(1312, 611) 105
(1308, 612) 106
(1303, 612) 107
(1294, 613) 108
(1287, 614) 109
(1285, 614) 110
(1284, 615) 111
(1279, 616) 112
(1275, 617) 113
(1274, 617) 114
(1274, 617) 115
(1274, 618) 116
(1274, 618) 117
(1273, 619) 118
(1271, 618) 119
(1267, 618) 120
(1267, 619) 121
(1266, 619) 122
(1264, 619) 123
(1261, 619) 124
(1264, 619) 125
(1266, 620) 126
(1268, 620) 127
(1270, 621) 128
(1271, 621) 129
(1272, 622) 130
(1273, 622) 131
(1274, 623) 132
(1274, 623) 133
(1275, 624) 134
(1276, 625) 135
(1276, 625) 136
(1277, 626) 137
(1278, 626) 138
(1278, 627) 139
(1279, 627) 140
(1280, 628) 141
(1281, 628) 142
(1281, 629) 143
(1288, 630) 144
(1289, 630) 145
(1290, 631) 146
(1292, 631) 147
(1293, 632) 148
(1295, 632) 149
(1296, 633) 150
(1298, 633) 151
(1300, 634) 152
(1302, 634) 153
(1304, 635) 154
(1306, 636) 155
(1310, 635) 156
(1313, 635) 157
(1314, 633) 158
(1317, 633) 159
(1322, 633) 160
(1327, 634) 161
(1332, 634) 162
(1336, 634) 163
(1341, 635) 164
(1345, 635) 165
(1349, 636) 166
(1353, 636) 167
(1354, 637) 168
(1356, 638) 169
(1357, 638) 170
(1358, 639) 171
(1360, 640) 172
(1358, 641) 173
(1358, 642) 174
(1355, 642) 175
(1353, 642) 176
(1351, 642) 177
(1349, 643) 178
(1348, 643) 179
(1347, 643) 180
(1348, 643) 181
(1350, 644) 182
(1352, 644) 183
(1354, 645) 184
(1356, 645) 185
(1358, 645) 186
(1359, 645) 187
(1361, 646) 188
(1364, 646) 189
(1367, 646) 190
(1370, 647) 191
(1373, 647) 192
(1375, 647) 193
(1378, 648) 194
(1382, 649) 195
(1378, 650) 196
(1375, 651) 197
(1373, 651) 198
(1372, 650) 199
(1373, 651) 200
(1372, 652) 201
(1371, 653) 202
(1369, 654) 203
(1371, 655) 204
(1371, 656) 205
(1370, 657) 206
(1368, 658) 207
(1365, 658) 208
(1365, 659) 209
(1367, 660) 210
(1369, 660) 211
(1372, 658) 212
(1375, 657) 213
(1377, 656) 214
(1378, 656) 215
(1384, 657) 216
(1390, 658) 217
(1394, 659) 218
(1398, 660) 219
(1402, 661) 220
(1405, 661) 221
(1412, 663) 222
(1414, 663) 223
(1418, 664) 224
(1422, 665) 225
(1430, 667) 226
(1438, 668) 227
(1445, 669) 228
(1443, 671) 229
(1442, 672) 230
(1442, 673) 231
(1441, 675) 232
(1441, 676) 233
(1436, 677) 234
(1432, 678) 235
(1429, 678) 236
(1426, 679) 237
(1426, 679) 238
(1427, 679) 239
(1431, 681) 240
(1430, 682) 241
(1430, 683) 242
(1433, 683) 243
(1435, 683) 244
(1438, 684) 245
(1441, 684) 246
(1448, 685) 247
(1456, 685) 248
(1463, 686) 249
(1471, 687) 250
(1478, 688) 251
(1482, 689) 252
(1485, 689) 253
(1489, 690) 254
(1489, 690) 255
(1488, 691) 256
(1488, 691) 257
(1487, 691) 258
(1487, 692) 259
(1486, 692) 260
(1486, 692) 261
(1486, 693) 262
(1485, 693) 263
(1479, 693) 264
(1473, 692) 265
(1468, 691) 266
(1464, 690) 267
(1461, 689) 268
(1459, 688) 269
(1456, 687) 270
(1453, 686) 271
(1451, 686) 272
(1448, 685) 273
(508, 510) 159
(509, 510) 160
(510, 511) 161
(510, 511) 162
(511, 512) 163
(510, 513) 164
(510, 515) 165
(509, 516) 166
(508, 517) 167
(507, 518) 168
(504, 519) 169
(505, 520) 170
(507, 521) 171
(507, 522) 172
(504, 523) 173
(501, 525) 174
(498, 526) 175
(495, 527) 176
(494, 528) 177
(494, 528) 178
(494, 529) 179
(493, 530) 180
(493, 530) 181
(495, 532) 182
(498, 533) 183
(499, 534) 184
(501, 535) 185
(504, 536) 186
(505, 537) 187
(508, 538) 188
(510, 539) 189
(515, 539) 190
(519, 540) 191
(518, 540) 192
(519, 540) 193
(520, 541) 194
(521, 542) 195
(521, 543) 196
(521, 543) 197
(521, 543) 198
(522, 542) 199
(524, 541) 200
(525, 540) 201
(526, 539) 202
(526, 538) 203
(525, 538) 204
(524, 539) 205
(525, 538) 206
(525, 537) 207
(525, 536) 208
(525, 535) 209
(525, 534) 210
(525, 533) 211
(525, 533) 212
(525, 532) 213
(525, 531) 214
(525, 530) 215
(525, 529) 216
(525, 528) 217
(525, 528) 218
(525, 527) 219
(527, 528) 220
(529, 529) 221
(529, 529) 222
(529, 529) 223
(528, 529) 224
(527, 529) 225
(526, 529) 226
(525, 529) 227
(525, 528) 228
(525, 527) 229
(525, 526) 230
(525, 525) 231
(524, 524) 232
(524, 523) 233
(524, 522) 234
(524, 521) 235
(524, 521) 236
(524, 520) 237
(524, 519) 238
(524, 518) 239
(524, 517) 240
(524, 516) 241
(518, 516) 242
(512, 515) 243
(507, 515) 244
(502, 514) 245
(497, 513) 246
(499, 512) 247
(498, 511) 248
(496, 509) 249
(493, 506) 250
(489, 504) 251
(486, 501) 252
(483, 498) 253
(481, 495) 254
(478, 492) 255
(478, 489) 256
(479, 485) 257
(482, 481) 258
(484, 478) 259
(485, 472) 260
(485, 467) 261
(486, 463) 262
(489, 457) 263
(491, 451) 264
(492, 446) 265
(493, 440) 266
(493, 436) 267
(493, 431) 268
(493, 427) 269
(493, 423) 270
(493, 419) 271
(493, 414) 272
(492, 410) 273
(492, 406) 274
(490, 402) 275
(489, 398) 276
(487, 394) 277
(485, 389) 278
(798, 572) 162
(799, 572) 163
(801, 572) 164
(800, 572) 165
(800, 572) 166
(800, 571) 167
(800, 571) 168
(803, 571) 169
(805, 570) 170
(807, 570) 171
(809, 569) 172
(817, 569) 173
(821, 568) 174
(824, 568) 175
(828, 568) 176
(829, 567) 177
(831, 567) 178
(831, 567) 179
(831, 567) 180
(830, 567) 181
(830, 567) 182
(828, 567) 183
(826, 566) 184
(825, 566) 185
(823, 566) 186
(821, 566) 187
(818, 566) 188
(816, 566) 189
(814, 566) 190
(812, 567) 191
(813, 566) 192
(814, 565) 193
(816, 565) 194
(818, 564) 195
(819, 563) 196
(821, 563) 197
(822, 562) 198
(822, 562) 199
(823, 561) 200
(824, 561) 201
(826, 560) 202
(827, 560) 203
(828, 559) 204
(828, 559) 205
(825, 557) 206
(822, 555) 207
(821, 553) 208
(820, 551) 209
(820, 549) 210
(819, 547) 211
(819, 545) 212
(816, 543) 213
(808, 542) 214
(801, 541) 215
(794, 539) 216
(788, 538) 217
(783, 536) 218
(778, 535) 219
(774, 534) 220
(770, 533) 221
(767, 531) 222
(764, 530) 223
(761, 529) 224
(759, 528) 225
(756, 527) 226
(756, 525) 227
(760, 524) 228
(762, 523) 229
(765, 523) 230
(765, 522) 231
(765, 521) 232
(766, 521) 233
(766, 520) 234
(757, 519) 235
(1443, 455) 256
(1443, 455) 257
(1444, 455) 258
(1445, 454) 259
(1447, 454) 260
(1447, 454) 261
(1447, 454) 262
(1447, 453) 263
(1449, 453) 264
(1451, 452) 265
(1454, 451) 266
(1457, 450) 267
(1460, 449) 268
(1463, 448) 269
(1466, 447) 270
(1466, 446) 271
(1466, 445) 272
(1465, 443) 273
(1464, 441) 274
(1463, 439) 275
(1463, 437) 276
(1467, 436) 277
(1478, 435) 278
(1489, 433) 279
(1498, 432) 280
(1506, 431) 281
(1514, 430) 282
(1520, 429) 283
(1526, 428) 284
(1532, 427) 285
(1537, 426) 286
(1541, 425) 287
(1545, 424) 288
(1549, 423) 289
(1552, 422) 290
(1555, 421) 291
(1557, 420) 292
(1560, 419) 293
(1569, 417) 294
(1578, 415) 295
(1586, 414) 296
(1594, 412) 297
(1601, 410) 298
(1608, 409) 299
(1609, 407) 300
(1609, 406) 301
(1609, 404) 302
(1609, 403) 303
(1609, 402) 304
(1609, 400) 305
(1610, 399) 306
(1610, 398) 307
(1611, 397) 308
(1611, 396) 309
(1612, 394) 310
(1605, 392) 311
(1600, 390) 312
(1595, 388) 313
(1583, 386) 314
(1571, 384) 315
(1561, 382) 316
(1104, 782) 256
(1104, 782) 257
(1103, 782) 258
(1103, 782) 259
(1103, 782) 260
(1102, 782) 261
(1101, 782) 262
(1101, 782) 263
(1100, 782) 264
(1100, 782) 265
(1099, 782) 266
(1099, 782) 267
(1098, 782) 268
(1098, 782) 269
(1097, 783) 270
(1095, 783) 271
(1093, 783) 272
(1091, 783) 273
(1090, 783) 274
(1089, 783) 275
(1086, 783) 276
(1083, 784) 277
(1080, 784) 278
(1077, 784) 279
(1075, 784) 280
(1072, 784) 281
(1070, 784) 282
(1067, 784) 283
(1064, 784) 284
(1061, 784) 285
(1058, 784) 286
(1055, 784) 287
(1053, 784) 288
(1050, 784) 289
(1043, 784) 290
(1037, 784) 291
(1031, 784) 292
(1017, 785) 293
(1001, 785) 294
(986, 785) 295
(972, 786) 296
(960, 786) 297
(950, 786) 298
(940, 787) 299
(931, 787) 300
(929, 787) 301
(926, 787) 302
(924, 787) 303
(922, 787) 304
(921, 787) 305
(919, 787) 306
(918, 787) 307
(917, 787) 308
(915, 787) 309
(914, 787) 310
(914, 787) 311
(913, 787) 312
(912, 787) 313
(911, 787) 314
(903, 787) 315
(893, 787) 316
(882, 786) 317
(870, 786) 318
(1475, 482) 280
(1482, 482) 281
(1490, 483) 282
(1498, 483) 283
(1507, 483) 284
(1514, 483) 285
(1520, 483) 286
(1526, 483) 287
(1531, 483) 288
(1536, 483) 289
(1540, 483) 290
(1544, 483) 291
(1548, 483) 292
(1551, 483) 293
(1562, 483) 294
(1571, 483) 295
(1578, 484) 296
(1581, 484) 297
(1584, 485) 298
(1586, 486) 299
(1587, 487) 300
(1589, 487) 301
(1588, 487) 302
(1588, 486) 303
(1587, 486) 304
(1586, 486) 305
(1585, 486) 306
(1583, 485) 307
(1581, 485) 308
(1578, 485) 309
(1573, 485) 310
(1569, 486) 311
(1565, 487) 312
(1562, 487) 313
(1562, 487) 314
(1562, 487) 315
(1561, 488) 316
(1554, 488) 317
(1550, 487) 318
(1552, 488) 319
(1555, 489) 320
(1559, 489) 321
(1562, 488) 322
(1566, 488) 323
(1567, 487) 324
(1569, 486) 325
(1569, 485) 326
(1573, 485) 327
(1578, 485) 328
(1581, 485) 329
(1584, 484) 330
(1587, 484) 331
(1589, 484) 332
(1591, 484) 333
(1593, 484) 334
(1594, 484) 335
(1595, 484) 336
(1596, 484) 337
(1597, 484) 338
(1599, 484) 339
(1598, 485) 340
(1595, 485) 341
(1592, 486) 342
(1588, 485) 343
(1585, 486) 344
(1581, 487) 345
(1578, 488) 346
(1575, 490) 347
(1572, 491) 348
(1570, 492) 349
(1568, 493) 350
(1566, 494) 351
(1564, 495) 352
(1562, 496) 353
(1561, 497) 354
(1560, 498) 355
(1552, 498) 356
(1543, 499) 357
(1535, 499) 358
(1527, 499) 359
(1520, 499) 360
(1510, 500) 361
(1501, 500) 362
(1497, 499) 363
(1489, 500) 364
(1485, 501) 365
(1481, 501) 366
(1380, 691) 297
(1380, 690) 298
(1380, 690) 299
(1380, 690) 300
(1380, 690) 301
(1380, 690) 302
(1379, 690) 303
(1379, 690) 304
(1378, 690) 305
(1378, 690) 306
(1377, 690) 307
(1377, 690) 308
(1377, 690) 309
(1378, 689) 310
(1378, 689) 311
(1377, 688) 312
(1376, 688) 313
(1375, 688) 314
(1373, 687) 315
(1372, 687) 316
(1370, 687) 317
(1368, 686) 318
(1367, 686) 319
(1365, 686) 320
(1363, 686) 321
(1361, 686) 322
(1359, 685) 323
(1357, 685) 324
(1355, 685) 325
(1353, 685) 326
(1351, 684) 327
(1349, 684) 328
(1347, 684) 329
(1347, 683) 330
(1347, 681) 331
(1348, 680) 332
(1348, 677) 333
(1348, 676) 334
(1349, 674) 335
(1349, 673) 336
(1348, 671) 337
(1347, 669) 338
(1347, 668) 339
(1352, 667) 340
(1357, 667) 341
(1361, 666) 342
(1365, 666) 343
(1369, 665) 344
(1372, 665) 345
(1375, 664) 346
(1378, 664) 347
(1380, 663) 348
(1389, 663) 349
(1396, 663) 350
(1396, 663) 351
(1396, 662) 352
(1392, 662) 353
(1389, 661) 354
(1386, 660) 355
(1384, 660) 356
(1381, 659) 357
(1379, 659) 358
(1378, 658) 359
(1376, 658) 360
(1374, 657) 361
(1373, 657) 362
(1372, 656) 363
(1371, 656) 364
(1370, 655) 365
(1370, 655) 366
(1374, 654) 367
(1379, 652) 368
(1384, 650) 369
(1389, 648) 370
(1393, 646) 371
(1398, 643) 372
(1402, 641) 373
(1406, 639) 374
(1409, 637) 375
(1410, 634) 376
(1412, 632) 377
(1413, 629) 378
(1414, 626) 379
(1414, 624) 380
(1413, 621) 381
(1412, 618) 382
(1412, 617) 383
(1417, 615) 384
(1422, 613) 385
(1430, 611) 386
(1438, 608) 387
(1444, 604) 388
(1447, 602) 389
(1451, 599) 390
(1454, 596) 391
(1457, 594) 392
(1456, 591) 393
(1455, 588) 394
(1452, 586) 395
(1448, 584) 396
(1447, 581) 397
(1446, 579) 398
(1441, 577) 399
(1437, 575) 400
(1431, 572) 401
(1431, 570) 402
(1433, 569) 403
(1435, 567) 404
(1438, 565) 405
(1442, 564) 406
(1445, 562) 407
(1447, 560) 408
(1447, 558) 409
(1448, 557) 410
(1449, 555) 411
(1454, 554) 412
(1459, 552) 413
(1465, 550) 414
(1471, 549) 415
(1476, 547) 416
(1481, 545) 417
(1482, 543) 418
(1483, 541) 419
(1485, 538) 420
(1487, 536) 421
(1489, 534) 422
(1491, 532) 423
(1494, 530) 424
(1497, 528) 425
(1499, 526) 426
(1499, 525) 427
(1499, 523) 428
(1498, 522) 429
(1496, 521) 430
(1491, 519) 431
(1482, 518) 432
(1474, 516) 433
(1474, 515) 434
(1474, 514) 435
(1473, 513) 436
(1473, 512) 437
(1471, 511) 438
(1470, 510) 439
(1470, 509) 440
(1474, 509) 441
(1477, 508) 442
(1480, 508) 443
(1480, 508) 444
(1482, 508) 445
(1486, 508) 446
(1488, 507) 447
(1492, 506) 448
(1496, 505) 449
(1500, 504) 450
(1503, 503) 451
(1503, 503) 452
(1502, 502) 453
(1502, 501) 454
(1503, 500) 455
(1505, 499) 456
(1507, 499) 457
(1507, 498) 458
(1506, 498) 459
(1502, 498) 460
(1499, 498) 461
(1500, 498) 462
(1501, 498) 463
(1496, 498) 464
(1495, 498) 465
(1493, 498) 466
(1491, 498) 467
(1489, 498) 468
(1488, 498) 469
(1486, 498) 470
(1483, 498) 471
(1485, 497) 472
(1485, 497) 473
(1485, 497) 474
(1483, 497) 475
(1482, 497) 476
(1481, 498) 477
(1480, 498) 478
(1479, 498) 479
(1478, 499) 480
(1478, 499) 481
(1477, 499) 482
(1477, 499) 483
(1477, 499) 484
(1477, 499) 485
(1478, 499) 486
(1478, 499) 487
(1471, 499) 488
(1464, 500) 489
(1466, 500) 490
(1467, 500) 491
(1469, 500) 492
(1470, 500) 493
(1471, 501) 494
(1473, 501) 495
(1474, 501) 496
(1474, 501) 497
(1474, 501) 498
(1472, 501) 499
(1471, 500) 500
(1474, 501) 501
(1479, 501) 502
(1483, 502) 503
(1482, 501) 504
(1480, 501) 505
(1477, 500) 506
(1476, 500) 507
(1476, 500) 508
(1478, 499) 509
(1480, 499) 510
(1482, 499) 511
(1485, 498) 512
(1485, 498) 513
(1486, 498) 514
(1488, 498) 515
(1491, 498) 516
(1492, 498) 517
(1495, 498) 518
(1495, 498) 519
(1499, 498) 520
(1504, 497) 521
(1509, 497) 522
(1513, 496) 523
(1518, 496) 524
(1522, 496) 525
(1524, 495) 526
(1524, 495) 527
(1525, 495) 528
(1524, 495) 529
(1524, 494) 530
(1524, 494) 531
(1524, 494) 532
(1522, 495) 533
(1521, 496) 534
(1521, 496) 535
(1521, 497) 536
(1524, 497) 537
(1525, 497) 538
(1526, 497) 539
(1526, 497) 540
(1525, 497) 541
(1526, 497) 542
(1524, 498) 543
(1520, 499) 544
(1517, 499) 545
(1512, 499) 546
(1512, 500) 547
(1512, 500) 548
(1512, 501) 549
(1512, 501) 550
(1511, 502) 551
(1508, 503) 552
(1507, 503) 553
(1507, 504) 554
(1506, 504) 555
(1506, 505) 556
(1507, 505) 557
(1507, 506) 558
(1507, 507) 559
(1505, 508) 560
(1505, 509) 561
(1504, 510) 562
(1503, 511) 563
(1500, 512) 564
(1498, 512) 565
(1496, 513) 566
(1493, 514) 567
(1491, 514) 568
(1488, 515) 569
(1485, 515) 570
(1481, 516) 571
(1478, 516) 572
(1475, 516) 573
(1476, 516) 574
(1477, 516) 575
(1478, 515) 576
(1479, 514) 577
(1479, 513) 578
(1476, 513) 579
(1473, 512) 580
(1471, 512) 581
(1471, 512) 582
(1473, 511) 583
(1473, 510) 584
(1479, 509) 585
(1484, 507) 586
(1490, 506) 587
(1495, 505) 588
(1499, 504) 589
(1497, 503) 590
(1493, 503) 591
(1486, 502) 592
(1480, 502) 593
(1474, 502) 594
(1466, 501) 595
(1459, 501) 596
(1451, 501) 597
(1445, 500) 598
(1442, 500) 599
(1436, 500) 600
(1434, 500) 601
(1434, 499) 602
(1435, 498) 603
(1434, 498) 604
(1434, 497) 605
(1429, 496) 606
(1423, 495) 607
(1419, 495) 608
(1421, 494) 609
(1424, 493) 610
(1426, 493) 611
(1428, 492) 612
(1428, 492) 613
(1423, 491) 614
(1417, 491) 615
(1411, 491) 616
(1412, 491) 617
(1412, 491) 618
(1412, 491) 619
(1414, 491) 620
(1418, 491) 621
(1415, 492) 622
(1409, 492) 623
(1406, 492) 624
(1404, 492) 625
(1398, 492) 626
(1399, 492) 627
(1399, 492) 628
(1399, 492) 629
(1404, 491) 630
(1402, 491) 631
(1404, 491) 632
(1406, 492) 633
(1406, 492) 634
(1407, 492) 635
(1411, 493) 636
(1416, 493) 637
(1423, 494) 638
(1430, 494) 639
(1435, 495) 640
(1433, 495) 641
(1430, 496) 642
(1428, 497) 643
(1426, 498) 644
(1425, 498) 645
(1424, 499) 646
(1423, 499) 647
(1423, 500) 648
(1429, 500) 649
(1435, 500) 650
(1435, 500) 651
(1440, 500) 652
(1436, 500) 653
(1433, 500) 654
(1427, 500) 655
(1422, 500) 656
(1418, 501) 657
(1414, 501) 658
(1410, 501) 659
(1407, 501) 660
(1404, 501) 661
(1404, 501) 662
(1407, 501) 663
(1412, 501) 664
(1419, 501) 665
(1424, 501) 666
(1428, 501) 667
(1431, 501) 668
(1435, 501) 669
(1438, 501) 670
(1440, 501) 671
(1441, 501) 672
(471, 455) 312
(471, 455) 313
(471, 455) 314
(471, 455) 315
(471, 455) 316
(471, 455) 317
(471, 455) 318
(471, 455) 319
(471, 455) 320
(471, 455) 321
(471, 455) 322
(471, 455) 323
(471, 455) 324
(471, 455) 325
(471, 455) 326
(474, 456) 327
(478, 457) 328
(480, 459) 329
(483, 460) 330
(488, 461) 331
(498, 464) 332
(508, 466) 333
(519, 470) 334
(529, 473) 335
(535, 475) 336
(541, 478) 337
(548, 480) 338
(558, 482) 339
(562, 486) 340
(565, 489) 341
(569, 492) 342
(574, 496) 343
(580, 499) 344
(586, 502) 345
(591, 505) 346
(593, 507) 347
(594, 509) 348
(595, 511) 349
(597, 512) 350
(598, 514) 351
(599, 516) 352
(600, 519) 353
(600, 521) 354
(600, 524) 355
(600, 527) 356
(597, 528) 357
(596, 530) 358
(596, 532) 359
(594, 534) 360
(594, 535) 361
(594, 537) 362
(593, 538) 363
(590, 539) 364
(589, 540) 365
(588, 541) 366
(586, 543) 367
(585, 544) 368
(585, 545) 369
(578, 545) 370
(576, 546) 371
(573, 546) 372
(571, 547) 373
(572, 548) 374
(572, 550) 375
(572, 552) 376
(572, 553) 377
(573, 554) 378
(573, 555) 379
(568, 555) 380
(569, 555) 381
(569, 556) 382
(563, 556) 383
(556, 556) 384
(550, 556) 385
(538, 556) 386
(525, 557) 387
(515, 557) 388
(508, 558) 389
(501, 558) 390
(494, 559) 391
(487, 559) 392
(480, 559) 393
(471, 559) 394
(469, 559) 395
(468, 559) 396
(468, 560) 397
(468, 560) 398
(470, 560) 399
(473, 560) 400
(476, 560) 401
(479, 561) 402
(480, 561) 403
(483, 561) 404
(486, 560) 405
(488, 560) 406
(491, 559) 407
(493, 558) 408
(496, 559) 409
(500, 559) 410
(503, 560) 411
(505, 559) 412
(506, 559) 413
(509, 558) 414
(511, 558) 415
(512, 558) 416
(514, 558) 417
(516, 558) 418
(517, 557) 419
(519, 555) 420
(519, 553) 421
(519, 552) 422
(520, 550) 423
(520, 549) 424
(520, 547) 425
(514, 546) 426
(507, 545) 427
(501, 543) 428
(495, 542) 429
(493, 542) 430
(491, 542) 431
(488, 540) 432
(486, 538) 433
(484, 537) 434
(482, 535) 435
(480, 534) 436
(479, 532) 437
(478, 531) 438
(461, 247) 375
(461, 247) 376
(461, 246) 377
(461, 247) 378
(460, 248) 379
(459, 250) 380
(459, 253) 381
(459, 255) 382
(461, 257) 383
(463, 258) 384
(465, 260) 385
(464, 261) 386
(463, 263) 387
(461, 264) 388
(460, 265) 389
(458, 266) 390
(457, 267) 391
(456, 269) 392
(455, 271) 393
(455, 272) 394
(454, 273) 395
(453, 272) 396
(453, 271) 397
(452, 271) 398
(452, 270) 399
(452, 269) 400
(457, 269) 401
(460, 269) 402
(460, 268) 403
(459, 267) 404
(457, 267) 405
(458, 266) 406
(458, 265) 407
(459, 263) 408
(457, 262) 409
(456, 261) 410
(455, 261) 411
(454, 260) 412
(457, 260) 413
(456, 260) 414
(456, 261) 415
(459, 261) 416
(463, 262) 417
(466, 262) 418
(469, 263) 419
(471, 264) 420
(473, 264) 421
(475, 265) 422
(477, 265) 423
(479, 266) 424
(480, 266) 425
(482, 267) 426
(483, 267) 427
(483, 268) 428
(478, 268) 429
(473, 267) 430
(467, 267) 431
(463, 267) 432
(459, 267) 433
(455, 266) 434
(455, 267) 435
(454, 268) 436
(454, 270) 437
(455, 271) 438
(456, 272) 439
(457, 273) 440
(457, 273) 441
(457, 273) 442
(458, 274) 443
(458, 274) 444
(459, 274) 445
(459, 275) 446
(458, 275) 447
(458, 276) 448
(458, 276) 449
(458, 276) 450
(458, 276) 451
(459, 276) 452
(459, 276) 453
(459, 275) 454
(460, 275) 455
(461, 274) 456
(462, 274) 457
(464, 273) 458
(465, 272) 459
(467, 271) 460
(469, 270) 461
(471, 269) 462
(473, 268) 463
(476, 267) 464
(478, 266) 465
(482, 266) 466
(485, 267) 467
(488, 268) 468
(490, 269) 469
(491, 270) 470
(491, 272) 471
(495, 273) 472
(498, 275) 473
(497, 276) 474
(496, 276) 475
(493, 277) 476
(491, 277) 477
(489, 277) 478
(488, 277) 479
(486, 276) 480
(484, 276) 481
(482, 275) 482
(480, 275) 483
(477, 275) 484
(475, 275) 485
(472, 276) 486
(470, 277) 487
(468, 279) 488
(465, 280) 489
(463, 282) 490
(461, 284) 491
(459, 286) 492
(456, 288) 493
(454, 291) 494
(707, 789) 378
(707, 789) 379
(708, 788) 380
(711, 788) 381
(719, 788) 382
(724, 787) 383
(725, 787) 384
(726, 786) 385
(728, 786) 386
(730, 785) 387
(738, 784) 388
(746, 783) 389
(746, 782) 390
(746, 781) 391
(746, 779) 392
(754, 778) 393
(762, 777) 394
(768, 775) 395
(768, 775) 396
(769, 774) 397
(769, 773) 398
(770, 772) 399
(771, 772) 400
(771, 770) 401
(768, 770) 402
(763, 769) 403
(758, 768) 404
(754, 767) 405
(750, 766) 406
(747, 765) 407
(744, 765) 408
(741, 764) 409
(739, 763) 410
(737, 762) 411
(735, 762) 412
(733, 761) 413
(731, 760) 414
(730, 760) 415
(728, 759) 416
(727, 758) 417
(726, 758) 418
(725, 757) 419
(724, 757) 420
(723, 756) 421
(723, 755) 422
(725, 756) 423
(724, 757) 424
(721, 757) 425
(718, 758) 426
(715, 759) 427
(712, 759) 428
(711, 760) 429
(708, 761) 430
(702, 762) 431
(697, 763) 432
(692, 764) 433
(688, 765) 434
(684, 766) 435
(680, 766) 436
(673, 765) 437
(1110, 370) 458
(1110, 370) 459
(1110, 370) 460
(1110, 370) 461
(1110, 371) 462
(1105, 372) 463
(1103, 373) 464
(1101, 374) 465
(1100, 375) 466
(1099, 376) 467
(1099, 377) 468
(1094, 379) 469
(1094, 381) 470
(1094, 382) 471
(1095, 384) 472
(1095, 386) 473
(1100, 389) 474
(1107, 392) 475
(1114, 396) 476
(1120, 399) 477
(1126, 403) 478
(1132, 408) 479
(1137, 414) 480
(1141, 419) 481
(1145, 424) 482
(1148, 429) 483
(1152, 434) 484
(1155, 439) 485
(1156, 444) 486
(1156, 448) 487
(1156, 453) 488
(1157, 458) 489
(1157, 462) 490
(1151, 468) 491
(1146, 473) 492
(1141, 478) 493
(1136, 483) 494
(1132, 488) 495
(1129, 493) 496
(1126, 498) 497
(1123, 503) 498
(1120, 507) 499
(1118, 512) 500
(1116, 516) 501
(1114, 520) 502
(1106, 525) 503
(1099, 530) 504
(1094, 533) 505
(1090, 536) 506
(1089, 539) 507
(1090, 542) 508
(1094, 545) 509
(1098, 548) 510
(1101, 551) 511
(1101, 553) 512
(1098, 557) 513
(1094, 560) 514
(1097, 562) 515
(1100, 564) 516
(1103, 567) 517
(1107, 569) 518
(1112, 571) 519
(1116, 573) 520
(1120, 576) 521
(1123, 578) 522
(1127, 580) 523
(1130, 582) 524
(1133, 584) 525
(1136, 586) 526
(1138, 587) 527
(1140, 589) 528
(1142, 591) 529
(1143, 593) 530
(1145, 594) 531
(1146, 596) 532
(1148, 598) 533
(1149, 599) 534
(1150, 601) 535
(1150, 603) 536
(1151, 604) 537
(1152, 606) 538
(1153, 607) 539
(1159, 609) 540
(1160, 610) 541
(1165, 612) 542
(1164, 613) 543
(1164, 614) 544
(1172, 615) 545
(1179, 615) 546
(1186, 616) 547
(1192, 617) 548
(1197, 617) 549
(1202, 618) 550
(627, 561) 468
(627, 561) 469
(628, 561) 470
(628, 561) 471
(626, 561) 472
(623, 561) 473
(621, 561) 474
(620, 561) 475
(620, 561) 476
(620, 561) 477
(620, 561) 478
(621, 560) 479
(621, 560) 480
(616, 561) 481
(606, 562) 482
(598, 562) 483
(590, 563) 484
(587, 564) 485
(581, 564) 486
(575, 565) 487
(570, 566) 488
(565, 566) 489
(561, 567) 490
(557, 567) 491
(551, 567) 492
(548, 567) 493
(547, 568) 494
(543, 568) 495
(540, 568) 496
(538, 568) 497
(538, 569) 498
(537, 569) 499
(541, 569) 500
(546, 568) 501
(548, 569) 502
(549, 569) 503
(552, 570) 504
(553, 570) 505
(555, 572) 506
(556, 572) 507
(557, 573) 508
(557, 574) 509
(558, 574) 510
(558, 575) 511
(559, 576) 512
(560, 576) 513
(562, 577) 514
(563, 578) 515
(565, 579) 516
(566, 580) 517
(567, 581) 518
(567, 582) 519
(568, 582) 520
(567, 583) 521
(566, 584) 522
(566, 584) 523
(565, 585) 524
(565, 586) 525
(561, 586) 526
(557, 587) 527
(551, 586) 528
(545, 585) 529
(539, 585) 530
(535, 585) 531
(530, 584) 532
(530, 584) 533
(533, 585) 534
(530, 585) 535
(529, 585) 536
(527, 585) 537
(526, 585) 538
(525, 585) 539
(521, 585) 540
(518, 585) 541
(517, 585) 542
(512, 585) 543
(500, 585) 544
(489, 585) 545
(480, 585) 546
(471, 585) 547
(463, 585) 548
(457, 584) 549
(450, 584) 550
(445, 584) 551
(433, 583) 552
(424, 583) 553
(418, 582) 554
(412, 581) 555
(407, 580) 556
(409, 580) 557
(412, 580) 558
(417, 579) 559
(419, 579) 560
(419, 579) 561
(428, 579) 562
(436, 580) 563
(443, 580) 564
(450, 580) 565
(454, 580) 566
(458, 581) 567
(462, 581) 568
(465, 581) 569
(465, 581) 570
(463, 581) 571
(458, 581) 572
(453, 581) 573
(449, 581) 574
(452, 580) 575
(455, 580) 576
(458, 580) 577
(460, 580) 578
(463, 580) 579
(466, 580) 580
(468, 580) 581
(471, 580) 582
(474, 580) 583
(478, 579) 584
(480, 580) 585
(482, 581) 586
(484, 582) 587
(491, 582) 588
(501, 584) 589
(508, 585) 590
(515, 586) 591
(522, 588) 592
(528, 589) 593
(533, 590) 594
(537, 591) 595
(541, 592) 596
(545, 593) 597
(548, 593) 598
(552, 594) 599
(558, 595) 600
(557, 596) 601
(556, 598) 602
(554, 599) 603
(552, 600) 604
(551, 602) 605
(549, 603) 606
(548, 604) 607
(544, 605) 608
(541, 606) 609
(540, 607) 610
(539, 608) 611
(539, 609) 612
(538, 610) 613
(538, 611) 614
(538, 612) 615
(537, 613) 616
(537, 613) 617
(537, 614) 618
(537, 615) 619
(537, 616) 620
(537, 616) 621
(537, 616) 622
(536, 615) 623
(532, 616) 624
(528, 617) 625
(528, 617) 626
(527, 617) 627
(525, 616) 628
(523, 616) 629
(521, 616) 630
(520, 616) 631
(519, 616) 632
(519, 616) 633
(520, 617) 634
(522, 617) 635
(523, 618) 636
(524, 618) 637
(525, 618) 638
(526, 619) 639
(527, 619) 640
(528, 620) 641
(529, 620) 642
(530, 620) 643
(529, 620) 644
(528, 621) 645
(526, 621) 646
(524, 621) 647
(520, 621) 648
(517, 621) 649
(513, 621) 650
(508, 620) 651
(502, 620) 652
(88, 498) 532
(91, 498) 533
(96, 498) 534
(102, 498) 535
(106, 498) 536
(109, 498) 537
(114, 498) 538
(119, 498) 539
(126, 498) 540
(134, 498) 541
(142, 498) 542
(150, 498) 543
(158, 498) 544
(166, 499) 545
(170, 499) 546
(174, 500) 547
(181, 501) 548
(188, 502) 549
(195, 503) 550
(201, 505) 551
(207, 506) 552
(212, 507) 553
(212, 508) 554
(211, 510) 555
(210, 511) 556
(208, 512) 557
(207, 513) 558
(207, 514) 559
(208, 515) 560
(208, 516) 561
(211, 516) 562
(213, 516) 563
(213, 516) 564
(212, 516) 565
(210, 516) 566
(208, 516) 567
(207, 515) 568
(205, 515) 569
(204, 515) 570
(202, 515) 571
(201, 515) 572
(200, 515) 573
(200, 515) 574
(202, 516) 575
(202, 517) 576
(202, 518) 577
(202, 518) 578
(202, 519) 579
(202, 520) 580
(201, 521) 581
(194, 522) 582
(182, 522) 583
(170, 523) 584
(164, 524) 585
(152, 524) 586
(144, 524) 587
(135, 525) 588
(128, 525) 589
(121, 526) 590
(114, 526) 591
(102, 526) 592
(91, 526) 593
(75, 527) 594
(57, 528) 595
(41, 528) 596
(26, 527) 597
(26, 527) 598
(1940, 526) 599
(1926, 526) 600
(1916, 526) 601
(1910, 525) 602
(1911, 525) 603
(1910, 523) 604
(9, 521) 605
(21, 520) 606
(33, 519) 607
(46, 518) 608
(63, 517) 609
(78, 517) 610
(90, 518) 611
(100, 518) 612
(103, 518) 613
(105, 519) 614
(106, 519) 615
(107, 519) 616
(110, 519) 617
(108, 520) 618
(103, 519) 619
(96, 519) 620
(90, 519) 621
(83, 518) 622
(76, 518) 623
(70, 518) 624
(65, 519) 625
(61, 519) 626
(57, 519) 627
(53, 520) 628
(50, 520) 629
(47, 521) 630
(44, 521) 631
(42, 521) 632
(40, 522) 633
(38, 522) 634
(36, 522) 635
(31, 524) 636
(28, 526) 637
(28, 526) 638
(29, 527) 639
(31, 527) 640
(32, 527) 641
(35, 526) 642
(35, 525) 643
(36, 525) 644
(40, 524) 645
(43, 524) 646
(50, 525) 647
(56, 526) 648
(61, 527) 649
(65, 527) 650
(69, 528) 651
(72, 529) 652
(75, 529) 653
(78, 530) 654
(80, 530) 655
(80, 530) 656
(77, 531) 657
(73, 533) 658
(68, 534) 659
(65, 534) 660
(62, 535) 661
(59, 536) 662
(60, 536) 663
(61, 536) 664
(64, 536) 665
(68, 536) 666
(72, 535) 667
(71, 535) 668
(69, 535) 669
(63, 535) 670
(54, 534) 671
(52, 534) 672
(1900, 438) 552
(1900, 438) 553
(1901, 438) 554
(1902, 438) 555
(1902, 439) 556
(1902, 439) 557
(1902, 439) 558
(1901, 439) 559
(1900, 440) 560
(1898, 440) 561
(1895, 440) 562
(1893, 440) 563
(1891, 441) 564
(1890, 441) 565
(1888, 441) 566
(1887, 441) 567
(1885, 442) 568
(1884, 442) 569
(1884, 442) 570
(1888, 443) 571
(1888, 444) 572
(1887, 445) 573
(1885, 446) 574
(1883, 446) 575
(1881, 447) 576
(1880, 448) 577
(1878, 449) 578
(1877, 450) 579
(1876, 451) 580
(1875, 452) 581
(1874, 453) 582
(1874, 454) 583
(1873, 454) 584
(1872, 455) 585
(1872, 456) 586
(1871, 457) 587
(1871, 457) 588
(1870, 458) 589
(1870, 459) 590
(1870, 460) 591
(1869, 460) 592
(1863, 462) 593
(1857, 463) 594
(1852, 465) 595
(1848, 466) 596
(1844, 468) 597
(1840, 469) 598
(1837, 471) 599
(1834, 472) 600
(1831, 474) 601
(1829, 475) 602
(1826, 476) 603
(1819, 477) 604
(1813, 479) 605
(1807, 480) 606
(1802, 482) 607
(1797, 484) 608
(1793, 485) 609
(1789, 487) 610
(1786, 488) 611
(1783, 489) 612
(1780, 491) 613
(1774, 492) 614
(1770, 494) 615
(1765, 495) 616
(1760, 497) 617
(1756, 498) 618
(1749, 500) 619
(1747, 501) 620
(1744, 502) 621
(1741, 503) 622
(1738, 503) 623
(1738, 503) 624
(1737, 502) 625
(1731, 501) 626
(1731, 501) 627
(1730, 501) 628
(1730, 501) 629
(1729, 500) 630
(1729, 500) 631
(1729, 500) 632
(1728, 499) 633
(1729, 499) 634
(1729, 498) 635
(1730, 497) 636
(1730, 496) 637
(1730, 496) 638
(1731, 495) 639
(1732, 495) 640
(1730, 494) 641
(1728, 494) 642
(1726, 494) 643
(1725, 493) 644
(1724, 493) 645
(1723, 493) 646
(1722, 493) 647
(1721, 492) 648
(1720, 492) 649
(1720, 492) 650
(1262, 629) 574
(1261, 629) 575
(1260, 629) 576
(1259, 629) 577
(1258, 629) 578
(1258, 629) 579
(1259, 629) 580
(1260, 628) 581
(1262, 628) 582
(1262, 628) 583
(1262, 627) 584
(1268, 626) 585
(1275, 626) 586
(1279, 624) 587
(1283, 622) 588
(1286, 621) 589
(1289, 619) 590
(1292, 617) 591
(1295, 616) 592
(1297, 614) 593
(1299, 613) 594
(1301, 611) 595
(1302, 610) 596
(1304, 609) 597
(1305, 607) 598
(1306, 606) 599
(1307, 605) 600
(1308, 603) 601
(1309, 602) 602
(1310, 601) 603
(1311, 600) 604
(1311, 598) 605
(1311, 597) 606
(1308, 596) 607
(1305, 595) 608
(1301, 594) 609
(1296, 593) 610
(1292, 591) 611
(1288, 589) 612
(1286, 588) 613
(1284, 586) 614
(1282, 584) 615
(1280, 582) 616
(1279, 581) 617
(1278, 579) 618
(1277, 577) 619
(1276, 576) 620
(1275, 574) 621
(1274, 573) 622
(1273, 571) 623
(1273, 570) 624
(1275, 568) 625
(1277, 566) 626
(1279, 565) 627
(1280, 563) 628
(1282, 561) 629
(1283, 560) 630
(1285, 558) 631
(1286, 557) 632
(1287, 555) 633
(1287, 554) 634
(1288, 552) 635
(1289, 551) 636
(1295, 550) 637
(1301, 549) 638
(1306, 548) 639
(894, 706) 578
(894, 705) 579
(895, 705) 580
(896, 705) 581
(898, 705) 582
(900, 704) 583
(903, 704) 584
(908, 703) 585
(914, 702) 586
(928, 701) 587
(942, 700) 588
(956, 699) 589
(971, 698) 590
(984, 697) 591
(995, 696) 592
(1005, 695) 593
(1012, 694) 594
(1015, 693) 595
(1017, 692) 596
(1018, 691) 597
(1019, 689) 598
(1019, 688) 599
(1018, 687) 600
(1017, 686) 601
(1016, 685) 602
(1010, 683) 603
(1001, 682) 604
(992, 680) 605
(983, 678) 606
(975, 675) 607
(970, 672) 608
(963, 669) 609
(956, 665) 610
(949, 660) 611
(944, 656) 612
(939, 652) 613
(934, 647) 614
(928, 643) 615
(925, 638) 616
(922, 633) 617
(919, 629) 618
(917, 625) 619
(915, 621) 620
(913, 618) 621
(911, 614) 622
(910, 610) 623
(908, 607) 624
(907, 603) 625
(906, 600) 626
(905, 596) 627
(904, 593) 628
(903, 590) 629
(903, 586) 630
(902, 583) 631
(901, 580) 632
(901, 577) 633
(900, 574) 634
(900, 571) 635
(895, 569) 636
(895, 566) 637
(901, 563) 638
(906, 560) 639
(913, 558) 640
(917, 555) 641
(921, 553) 642
(925, 551) 643
(929, 548) 644
(932, 546) 645
(935, 544) 646
(937, 542) 647
(940, 540) 648
(942, 537) 649
(941, 536) 650
(940, 535) 651
(931, 533) 652
(919, 531) 653
(910, 529) 654
(901, 527) 655
(893, 526) 656
(891, 525) 657
(889, 524) 658
(880, 523) 659
(871, 522) 660
(864, 521) 661
(855, 520) 662
(847, 519) 663
(841, 517) 664
(835, 516) 665
(830, 515) 666
(825, 514) 667
(821, 513) 668
(821, 513) 669
(821, 513) 670
(824, 514) 671
(826, 515) 672
(390, 587) 581
(389, 587) 582
(389, 587) 583
(389, 587) 584
(389, 587) 585
(390, 587) 586
(391, 587) 587
(391, 587) 588
(391, 586) 589
(391, 586) 590
(391, 586) 591
(392, 586) 592
(392, 586) 593
(392, 586) 594
(394, 585) 595
(394, 584) 596
(393, 583) 597
(385, 581) 598
(377, 579) 599
(372, 578) 600
(367, 576) 601
(362, 575) 602
(354, 574) 603
(345, 573) 604
(336, 573) 605
(327, 572) 606
(321, 571) 607
(315, 570) 608
(309, 569) 609
(299, 570) 610
(289, 570) 611
(280, 570) 612
(276, 570) 613
(274, 571) 614
(271, 571) 615
(265, 571) 616
(264, 571) 617
(264, 571) 618
(265, 571) 619
(265, 571) 620
(266, 571) 621
(267, 571) 622
(267, 571) 623
(268, 571) 624
(268, 572) 625
(269, 571) 626
(269, 571) 627
(268, 571) 628
(268, 571) 629
(267, 571) 630
(266, 571) 631
(266, 571) 632
(265, 571) 633
(264, 571) 634
(261, 571) 635
(259, 571) 636
(256, 571) 637
(252, 570) 638
(241, 570) 639
(232, 569) 640
(223, 568) 641
(215, 568) 642
(208, 567) 643
(202, 566) 644
(196, 566) 645
(191, 565) 646
(187, 565) 647
(183, 564) 648
(179, 563) 649
(176, 563) 650
(173, 562) 651
(170, 562) 652
(168, 561) 653
(166, 561) 654
(164, 560) 655
(162, 560) 656
(163, 559) 657
(164, 558) 658
(166, 557) 659
(167, 556) 660
(169, 555) 661
(170, 554) 662
(173, 552) 663
(176, 551) 664
(179, 549) 665
(182, 548) 666
(185, 546) 667
(189, 545) 668
(193, 543) 669
(198, 541) 670
(204, 539) 671
(211, 538) 672
(1442, 244) 596
(1442, 244) 597
(1442, 244) 598
(1442, 244) 599
(1442, 244) 600
(1442, 244) 601
(1442, 244) 602
(1442, 244) 603
(1442, 244) 604
(1442, 244) 605
(1442, 244) 606
(1442, 244) 607
(1442, 244) 608
(1442, 244) 609
(1442, 244) 610
(1442, 244) 611
(1442, 244) 612
(1442, 244) 613
(1442, 244) 614
(1442, 244) 615
(1443, 244) 616
(1443, 244) 617
(1444, 244) 618
(1445, 244) 619
(1445, 244) 620
(1445, 243) 621
(1446, 243) 622
(1446, 243) 623
(1447, 241) 624
(1448, 240) 625
(1449, 239) 626
(1449, 238) 627
(1449, 236) 628
(1449, 235) 629
(1449, 234) 630
(1448, 233) 631
(1448, 231) 632
(1446, 230) 633
(1444, 229) 634
(1441, 228) 635
(1439, 227) 636
(1436, 226) 637
(1434, 225) 638
(1431, 224) 639
(1428, 223) 640
(1426, 222) 641
(1423, 221) 642
(1421, 220) 643
(1418, 219) 644
(1416, 218) 645
(1413, 217) 646
(1411, 217) 647
(1409, 216) 648
(1406, 215) 649
(1404, 215) 650
(1402, 214) 651
(1401, 213) 652
(1399, 213) 653
(1398, 212) 654
(1397, 212) 655
(1395, 211) 656
(1394, 211) 657
(1394, 210) 658
(1393, 210) 659
(1392, 209) 660
(1391, 209) 661
