(890, 307) 20
(888, 307) 21
(888, 307) 22
(887, 306) 23
(887, 306) 24
(891, 306) 25
(897, 305) 26
(911, 305) 27
(922, 305) 28
(933, 304) 29
(943, 304) 30
(952, 303) 31
(955, 303) 32
(958, 303) 33
(960, 302) 34
(959, 302) 35
(958, 303) 36
(958, 303) 37
(963, 303) 38
(968, 303) 39
(973, 304) 40
(971, 304) 41
(971, 304) 42
(970, 306) 43
(969, 306) 44
(967, 307) 45
(965, 308) 46
(963, 308) 47
(962, 309) 48
(960, 309) 49
(959, 310) 50
(958, 310) 51
(957, 311) 52
(957, 312) 53
(958, 311) 54
(961, 310) 55
(965, 310) 56
(969, 309) 57
(972, 308) 58
(973, 308) 59
(972, 308) 60
(972, 308) 61
(971, 308) 62
(970, 308) 63
(970, 307) 64
(970, 307) 65
(969, 307) 66
(962, 307) 67
(958, 308) 68
(951, 308) 69
(945, 307) 70
(939, 307) 71
(935, 307) 72
(930, 307) 73
(927, 307) 74
(921, 307) 75
(915, 307) 76
(910, 307) 77
(906, 307) 78
(902, 307) 79
(903, 307) 80
(905, 308) 81
(908, 308) 82
(910, 309) 83
(912, 310) 84
(920, 310) 85
(926, 311) 86
(933, 311) 87
(941, 312) 88
(941, 312) 89
(941, 313) 90
(940, 313) 91
(939, 314) 92
(939, 314) 93
(941, 315) 94
(943, 316) 95
(945, 317) 96
(946, 318) 97
(948, 319) 98
(948, 319) 99
(947, 320) 100
(946, 321) 101
(945, 321) 102
(944, 322) 103
(943, 323) 104
(942, 323) 105
(941, 324) 106
(940, 324) 107
(940, 325) 108
(939, 326) 109
(939, 326) 110
(939, 327) 111
(943, 326) 112
(948, 325) 113
(952, 325) 114
(956, 324) 115
(954, 325) 116
(946, 325) 117
(940, 326) 118
(934, 326) 119
(929, 327) 120
(924, 328) 121
(919, 328) 122
(916, 329) 123
(912, 329) 124
(909, 330) 125
(906, 330) 126
(903, 331) 127
(901, 331) 128
(899, 332) 129
(897, 332) 130
(896, 333) 131
(894, 333) 132
(894, 333) 133
(894, 333) 134
(891, 334) 135
(891, 334) 136
(897, 334) 137
(910, 334) 138
(922, 334) 139
(933, 334) 140
(943, 334) 141
(956, 334) 142
(968, 335) 143
(978, 335) 144
(988, 335) 145
(990, 336) 146
(995, 336) 147
(999, 337) 148
(1001, 337) 149
(1001, 338) 150
(995, 339) 151
(990, 339) 152
(985, 340) 153
(984, 339) 154
(982, 339) 155
(982, 339) 156
(985, 339) 157
(993, 340) 158
(1002, 340) 159
(1009, 340) 160
(1013, 340) 161
(1017, 341) 162
(1020, 342) 163
(1022, 343) 164
(1025, 344) 165
(1029, 344) 166
(1036, 345) 167
(1043, 346) 168
(1043, 347) 169
(1043, 347) 170
(1044, 348) 171
(1047, 348) 172
(1050, 349) 173
(1052, 349) 174
(1058, 349) 175
(1063, 349) 176
(1068, 349) 177
(1072, 350) 178
(1075, 350) 179
(1073, 349) 180
(1070, 349) 181
(1068, 348) 182
(1058, 348) 183
(1050, 347) 184
(1042, 347) 185
(1037, 346) 186
(1033, 346) 187
(1032, 346) 188
(1032, 347) 189
(1037, 348) 190
(1039, 347) 191
(1044, 347) 192
(1048, 347) 193
(1048, 347) 194
(1047, 348) 195
(1047, 348) 196
(1043, 348) 197
(1040, 348) 198
(1038, 348) 199
(1037, 348) 200
(1036, 349) 201
(1035, 350) 202
(1035, 350) 203
(1036, 349) 204
(1035, 349) 205
(1035, 348) 206
(1035, 348) 207
(1038, 347) 208
(1040, 347) 209
(1041, 347) 210
(1042, 346) 211
(1047, 346) 212
(1050, 346) 213
(1048, 345) 214
(1048, 345) 215
(1049, 344) 216
(1048, 344) 217
(1048, 343) 218
(1047, 342) 219
(1046, 341) 220
(1045, 341) 221
(1045, 340) 222
(1042, 339) 223
(1040, 339) 224
(1039, 339) 225
(1041, 339) 226
(1038, 339) 227
(1036, 339) 228
(1034, 339) 229
(1033, 339) 230
(1033, 339) 231
(1031, 339) 232
(1031, 339) 233
(1030, 338) 234
(1030, 338) 235
(1029, 337) 236
(1028, 336) 237
(1028, 336) 238
(1029, 336) 239
(1029, 337) 240
(1029, 338) 241
(1027, 339) 242
(1024, 340) 243
(1023, 340) 244
(1019, 341) 245
(1015, 341) 246
(1017, 343) 247
(1023, 344) 248
(1030, 345) 249
(1039, 347) 250
(1048, 348) 251
(1056, 350) 252
(1063, 351) 253
(1069, 353) 254
(1075, 354) 255
(1080, 355) 256
(1085, 357) 257
(1088, 356) 258
(1092, 356) 259
(1095, 356) 260
(1097, 356) 261
(1096, 355) 262
(1092, 355) 263
(1091, 355) 264
(1083, 355) 265
(1077, 354) 266
(1071, 354) 267
(1065, 352) 268
(1061, 351) 269
(1057, 350) 270
(1053, 350) 271
(1050, 349) 272
(1048, 349) 273
(1045, 349) 274
(1043, 348) 275
(1035, 348) 276
(1033, 346) 277
(1033, 345) 278
(1031, 344) 279
(1029, 343) 280
(1027, 342) 281
(1025, 341) 282
(1023, 340) 283
(1022, 339) 284
(1021, 338) 285
(1019, 337) 286
(1018, 336) 287
(1019, 335) 288
(1018, 336) 289
(1022, 336) 290
(1025, 337) 291
(1028, 338) 292
(1025, 338) 293
(1024, 339) 294
(1027, 340) 295
(1029, 340) 296
(1032, 341) 297
(1034, 342) 298
(1035, 343) 299
(1037, 343) 300
(1038, 344) 301
(1038, 345) 302
(1035, 345) 303
(1030, 344) 304
(1027, 344) 305
(1022, 344) 306
(1015, 343) 307
(1009, 342) 308
(1008, 341) 309
(1005, 340) 310
(1000, 339) 311
(1000, 339) 312
(1003, 339) 313
(1009, 339) 314
(1011, 338) 315
(1014, 338) 316
(1018, 337) 317
(1021, 337) 318
(1024, 336) 319
(1026, 336) 320
(1032, 335) 321
(1036, 335) 322
(1042, 335) 323
(1047, 334) 324
(1055, 334) 325
(1063, 334) 326
(1070, 334) 327
(1076, 334) 328
(1081, 333) 329
(1086, 333) 330
(1090, 333) 331
(1094, 333) 332
(1098, 333) 333
(1101, 332) 334
(1104, 332) 335
(1107, 332) 336
(1109, 332) 337
(1111, 332) 338
(1113, 332) 339
(1115, 331) 340
(1116, 331) 341
(1118, 331) 342
(1119, 331) 343
(1120, 331) 344
(1125, 331) 345
(1123, 332) 346
(1122, 332) 347
(1128, 333) 348
(1134, 333) 349
(1141, 334) 350
(1147, 334) 351
(1152, 335) 352
(1157, 335) 353
(1161, 336) 354
(1165, 336) 355
(1168, 336) 356
(1171, 337) 357
(1174, 337) 358
(1177, 338) 359
(1179, 338) 360
(1181, 338) 361
(1184, 339) 362
(1182, 340) 363
(1173, 341) 364
(1166, 341) 365
(1166, 342) 366
(1167, 342) 367
(1168, 343) 368
(1169, 343) 369
(1169, 344) 370
(1170, 344) 371
(1171, 345) 372
(1171, 345) 373
(1171, 345) 374
(1167, 345) 375
(1163, 345) 376
(1156, 345) 377
(1143, 345) 378
(1132, 344) 379
(1121, 343) 380
(1109, 343) 381
(1094, 342) 382
(1080, 342) 383
(1068, 341) 384
(1057, 340) 385
(1046, 340) 386
(1037, 339) 387
(1029, 338) 388
(1020, 338) 389
(1011, 338) 390
(1008, 338) 391
(1009, 339) 392
(1009, 340) 393
(1009, 340) 394
(1010, 340) 395
(1010, 340) 396
(1010, 340) 397
(1009, 340) 398
(1009, 341) 399
(1008, 342) 400
(1016, 342) 401
(1023, 343) 402
(1023, 343) 403
(1022, 344) 404
(1022, 345) 405
(1019, 345) 406
(1018, 345) 407
(1017, 345) 408
(1015, 345) 409
(1014, 345) 410
(1012, 345) 411
(1011, 345) 412
(1010, 345) 413
(1007, 346) 414
(1007, 347) 415
(999, 347) 416
(997, 348) 417
(991, 348) 418
(986, 348) 419
(982, 348) 420
(978, 348) 421
(975, 348) 422
(972, 348) 423
(967, 349) 424
(962, 349) 425
(954, 349) 426
(947, 349) 427
(940, 349) 428
(934, 349) 429
(929, 349) 430
(925, 350) 431
(924, 350) 432
(922, 350) 433
(922, 350) 434
(922, 350) 435
(920, 351) 436
(919, 351) 437
(919, 351) 438
(919, 351) 439
(922, 351) 440
(928, 350) 441
(935, 350) 442
(942, 349) 443
(951, 349) 444
(961, 348) 445
(973, 348) 446
(990, 348) 447
(998, 348) 448
(1004, 347) 449
(1008, 347) 450
(1014, 347) 451
(1020, 347) 452
(1025, 347) 453
(1030, 347) 454
(1040, 347) 455
(1041, 348) 456
(1049, 348) 457
(1055, 349) 458
(1060, 349) 459
(1065, 349) 460
(1069, 349) 461
(1072, 350) 462
(1072, 350) 463
(1071, 351) 464
(1066, 351) 465
(1062, 351) 466
(1052, 352) 467
(1042, 352) 468
(1032, 352) 469
(1024, 353) 470
(1016, 353) 471
(1013, 353) 472
(1011, 353) 473
(1006, 352) 474
(1001, 353) 475
(998, 353) 476
(994, 353) 477
(991, 353) 478
(989, 354) 479
(989, 354) 480
(992, 354) 481
(998, 354) 482
(1005, 354) 483
(1012, 355) 484
(1013, 355) 485
(1014, 354) 486
(1014, 354) 487
(1013, 354) 488
(1011, 353) 489
(1010, 352) 490
(1009, 351) 491
(1008, 351) 492
(1007, 350) 493
(1006, 349) 494
(1006, 349) 495
(1006, 348) 496
(1006, 348) 497
(1006, 348) 498
(1006, 347) 499
(1006, 347) 500
(1006, 346) 501
(1003, 345) 502
(1003, 345) 503
(1003, 345) 504
(1010, 346) 505
(1016, 346) 506
(1020, 346) 507
(1017, 346) 508
(1009, 346) 509
(1001, 346) 510
(995, 346) 511
(997, 346) 512
(1006, 346) 513
(1013, 346) 514
(1020, 346) 515
(1026, 346) 516
(1031, 347) 517
(1036, 347) 518
(1041, 347) 519
(1038, 348) 520
(1034, 348) 521
(1032, 349) 522
(1033, 350) 523
(1033, 351) 524
(1034, 352) 525
(1034, 353) 526
(1028, 353) 527
(1023, 354) 528
(1015, 355) 529
(1008, 355) 530
(1002, 356) 531
(998, 357) 532
(998, 358) 533
(996, 359) 534
(997, 360) 535
(997, 361) 536
(1000, 361) 537
(1003, 361) 538
(1006, 362) 539
(1007, 362) 540
(1012, 363) 541
(1012, 363) 542
(1012, 364) 543
(1012, 364) 544
(1012, 364) 545
(1004, 364) 546
(996, 365) 547
(990, 365) 548
(991, 364) 549
(992, 364) 550
(992, 363) 551
(996, 363) 552
(993, 362) 553
(991, 362) 554
(991, 362) 555
(992, 361) 556
(995, 361) 557
(994, 361) 558
(993, 360) 559
(989, 360) 560
(980, 359) 561
(975, 359) 562
(975, 359) 563
(971, 358) 564
(965, 358) 565
(960, 358) 566
(955, 358) 567
(949, 358) 568
(946, 358) 569
(942, 358) 570
(942, 358) 571
(942, 358) 572
(939, 357) 573
(935, 357) 574
(932, 357) 575
(930, 357) 576
(930, 356) 577
(929, 355) 578
(931, 355) 579
(933, 354) 580
(935, 354) 581
(936, 353) 582
(937, 353) 583
(938, 352) 584
(939, 351) 585
(940, 351) 586
(940, 350) 587
(939, 350) 588
(940, 350) 589
(940, 350) 590
(937, 349) 591
(933, 348) 592
(930, 347) 593
(927, 346) 594
(927, 345) 595
(930, 345) 596
(935, 344) 597
(940, 344) 598
(952, 344) 599
(962, 343) 600
(970, 343) 601
(975, 343) 602
(981, 342) 603
(990, 342) 604
(999, 342) 605
(1005, 341) 606
(1012, 340) 607
(1017, 340) 608
(1020, 339) 609
(1025, 339) 610
(1027, 338) 611
(1027, 337) 612
(1022, 336) 613
(1021, 335) 614
(1021, 335) 615
(1022, 334) 616
(1022, 335) 617
(1021, 336) 618
(1018, 336) 619
(1015, 337) 620
(1013, 336) 621
(1011, 336) 622
(1010, 336) 623
(1011, 336) 624
(1013, 335) 625
(1017, 334) 626
(1020, 334) 627
(1020, 333) 628
(1021, 333) 629
(1022, 333) 630
(1024, 332) 631
(1025, 332) 632
(1025, 332) 633
(1026, 332) 634
(1026, 332) 635
(1026, 331) 636
(1026, 331) 637
(1033, 332) 638
(1040, 332) 639
(1049, 333) 640
(1057, 334) 641
(1064, 335) 642
(1065, 335) 643
(1066, 336) 644
(1067, 337) 645
(1066, 337) 646
(1065, 337) 647
(1063, 337) 648
(1061, 337) 649
(1060, 337) 650
(1059, 337) 651
(1059, 336) 652
(1055, 334) 653
(1054, 333) 654
(1055, 332) 655
(1055, 332) 656
(1057, 330) 657
(1058, 329) 658
(1058, 329) 659
(1059, 328) 660
(1062, 328) 661
(1065, 328) 662
(1065, 327) 663
(1070, 327) 664
(1074, 327) 665
(1077, 327) 666
(1080, 327) 667
(1083, 327) 668
(1086, 327) 669
(1088, 327) 670
(1090, 327) 671
(1092, 327) 672
(1094, 327) 673
(1095, 327) 674
(1096, 327) 675
(1098, 327) 676
(1105, 326) 677
(1109, 325) 678
(1113, 325) 679
(1121, 324) 680
(1125, 323) 681
(1132, 323) 682
(1134, 323) 683
(1132, 324) 684
(1133, 324) 685
(1136, 324) 686
(1138, 324) 687
(1143, 323) 688
(1148, 322) 689
(1148, 322) 690
(1150, 322) 691
(1152, 322) 692
(1154, 322) 693
(1163, 322) 694
(1169, 322) 695
(1177, 322) 696
(1187, 321) 697
(1191, 319) 698
(1195, 317) 699
(1198, 315) 700
(1201, 313) 701
(1201, 311) 702
(1201, 310) 703
(1202, 310) 704
(1202, 310) 705
(1201, 311) 706
(1203, 311) 707
(1201, 311) 708
(1199, 312) 709
(1197, 312) 710
(1197, 313) 711
(1202, 313) 712
(1210, 313) 713
(1218, 313) 714
(1226, 313) 715
(1232, 314) 716
(1237, 314) 717
(1242, 315) 718
(1244, 315) 719
(1247, 315) 720
(1247, 315) 721
(1247, 315) 722
(1244, 314) 723
(1242, 313) 724
(1240, 312) 725
(1239, 311) 726
(1237, 310) 727
(1238, 311) 728
(1239, 312) 729
(1239, 312) 730
(1240, 313) 731
(1240, 313) 732
(1240, 313) 733
(1239, 313) 734
(1237, 313) 735
(1235, 313) 736
(1233, 314) 737
(1232, 314) 738
(1230, 314) 739
(1229, 314) 740
(1232, 314) 741
(394, 402) 42
(391, 403) 43
(388, 403) 44
(385, 404) 45
(380, 406) 46
(371, 405) 47
(365, 405) 48
(359, 404) 49
(355, 404) 50
(351, 404) 51
(348, 404) 52
(345, 403) 53
(342, 403) 54
(339, 403) 55
(337, 402) 56
(335, 402) 57
(333, 402) 58
(331, 402) 59
(330, 401) 60
(329, 401) 61
(327, 401) 62
(326, 401) 63
(325, 400) 64
(324, 400) 65
(324, 400) 66
(323, 400) 67
(318, 400) 68
(311, 400) 69
(302, 400) 70
(295, 400) 71
(288, 401) 72
(281, 401) 73
(277, 401) 74
(271, 401) 75
(266, 401) 76
(261, 401) 77
(257, 401) 78
(253, 401) 79
(250, 401) 80
(246, 401) 81
(244, 401) 82
(241, 401) 83
(239, 401) 84
(237, 401) 85
(237, 401) 86
(241, 402) 87
(246, 402) 88
(249, 403) 89
(251, 404) 90
(253, 404) 91
(254, 405) 92
(254, 405) 93
(252, 405) 94
(249, 406) 95
(246, 406) 96
(244, 406) 97
(241, 406) 98
(237, 406) 99
(236, 405) 100
(233, 404) 101
(230, 403) 102
(227, 402) 103
(224, 400) 104
(221, 398) 105
(216, 396) 106
(210, 393) 107
(204, 391) 108
(199, 388) 109
(194, 386) 110
(190, 384) 111
(186, 382) 112
(182, 380) 113
(179, 377) 114
(176, 375) 115
(173, 373) 116
(171, 371) 117
(169, 370) 118
(167, 368) 119
(165, 366) 120
(164, 364) 121
(162, 362) 122
(162, 360) 123
(163, 360) 124
(168, 360) 125
(176, 360) 126
(183, 360) 127
(190, 360) 128
(196, 360) 129
(201, 360) 130
(206, 360) 131
(210, 360) 132
(216, 360) 133
(218, 360) 134
(219, 360) 135
(225, 360) 136
(229, 361) 137
(234, 362) 138
(239, 362) 139
(240, 363) 140
(241, 363) 141
(241, 363) 142
(241, 363) 143
(241, 364) 144
(241, 364) 145
(240, 364) 146
(240, 364) 147
(240, 364) 148
(239, 364) 149
(233, 364) 150
(227, 363) 151
(222, 363) 152
(217, 363) 153
(210, 362) 154
(204, 361) 155
(198, 360) 156
(193, 360) 157
(189, 359) 158
(185, 359) 159
(182, 359) 160
(179, 359) 161
(180, 358) 162
(180, 358) 163
(173, 357) 164
(166, 357) 165
(160, 356) 166
(155, 355) 167
(150, 355) 168
(146, 354) 169
(142, 353) 170
(138, 353) 171
(135, 352) 172
(132, 352) 173
(129, 351) 174
(129, 350) 175
(131, 350) 176
(134, 349) 177
(134, 349) 178
(134, 347) 179
(131, 346) 180
(128, 344) 181
(125, 343) 182
(123, 341) 183
(121, 340) 184
(113, 339) 185
(107, 338) 186
(100, 337) 187
(95, 336) 188
(90, 335) 189
(86, 334) 190
(82, 333) 191
(77, 332) 192
(73, 332) 193
(69, 332) 194
(66, 332) 195
(65, 331) 196
(61, 331) 197
(61, 331) 198
(62, 330) 199
(63, 330) 200
(64, 329) 201
(65, 329) 202
(65, 328) 203
(62, 328) 204
(62, 327) 205
(58, 327) 206
(46, 327) 207
(41, 326) 208
(34, 326) 209
(29, 326) 210
(21, 326) 211
(22, 326) 212
(29, 326) 213
(39, 326) 214
(47, 326) 215
(55, 327) 216
(707, 378) 46
(707, 377) 47
(707, 377) 48
(705, 377) 49
(699, 377) 50
(700, 377) 51
(700, 377) 52
(700, 377) 53
(697, 377) 54
(695, 377) 55
(692, 377) 56
(690, 377) 57
(688, 377) 58
(687, 377) 59
(685, 377) 60
(684, 377) 61
(682, 377) 62
(681, 377) 63
(680, 378) 64
(679, 378) 65
(679, 378) 66
(679, 378) 67
(680, 378) 68
(681, 379) 69
(682, 379) 70
(683, 379) 71
(683, 380) 72
(684, 380) 73
(684, 380) 74
(685, 380) 75
(685, 381) 76
(689, 380) 77
(692, 380) 78
(696, 379) 79
(699, 378) 80
(701, 377) 81
(704, 376) 82
(706, 375) 83
(708, 375) 84
(709, 374) 85
(711, 373) 86
(712, 372) 87
(714, 372) 88
(715, 371) 89
(716, 370) 90
(717, 370) 91
(718, 369) 92
(718, 368) 93
(719, 368) 94
(720, 367) 95
(720, 366) 96
(726, 367) 97
(729, 367) 98
(732, 367) 99
(735, 368) 100
(740, 368) 101
(745, 367) 102
(749, 367) 103
(756, 367) 104
(760, 367) 105
(763, 366) 106
(767, 366) 107
(764, 366) 108
(761, 366) 109
(759, 366) 110
(757, 367) 111
(755, 367) 112
(753, 367) 113
(749, 366) 114
(745, 366) 115
(741, 366) 116
(738, 366) 117
(735, 366) 118
(734, 366) 119
(734, 367) 120
(736, 367) 121
(737, 367) 122
(736, 367) 123
(735, 367) 124
(737, 367) 125
(738, 367) 126
(739, 368) 127
(739, 368) 128
(744, 367) 129
(749, 367) 130
(753, 367) 131
(757, 367) 132
(761, 367) 133
(764, 367) 134
(768, 367) 135
(770, 367) 136
(773, 367) 137
(771, 367) 138
(770, 367) 139
(771, 367) 140
(770, 367) 141
(766, 367) 142
(761, 368) 143
(756, 368) 144
(752, 369) 145
(749, 369) 146
(746, 370) 147
(743, 370) 148
(740, 370) 149
(740, 371) 150
(738, 372) 151
(734, 373) 152
(731, 374) 153
(725, 375) 154
(720, 376) 155
(715, 377) 156
(711, 378) 157
(707, 379) 158
(704, 380) 159
(701, 381) 160
(698, 381) 161
(696, 382) 162
(693, 383) 163
(691, 384) 164
(689, 385) 165
(690, 385) 166
(692, 385) 167
(692, 385) 168
(693, 385) 169
(695, 385) 170
(701, 385) 171
(707, 385) 172
(712, 385) 173
(717, 385) 174
(729, 384) 175
(739, 384) 176
(751, 384) 177
(762, 383) 178
(779, 383) 179
(795, 382) 180
(809, 382) 181
(825, 380) 182
(839, 379) 183
(851, 378) 184
(863, 377) 185
(873, 377) 186
(882, 376) 187
(890, 375) 188
(898, 374) 189
(905, 373) 190
(911, 372) 191
(916, 371) 192
(921, 370) 193
(925, 370) 194
(929, 369) 195
(927, 368) 196
(1381, 437) 92
(1383, 437) 93
(1382, 437) 94
(1383, 438) 95
(1385, 437) 96
(1392, 436) 97
(1394, 436) 98
(1394, 434) 99
(1395, 434) 100
(1396, 433) 101
(1398, 432) 102
(1399, 431) 103
(1400, 431) 104
(1402, 430) 105
(1403, 429) 106
(1403, 428) 107
(1404, 428) 108
(1405, 427) 109
(1406, 426) 110
(1406, 426) 111
(1407, 425) 112
(1407, 425) 113
(1407, 425) 114
(1412, 426) 115
(1417, 426) 116
(1422, 427) 117
(1424, 428) 118
(1427, 428) 119
(1429, 429) 120
(1431, 429) 121
(1434, 430) 122
(1436, 430) 123
(1439, 431) 124
(1442, 431) 125
(1446, 431) 126
(1450, 431) 127
(1451, 431) 128
(1453, 430) 129
(1455, 430) 130
(1456, 430) 131
(1461, 430) 132
(1464, 430) 133
(1464, 429) 134
(1465, 428) 135
(1466, 427) 136
(1466, 426) 137
(1467, 425) 138
(1468, 425) 139
(1469, 424) 140
(1470, 423) 141
(1471, 422) 142
(1473, 421) 143
(1474, 420) 144
(1475, 420) 145
(1476, 419) 146
(1477, 418) 147
(1477, 418) 148
(1476, 418) 149
(1473, 417) 150
(1470, 417) 151
(1468, 416) 152
(1466, 416) 153
(1464, 416) 154
(1462, 415) 155
(1458, 417) 156
(1452, 418) 157
(1448, 418) 158
(1447, 419) 159
(1448, 420) 160
(1449, 421) 161
(1450, 421) 162
(1451, 422) 163
(1451, 422) 164
(1452, 422) 165
(1453, 422) 166
(1457, 422) 167
(1461, 421) 168
(1468, 422) 169
(1472, 421) 170
(1475, 420) 171
(1478, 420) 172
(1481, 419) 173
(1484, 418) 174
(1492, 418) 175
(1499, 418) 176
(1506, 417) 177
(1512, 417) 178
(1517, 416) 179
(1522, 416) 180
(1519, 415) 181
(1516, 414) 182
(1514, 414) 183
(1509, 413) 184
(1507, 412) 185
(1505, 412) 186
(1504, 411) 187
(1504, 411) 188
(1508, 410) 189
(1508, 410) 190
(1509, 410) 191
(1514, 409) 192
(1519, 408) 193
(1522, 408) 194
(1532, 407) 195
(1541, 406) 196
(1546, 406) 197
(1554, 405) 198
(1569, 404) 199
(1581, 404) 200
(1593, 403) 201
(1603, 402) 202
(1613, 401) 203
(1621, 401) 204
(1633, 400) 205
(1644, 399) 206
(1654, 398) 207
(1663, 397) 208
(1671, 396) 209
(1679, 395) 210
(1685, 394) 211
(1692, 394) 212
(1698, 394) 213
(1704, 394) 214
(1710, 394) 215
(1715, 393) 216
(1716, 393) 217
(1717, 392) 218
(1718, 391) 219
(1719, 391) 220
(1719, 390) 221
(1720, 390) 222
(1721, 389) 223
(1721, 389) 224
(1721, 388) 225
(1721, 388) 226
(1719, 387) 227
(1702, 565) 97
(1702, 565) 98
(1702, 565) 99
(1702, 565) 100
(1703, 565) 101
(1703, 565) 102
(1704, 565) 103
(1704, 565) 104
(1703, 565) 105
(1700, 565) 106
(1697, 565) 107
(1694, 565) 108
(1691, 564) 109
(1688, 564) 110
(1686, 564) 111
(1684, 563) 112
(1682, 563) 113
(1680, 563) 114
(1679, 562) 115
(1677, 562) 116
(1676, 561) 117
(1675, 561) 118
(1674, 561) 119
(1673, 561) 120
(1672, 560) 121
(1665, 560) 122
(1657, 560) 123
(1650, 561) 124
(1643, 562) 125
(1637, 563) 126
(1633, 564) 127
(1631, 565) 128
(1629, 567) 129
(1627, 568) 130
(1626, 570) 131
(1624, 572) 132
(1622, 573) 133
(1621, 575) 134
(1620, 576) 135
(1618, 578) 136
(1614, 578) 137
(1613, 579) 138
(1613, 580) 139
(1620, 580) 140
(1626, 580) 141
(1633, 581) 142
(1639, 581) 143
(1644, 582) 144
(1649, 582) 145
(1653, 582) 146
(1657, 583) 147
(1661, 583) 148
(1668, 583) 149
(1675, 583) 150
(1681, 582) 151
(1686, 582) 152
(1691, 582) 153
(1697, 582) 154
(1703, 581) 155
(1709, 581) 156
(1715, 581) 157
(1719, 581) 158
(1723, 581) 159
(1726, 583) 160
(1729, 584) 161
(1731, 585) 162
(1733, 587) 163
(1734, 588) 164
(1735, 590) 165
(1736, 592) 166
(1737, 593) 167
(1738, 595) 168
(1739, 596) 169
(1740, 597) 170
(1740, 599) 171
(1741, 600) 172
(1741, 602) 173
(1742, 603) 174
(1742, 604) 175
(1743, 605) 176
(1744, 606) 177
(1744, 608) 178
(1745, 609) 179
(1746, 610) 180
(1746, 611) 181
(1747, 612) 182
(1747, 613) 183
(1747, 614) 184
(1748, 615) 185
(1748, 616) 186
(1748, 616) 187
(1748, 617) 188
(1744, 617) 189
(1739, 617) 190
(1735, 616) 191
(1732, 616) 192
(1727, 616) 193
(1722, 617) 194
(1717, 617) 195
(1713, 618) 196
(1710, 618) 197
(1706, 619) 198
(1703, 619) 199
(1700, 619) 200
(1698, 620) 201
(1695, 620) 202
(1693, 620) 203
(1693, 621) 204
(1694, 621) 205
(1697, 621) 206
(1699, 622) 207
(1702, 622) 208
(1704, 622) 209
(1707, 622) 210
(505, 427) 99
(505, 427) 100
(505, 427) 101
(505, 427) 102
(505, 427) 103
(498, 426) 104
(492, 426) 105
(484, 425) 106
(477, 425) 107
(471, 424) 108
(465, 423) 109
(460, 422) 110
(456, 421) 111
(452, 421) 112
(448, 420) 113
(445, 419) 114
(436, 419) 115
(421, 418) 116
(407, 417) 117
(390, 416) 118
(377, 416) 119
(362, 415) 120
(347, 414) 121
(334, 414) 122
(322, 413) 123
(312, 412) 124
(303, 411) 125
(295, 410) 126
(287, 409) 127
(281, 408) 128
(274, 407) 129
(269, 406) 130
(264, 405) 131
(253, 404) 132
(243, 403) 133
(234, 401) 134
(219, 400) 135
(206, 399) 136
(193, 397) 137
(178, 396) 138
(164, 395) 139
(151, 393) 140
(139, 392) 141
(128, 391) 142
(119, 391) 143
(110, 390) 144
(102, 389) 145
(96, 388) 146
(89, 387) 147
(84, 386) 148
(79, 386) 149
(74, 385) 150
(70, 384) 151
(67, 383) 152
(63, 382) 153
(61, 381) 154
(58, 381) 155
(55, 380) 156
(53, 379) 157
(51, 379) 158
(50, 378) 159
(50, 377) 160
(50, 376) 161
(51, 375) 162
(56, 374) 163
(514, 413) 131
(508, 412) 132
(503, 411) 133
(497, 411) 134
(488, 410) 135
(487, 410) 136
(488, 410) 137
(492, 410) 138
(496, 410) 139
(499, 410) 140
(510, 409) 141
(520, 409) 142
(528, 408) 143
(536, 408) 144
(543, 407) 145
(550, 407) 146
(555, 406) 147
(561, 406) 148
(565, 405) 149
(569, 405) 150
(573, 405) 151
(577, 404) 152
(580, 404) 153
(580, 403) 154
(578, 403) 155
(567, 402) 156
(559, 402) 157
(557, 402) 158
(551, 401) 159
(546, 401) 160
(542, 401) 161
(536, 400) 162
(533, 399) 163
(529, 399) 164
(525, 398) 165
(522, 397) 166
(516, 396) 167
(512, 396) 168
(508, 396) 169
(503, 395) 170
(499, 395) 171
(494, 394) 172
(489, 393) 173
(487, 392) 174
(486, 392) 175
(483, 391) 176
(481, 390) 177
(478, 389) 178
(477, 388) 179
(475, 388) 180
(474, 387) 181
(472, 386) 182
(472, 386) 183
(473, 385) 184
(474, 384) 185
(475, 384) 186
(477, 383) 187
(479, 382) 188
(480, 382) 188
(479, 382) 189
(479, 382) 190
(479, 381) 191
(479, 381) 192
(479, 381) 193
(479, 380) 194
(479, 380) 195
(479, 380) 196
(479, 380) 197
(479, 380) 198
(477, 381) 199
(475, 381) 200
(472, 382) 201
(472, 381) 202
(472, 382) 203
(471, 383) 204
(471, 384) 205
(473, 383) 206
(474, 383) 207
(473, 385) 208
(472, 386) 209
(471, 387) 210
(470, 388) 211
(469, 389) 212
(468, 390) 213
(467, 391) 214
(467, 392) 215
(466, 393) 216
(466, 394) 217
(465, 395) 218
(465, 395) 219
(464, 396) 220
(464, 397) 221
(464, 398) 222
(462, 398) 223
(461, 398) 224
(460, 398) 225
(456, 397) 226
(452, 396) 227
(886, 329) 270
(886, 329) 271
(884, 328) 272
(882, 328) 273
(882, 328) 274
(881, 328) 275
(881, 328) 276
(881, 328) 277
(881, 328) 278
(881, 328) 279
(881, 328) 280
(881, 328) 281
(880, 328) 282
(880, 328) 283
(880, 328) 284
(880, 328) 285
(885, 328) 286
(889, 328) 287
(892, 328) 288
(895, 328) 289
(898, 329) 290
(901, 329) 291
(903, 329) 292
(905, 329) 293
(907, 329) 294
(909, 329) 295
(912, 329) 296
(912, 329) 297
(913, 330) 298
(913, 329) 299
(917, 329) 300
(915, 329) 301
(908, 329) 302
(901, 330) 303
(897, 330) 304
(892, 330) 305
(889, 331) 306
(885, 331) 307
(882, 331) 308
(879, 331) 309
(876, 332) 310
(876, 332) 311
(875, 333) 312
(875, 334) 313
(874, 334) 314
(874, 335) 315
(874, 336) 316
(873, 336) 317
(873, 337) 318
(878, 337) 319
(883, 337) 320
(888, 337) 321
(892, 338) 322
(896, 338) 323
(900, 338) 324
(903, 338) 325
(913, 338) 326
(921, 339) 327
(923, 338) 328
(923, 338) 329
(927, 337) 330
(931, 337) 331
(930, 338) 332
(928, 338) 333
(927, 339) 334
(926, 339) 335
(932, 339) 336
(932, 340) 337
(936, 340) 338
(941, 340) 339
(946, 340) 340
(953, 340) 341
(953, 339) 342
(954, 339) 343
(955, 338) 344
(955, 338) 345
(955, 338) 346
(950, 338) 347
(944, 338) 348
(939, 339) 349
(934, 339) 350
(930, 340) 351
(926, 340) 352
(926, 340) 353
(933, 340) 354
(939, 340) 355
(944, 340) 356
(949, 340) 357
(954, 340) 358
(955, 340) 359
(956, 341) 360
(964, 342) 361
(971, 343) 362
(978, 345) 363
(984, 346) 364
(989, 347) 365
(994, 348) 366
(998, 349) 367
(1007, 350) 368
(1012, 350) 369
(1018, 350) 370
(1025, 350) 371
(1030, 349) 372
(1035, 349) 373
(1040, 349) 374
(1044, 349) 375
(1048, 349) 376
(1052, 348) 377
(1055, 348) 378
(1061, 348) 379
(1066, 348) 380
(1070, 348) 381
(1074, 348) 382
(1079, 349) 383
(1082, 349) 384
(1087, 349) 385
(1086, 349) 386
(1084, 349) 387
(1084, 349) 388
(1083, 348) 389
(1077, 349) 390
(511, 332) 283
(511, 332) 284
(511, 332) 285
(511, 332) 286
(511, 332) 287
(511, 332) 288
(512, 332) 289
(512, 332) 290
(513, 332) 291
(513, 332) 292
(513, 331) 293
(514, 331) 294
(514, 330) 295
(514, 330) 296
(514, 330) 297
(514, 329) 298
(515, 329) 299
(515, 328) 300
(517, 329) 301
(520, 330) 302
(522, 331) 303
(524, 331) 304
(526, 332) 305
(528, 333) 306
(529, 333) 307
(531, 334) 308
(532, 335) 309
(533, 335) 310
(534, 336) 311
(535, 336) 312
(542, 338) 313
(552, 339) 314
(563, 340) 315
(579, 341) 316
(594, 342) 317
(608, 343) 318
(621, 344) 319
(633, 345) 320
(645, 347) 321
(657, 348) 322
(667, 349) 323
(675, 351) 324
(683, 352) 325
(690, 353) 326
(697, 354) 327
(702, 355) 328
(708, 356) 329
(712, 357) 330
(716, 357) 331
(720, 358) 332
(724, 359) 333
(727, 360) 334
(729, 361) 335
(732, 362) 336
(734, 363) 337
(736, 363) 338
(738, 364) 339
(740, 364) 340
(742, 365) 341
(745, 365) 342
(746, 365) 343
(748, 365) 344
(750, 366) 345
(752, 367) 346
(754, 368) 347
(756, 368) 348
(756, 368) 349
(756, 369) 350
(757, 369) 351
(758, 369) 352
(759, 370) 353
(759, 370) 354
(760, 371) 355
(760, 371) 356
(758, 371) 357
(756, 371) 358
(755, 371) 359
(753, 371) 360
(752, 371) 361
(752, 370) 362
(751, 370) 363
(745, 369) 364
(740, 368) 365
(736, 369) 366
(739, 369) 367
(742, 370) 368
(744, 371) 369
(747, 372) 370
(745, 372) 371
(741, 373) 372
(738, 374) 373
(737, 374) 374
(736, 374) 375
(733, 374) 376
(724, 373) 377
(715, 374) 378
(703, 375) 379
(693, 376) 380
(683, 377) 381
(673, 378) 382
(663, 378) 383
(655, 380) 384
(643, 382) 385
(630, 383) 386
(620, 384) 387
(611, 385) 388
(603, 386) 389
(593, 387) 390
(1209, 377) 284
(1209, 377) 285
(1209, 377) 286
(1209, 377) 287
(1209, 377) 288
(1215, 378) 289
(1220, 379) 290
(1225, 380) 291
(1230, 381) 292
(1234, 382) 293
(1238, 383) 294
(1241, 384) 295
(1244, 385) 296
(1246, 386) 297
(1249, 387) 298
(1251, 387) 299
(1253, 388) 300
(1258, 388) 301
(1265, 388) 302
(1269, 388) 303
(1273, 388) 304
(1278, 388) 305
(1282, 388) 306
(1285, 388) 307
(1288, 389) 308
(1291, 389) 309
(1293, 389) 310
(1296, 389) 311
(1298, 389) 312
(1300, 389) 313
(1301, 389) 314
(1303, 389) 315
(1304, 390) 316
(1305, 390) 317
(1306, 390) 318
(1313, 390) 319
(1319, 389) 320
(1325, 389) 321
(1331, 389) 322
(1335, 388) 323
(1340, 388) 324
(1343, 387) 325
(1347, 387) 326
(1351, 388) 327
(1355, 388) 328
(1358, 389) 329
(1363, 389) 330
(1367, 389) 331
(1373, 389) 332
(1378, 390) 333
(1382, 390) 334
(1386, 390) 335
(1390, 390) 336
(1392, 390) 337
(1394, 391) 338
(1403, 391) 339
(1411, 391) 340
(1418, 391) 341
(1425, 392) 342
(1429, 392) 343
(1432, 393) 344
(1436, 393) 345
(1441, 393) 346
(1446, 393) 347
(1450, 393) 348
(1454, 393) 349
(1458, 392) 350
(1461, 392) 351
(1464, 392) 352
(1467, 392) 353
(1474, 392) 354
(1481, 392) 355
(1487, 391) 356
(1492, 391) 357
(1497, 391) 358
(1502, 391) 359
(1506, 391) 360
(1509, 391) 361
(1512, 391) 362
(1515, 391) 363
(1519, 389) 364
(1522, 388) 365
(1526, 386) 366
(1528, 384) 367
(1531, 383) 368
(1533, 382) 369
(1533, 380) 370
(1533, 379) 371
(1533, 379) 372
(1535, 380) 373
(1538, 380) 374
(1540, 380) 375
(1542, 380) 376
(1540, 380) 377
(1537, 380) 378
(1533, 381) 379
(1529, 381) 380
(1525, 380) 381
(1522, 380) 382
(1519, 379) 383
(1517, 379) 384
(1516, 378) 385
(1510, 378) 386
(1505, 378) 387
(1508, 377) 388
(1511, 376) 389
(1514, 376) 390
(1517, 375) 391
(1515, 375) 392
(1513, 375) 393
(1512, 375) 394
(1513, 375) 395
(1513, 375) 396
(1512, 375) 397
(1511, 375) 398
(1509, 376) 399
(1509, 376) 400
(1509, 376) 401
(1509, 376) 402
(1510, 377) 403
(1511, 377) 404
(1510, 377) 405
(1511, 378) 406
(1511, 378) 407
(1510, 378) 408
(1506, 378) 409
(1504, 379) 410
(1503, 380) 411
(1501, 381) 412
(1500, 380) 413
(1499, 379) 414
(1500, 379) 415
(1502, 378) 416
(1510, 378) 417
(1518, 378) 418
(1528, 377) 419
(1537, 377) 420
(1545, 377) 421
(1553, 376) 422
(1554, 376) 423
(1555, 376) 424
(1562, 375) 425
(1568, 375) 426
(1574, 375) 427
(1580, 374) 428
(1585, 374) 429
(1589, 374) 430
(1593, 373) 431
(1596, 373) 432
(1619, 590) 333
(1619, 590) 334
(1620, 591) 335
(1620, 592) 336
(1620, 594) 337
(1620, 594) 338
(1619, 595) 339
(1618, 596) 340
(1618, 597) 341
(1618, 598) 342
(1618, 599) 343
(1618, 600) 344
(1618, 600) 345
(1618, 601) 346
(1620, 602) 347
(1622, 603) 348
(1624, 605) 349
(1626, 606) 350
(1628, 607) 351
(1637, 608) 352
(1646, 609) 353
(1653, 611) 354
(1660, 612) 355
(1666, 613) 356
(1671, 614) 357
(1676, 615) 358
(1680, 616) 359
(1684, 618) 360
(1687, 619) 361
(1699, 619) 362
(1709, 620) 363
(1718, 621) 364
(1725, 621) 365
(1731, 622) 366
(1737, 623) 367
(1741, 623) 368
(1744, 624) 369
(1746, 624) 370
(1748, 625) 371
(1750, 625) 372
(1754, 627) 373
(1758, 628) 374
(1760, 629) 375
(1763, 629) 376
(1765, 630) 377
(1767, 631) 378
(1769, 632) 379
(1771, 632) 380
(1773, 633) 381
(1774, 634) 382
(1776, 634) 383
(1777, 635) 384
(1778, 636) 385
(1778, 636) 386
(1777, 636) 387
(1769, 637) 388
(1762, 637) 389
(1755, 638) 390
(1756, 638) 391
(1756, 638) 392
(1757, 638) 393
(1757, 638) 394
(1757, 638) 395
(1755, 638) 396
(1752, 639) 397
(1749, 639) 398
(1747, 639) 399
(1747, 640) 400
(1747, 640) 401
(1747, 640) 402
(1747, 640) 403
(1749, 640) 404
(1749, 639) 405
(1749, 637) 406
(1749, 636) 407
(1748, 634) 408
(1747, 631) 409
(1745, 628) 410
(1743, 624) 411
(1740, 620) 412
(1738, 616) 413
(1737, 613) 414
(1735, 609) 415
(1735, 605) 416
(1653, 400) 359
(1656, 400) 360
(1660, 400) 361
(1671, 401) 362
(1683, 401) 363
(1692, 401) 364
(1701, 401) 365
(1715, 402) 366
(1729, 402) 367
(1744, 403) 368
(1755, 403) 369
(1766, 403) 370
(1779, 402) 371
(1792, 402) 372
(1804, 401) 373
(1815, 400) 374
(1823, 398) 375
(1830, 396) 376
(1836, 394) 377
(1840, 392) 378
(1844, 389) 379
(1847, 387) 380
(1850, 384) 381
(1853, 382) 382
(1851, 380) 383
(1849, 379) 384
(1848, 378) 385
(1848, 377) 386
(1851, 376) 387
(1861, 375) 388
(1871, 373) 389
(1879, 372) 390
(1886, 371) 391
(1893, 369) 392
(1899, 368) 393
(1905, 367) 394
(1909, 366) 395
(1914, 364) 396
(1918, 363) 397
(1921, 362) 398
(1921, 361) 399
(8, 360) 400
(10, 359) 401
(8, 359) 402
(8, 359) 403
(1925, 359) 404
(1923, 359) 405
(1922, 359) 406
(1921, 359) 407
(1920, 358) 408
(1920, 358) 409
(1919, 357) 410
(1920, 356) 411
(1920, 354) 412
(7, 352) 413
(16, 349) 414
(25, 345) 415
(33, 343) 416
(44, 343) 417
(53, 342) 418
(60, 341) 419
(68, 341) 420
(77, 341) 421
(84, 341) 422
(91, 342) 423
(98, 343) 424
(104, 344) 425
(110, 344) 426
(115, 345) 427
(120, 346) 428
(124, 347) 429
(129, 349) 430
(133, 350) 431
(138, 351) 432
(1272, 381) 365
(1272, 381) 366
(1272, 381) 367
(1272, 381) 368
(1272, 381) 369
(1272, 381) 370
(1272, 381) 371
(1272, 381) 372
(1272, 381) 373
(1272, 381) 374
(1272, 381) 375
(1266, 381) 376
(1260, 381) 377
(1257, 382) 378
(1253, 382) 379
(1251, 382) 380
(1249, 382) 381
(1248, 383) 382
(1246, 383) 383
(1245, 383) 384
(1244, 384) 385
(1243, 384) 386
(1242, 384) 387
(1241, 385) 388
(1241, 385) 389
(1240, 385) 390
(1238, 385) 391
(1236, 385) 392
(1234, 385) 393
(1233, 384) 394
(1232, 384) 395
(1231, 384) 396
(1231, 384) 397
(1231, 385) 398
(1230, 385) 399
(1230, 385) 400
(1229, 386) 401
(1229, 386) 402
(1228, 386) 403
(1228, 386) 404
(1227, 387) 405
(1227, 387) 406
(1230, 387) 407
(1232, 389) 408
(1233, 389) 409
(1240, 389) 410
(1244, 388) 411
(1245, 388) 412
(1246, 388) 413
(1247, 388) 414
(1248, 388) 415
(1249, 388) 416
(1249, 388) 417
(1245, 389) 418
(1244, 389) 419
(1244, 390) 420
(1244, 390) 421
(1244, 391) 422
(1244, 391) 423
(1243, 392) 424
(1243, 392) 425
(1245, 393) 426
(1246, 393) 427
(1247, 394) 428
(1249, 394) 429
(1249, 395) 430
(1248, 395) 431
(1247, 395) 432
(1246, 395) 433
(1245, 395) 434
(1245, 394) 435
(1245, 394) 436
(1245, 394) 437
(1245, 394) 438
(1245, 394) 439
(1245, 394) 440
(1244, 394) 441
(1244, 393) 442
(1246, 393) 443
(1245, 392) 444
(1245, 392) 445
(1245, 392) 446
(1244, 391) 447
(1244, 391) 448
(1244, 391) 449
(1244, 390) 450
(1243, 390) 451
(1241, 390) 452
(757, 377) 396
(758, 377) 397
(762, 377) 398
(763, 377) 399
(764, 377) 400
(765, 377) 401
(768, 376) 402
(770, 376) 403
(772, 377) 404
(774, 377) 405
(776, 378) 406
(775, 379) 407
(774, 379) 408
(772, 380) 409
(771, 380) 410
(770, 381) 411
(769, 381) 412
(768, 382) 413
(767, 382) 414
(767, 383) 415
(766, 383) 416
(765, 384) 417
(765, 384) 418
(764, 384) 419
(764, 385) 420
(758, 385) 421
(750, 384) 422
(743, 385) 423
(736, 385) 424
(732, 384) 425
(728, 384) 426
(731, 384) 427
(731, 384) 428
(730, 383) 429
(727, 383) 430
(725, 382) 431
(723, 381) 432
(721, 381) 433
(719, 380) 434
(717, 380) 435
(716, 379) 436
(714, 379) 437
(713, 378) 438
(712, 378) 439
(711, 377) 440
(711, 377) 441
(716, 377) 442
(720, 377) 443
(724, 377) 444
(730, 378) 445
(736, 378) 446
(740, 378) 447
(741, 379) 448
(741, 379) 449
(742, 379) 450
(744, 380) 451
(746, 380) 452
(748, 380) 453
(750, 380) 454
(751, 380) 455
(753, 380) 456
(752, 380) 457
(749, 380) 458
(747, 380) 459
(744, 380) 460
(742, 380) 461
(740, 380) 462
(738, 380) 463
(737, 380) 464
(732, 380) 465
(729, 380) 466
(725, 380) 467
(722, 380) 468
(724, 380) 469
(733, 380) 470
(742, 380) 471
(749, 379) 472
(756, 379) 473
(762, 379) 474
(768, 379) 475
(773, 378) 476
(777, 378) 477
(781, 378) 478
(785, 378) 479
(788, 377) 480
(791, 377) 481
(794, 377) 482
(796, 377) 483
(796, 377) 484
(793, 377) 485
(788, 378) 486
(784, 378) 487
(782, 379) 488
(779, 379) 489
(776, 380) 490
(775, 380) 491
(772, 381) 492
(768, 381) 493
(765, 382) 494
(762, 382) 495
(759, 383) 496
(756, 383) 497
(753, 384) 498
(750, 384) 499
(748, 384) 500
(745, 385) 501
(329, 397) 435
(332, 397) 436
(337, 397) 437
(345, 397) 438
(355, 397) 439
(364, 398) 440
(372, 398) 441
(379, 398) 442
(386, 398) 443
(392, 399) 444
(397, 399) 445
(402, 399) 446
(406, 400) 447
(410, 400) 448
(414, 400) 449
(417, 400) 450
(420, 401) 451
(429, 401) 452
(439, 402) 453
(445, 403) 454
(452, 404) 455
(459, 405) 456
(463, 404) 457
(467, 404) 458
(470, 403) 459
(473, 402) 460
(475, 401) 461
(475, 400) 462
(475, 399) 463
(475, 398) 464
(474, 397) 465
(474, 396) 466
(480, 396) 467
(485, 396) 468
(489, 396) 469
(493, 396) 470
(497, 396) 471
(501, 396) 472
(505, 396) 473
(509, 396) 474
(512, 395) 475
(515, 395) 476
(517, 395) 477
(517, 396) 478
(517, 396) 479
(513, 397) 480
(509, 397) 481
(506, 397) 482
(503, 397) 483
(495, 396) 484
(492, 396) 485
(489, 396) 486
(487, 395) 487
(481, 394) 488
(476, 393) 489
(471, 392) 490
(468, 391) 491
(464, 391) 492
(461, 390) 493
(459, 389) 494
(458, 388) 495
(459, 388) 496
(460, 388) 497
(461, 388) 498
(463, 387) 499
(465, 387) 500
(467, 387) 501
(469, 387) 502
(471, 387) 503
(472, 387) 504
(474, 387) 505
(475, 387) 506
(476, 387) 507
(477, 387) 508
(478, 387) 509
(479, 387) 510
(480, 387) 511
(480, 387) 512
(481, 387) 513
(482, 387) 514
(482, 387) 515
(482, 387) 516
(477, 387) 517
(476, 388) 518
(476, 388) 519
(477, 389) 520
(479, 390) 521
(479, 390) 522
(479, 391) 523
(480, 391) 524
(485, 392) 525
(490, 393) 526
(495, 394) 527
(1471, 407) 649
(1472, 407) 650
(1472, 407) 651
(1474, 407) 652
(1476, 407) 653
(1477, 407) 654
(1478, 407) 655
(1479, 407) 656
(1480, 407) 657
(1481, 407) 658
(1482, 407) 659
(1483, 407) 660
(1484, 407) 661
(1484, 407) 662
(1485, 407) 663
(1485, 407) 664
(1486, 407) 665
(1486, 407) 666
(1486, 407) 667
(1487, 407) 668
(1489, 406) 669
(1492, 406) 670
(1495, 405) 671
(1495, 404) 672
(1496, 404) 673
(1498, 404) 674
(1500, 404) 675
(1501, 404) 676
(1502, 404) 677
(1504, 404) 678
(1504, 404) 679
(1506, 404) 680
(1509, 404) 681
(1511, 405) 682
(1517, 404) 683
(1523, 404) 684
(1530, 404) 685
(1536, 404) 686
(1540, 405) 687
(1545, 405) 688
(1550, 406) 689
(1558, 407) 690
(1564, 408) 691
(1572, 409) 692
(1581, 411) 693
(1591, 412) 694
(1606, 413) 695
(1621, 415) 696
(1635, 416) 697
(1645, 417) 698
(1656, 419) 699
(1673, 420) 700
(1688, 421) 701
(1702, 422) 702
(1714, 422) 703
(1726, 423) 704
(1736, 424) 705
(1745, 425) 706
(1753, 426) 707
(1760, 427) 708
(1767, 428) 709
(153, 484) 693
(146, 484) 694
(138, 483) 695
(131, 483) 696
(125, 482) 697
(120, 482) 698
(116, 481) 699
(112, 481) 700
(108, 480) 701
(105, 479) 702
(102, 479) 703
(100, 478) 704
(97, 478) 705
(95, 478) 706
(93, 477) 707
(92, 477) 708
(90, 476) 709
(81, 476) 710
(75, 476) 711
(70, 476) 712
(65, 476) 713
(58, 477) 714
(52, 477) 715
(47, 477) 716
(46, 477) 717
(44, 477) 718
(42, 477) 719
(41, 477) 720
(39, 477) 721
(37, 476) 722
(35, 476) 723
(34, 476) 724
(34, 475) 725
(30, 474) 726
(25, 474) 727
(19, 474) 728
(11, 474) 729
(10, 473) 730
(9, 473) 731
(10, 472) 732
(8, 472) 733
(8, 472) 734
(7, 471) 735
(1926, 471) 736
(1926, 471) 737
(1926, 470) 738
(9, 470) 739
(17, 468) 740
(24, 467) 741
(30, 466) 742
(35, 464) 743
(40, 463) 744
(44, 462) 745
(47, 460) 746
(51, 459) 747
(56, 458) 748
(61, 457) 749
(66, 456) 750
(71, 455) 751
(76, 455) 752
(81, 454) 753
(86, 453) 754
(91, 453) 755
(96, 452) 756
(100, 452) 757
(103, 451) 758
(107, 451) 759
(110, 450) 760
(112, 450) 761
(115, 449) 762
(117, 449) 763
(119, 448) 764
(120, 448) 765
(122, 447) 766
(122, 445) 767
(123, 444) 768
(124, 443) 769
(124, 442) 770
(125, 441) 771
(125, 440) 772
(126, 439) 773
(126, 438) 774
(127, 437) 775
(127, 437) 776
(127, 436) 777
(128, 435) 778
(128, 434) 779
(128, 433) 780
(135, 433) 781
(141, 432) 782
(145, 431) 783
(150, 430) 784
(155, 429) 785
(162, 429) 786
(163, 429) 787
(163, 428) 788
(161, 428) 789
(159, 428) 790
(159, 428) 791
(160, 427) 792
(164, 426) 793
(175, 426) 794
(185, 425) 795
(194, 425) 796
(201, 424) 797
(212, 425) 798
(222, 426) 799
(232, 427) 800
(243, 428) 801
(257, 429) 802
(267, 430) 803
(277, 431) 804
(286, 432) 805
(300, 433) 806
(313, 434) 807
(320, 435) 808
(318, 436) 809
(316, 437) 810
(311, 437) 811
(306, 437) 812
(302, 437) 813
(298, 438) 814
(294, 438) 815
(291, 438) 816
(288, 438) 817
(286, 438) 818
(284, 438) 819
(281, 439) 820
(280, 439) 821
(278, 439) 822
(277, 439) 823
(276, 440) 824
(275, 440) 825
(274, 440) 826
(273, 440) 827
(273, 441) 828
(272, 441) 829
(272, 441) 830
(278, 441) 831
(284, 441) 832
(289, 441) 833
(294, 440) 834
(297, 440) 835
(300, 440) 836
(303, 440) 837
(303, 439) 838
(303, 439) 839
(305, 438) 840
(308, 438) 841
(310, 439) 842
(312, 439) 843
(314, 439) 844
(315, 439) 845
(316, 440) 846
(316, 440) 847
(316, 440) 848
(310, 441) 849
(305, 442) 850
(301, 443) 851
(296, 444) 852
(292, 446) 853
(288, 447) 854
(285, 448) 855
(283, 448) 856
(283, 449) 857
(283, 449) 858
(285, 449) 859
(287, 449) 860
(289, 449) 861
(291, 449) 862
(292, 449) 863
(296, 449) 864
(300, 448) 865
(303, 448) 866
(306, 447) 867
(311, 446) 868
(316, 445) 869
(320, 444) 870
(324, 443) 871
(327, 443) 872
(330, 442) 873
(333, 441) 874
(335, 440) 875
(337, 439) 876
(343, 439) 877
(509, 354) 713
(511, 354) 714
(512, 354) 715
(512, 355) 716
(512, 356) 717
(513, 357) 718
(513, 358) 719
(517, 358) 720
(520, 359) 721
(519, 360) 722
(516, 362) 723
(515, 363) 724
(514, 364) 725
(511, 366) 726
(508, 367) 727
(506, 369) 728
(503, 370) 729
(500, 372) 730
(498, 373) 731
(496, 374) 732
(494, 376) 733
(492, 377) 734
(492, 379) 735
(493, 381) 736
(494, 382) 737
(496, 384) 738
(497, 385) 739
(499, 387) 740
(500, 388) 741
(502, 390) 742
(503, 391) 743
(504, 393) 744
(505, 394) 745
(506, 395) 746
(507, 396) 747
(513, 397) 748
(520, 398) 749
(527, 399) 750
(533, 400) 751
(539, 401) 752
(544, 402) 753
(550, 402) 754
(556, 403) 755
(562, 404) 756
(573, 405) 757
(579, 406) 758
(587, 407) 759
(593, 408) 760
(598, 409) 761
(602, 410) 762
(605, 411) 763
(607, 413) 764
(610, 414) 765
(612, 415) 766
(614, 416) 767
(617, 417) 768
(619, 418) 769
(622, 419) 770
(632, 420) 771
(642, 421) 772
(651, 422) 773
(660, 423) 774
(671, 424) 775
(683, 425) 776
(687, 425) 777
(690, 425) 778
(692, 425) 779
(694, 425) 780
(697, 425) 781
(699, 425) 782
(702, 424) 783
(704, 424) 784
(706, 424) 785
(707, 424) 786
(710, 424) 787
(713, 424) 788
(715, 424) 789
(714, 426) 790
(709, 427) 791
(703, 429) 792
(698, 431) 793
(692, 433) 794
(687, 434) 795
(683, 436) 796
(678, 438) 797
(672, 439) 798
(667, 441) 799
(661, 443) 800
(656, 445) 801
(651, 447) 802
(646, 448) 803
(641, 450) 804
(636, 452) 805
(631, 454) 806
(627, 456) 807
(625, 457) 808
(623, 459) 809
(621, 460) 810
(614, 460) 811
(608, 461) 812
(604, 461) 813
(599, 461) 814
(596, 461) 815
(597, 461) 816
(596, 461) 817
(595, 460) 818
(593, 459) 819
(595, 459) 820
(596, 459) 821
(595, 458) 822
(595, 456) 823
(595, 455) 824
(595, 454) 825
(595, 453) 826
(594, 453) 827
(594, 452) 828
(595, 450) 829
(601, 449) 830
(606, 448) 831
(610, 447) 832
(613, 446) 833
(615, 445) 834
(618, 444) 835
(620, 443) 836
(621, 442) 837
(623, 442) 838
(624, 441) 839
(625, 440) 840
(621, 438) 841
(617, 437) 842
(612, 437) 843
(608, 436) 844
(604, 435) 845
(599, 435) 846
(596, 434) 847
(592, 434) 848
(590, 433) 849
(587, 433) 850
(585, 432) 851
(583, 432) 852
(581, 432) 853
(575, 431) 854
(569, 430) 855
(564, 429) 856
(559, 429) 857
(559, 428) 858
(560, 427) 859
(560, 426) 860
(561, 425) 861
(561, 424) 862
(562, 424) 863
(561, 423) 864
(556, 423) 865
(551, 423) 866
(547, 423) 867
(548, 422) 868
(550, 421) 869
(551, 420) 870
(552, 420) 871
(553, 419) 872
(553, 418) 873
(554, 418) 874
(555, 417) 875
(556, 417) 876
(556, 416) 877
(557, 415) 878
(557, 415) 879
(557, 414) 880
(555, 413) 881
(374, 409) 729
(369, 408) 730
(364, 408) 731
(365, 409) 732
(366, 410) 733
(367, 411) 734
(364, 412) 735
(360, 413) 736
(356, 414) 737
(353, 414) 738
(353, 415) 739
(349, 416) 740
(346, 417) 741
(339, 418) 742
(335, 419) 743
(329, 419) 744
(321, 420) 745
(316, 421) 746
(308, 421) 747
(308, 422) 748
(308, 423) 749
(308, 424) 750
(304, 425) 751
(304, 425) 752
(304, 426) 753
(304, 427) 754
(304, 428) 755
(300, 428) 756
(297, 429) 757
(298, 429) 758
(300, 430) 759
(301, 431) 760
(303, 432) 761
(305, 432) 762
(307, 433) 763
(309, 434) 764
(309, 434) 765
(310, 435) 766
(310, 436) 767
(311, 436) 768
(312, 437) 769
(314, 437) 770
(314, 438) 771
(314, 439) 772
(310, 439) 773
(305, 438) 774
(296, 438) 775
(288, 438) 776
(284, 438) 777
(279, 437) 778
(275, 437) 779
(270, 437) 780
(265, 436) 781
(261, 436) 782
(257, 435) 783
(254, 435) 784
(251, 435) 785
(248, 434) 786
(246, 434) 787
(244, 434) 788
(243, 433) 789
(239, 430) 790
(1195, 467) 736
(1194, 467) 737
(1194, 467) 738
(1194, 467) 739
(1194, 467) 740
(1194, 467) 741
(1194, 467) 742
(1194, 467) 743
(1194, 467) 744
(1194, 467) 745
(1198, 465) 746
(1202, 464) 747
(1206, 463) 748
(1209, 461) 749
(1212, 460) 750
(1212, 459) 751
(1214, 457) 752
(1213, 456) 753
(1211, 455) 754
(1210, 453) 755
(1209, 452) 756
(1208, 451) 757
(1207, 449) 758
(1206, 448) 759
(1205, 448) 760
(1202, 446) 761
(1199, 444) 762
(1197, 442) 763
(1195, 441) 764
(1193, 439) 765
(1191, 437) 766
(1190, 435) 767
(1190, 435) 768
(1190, 434) 769
(1193, 433) 770
(1196, 433) 771
(1200, 433) 772
(1204, 433) 773
(1207, 433) 774
(1209, 433) 775
(1212, 433) 776
(1214, 433) 777
(1218, 433) 778
(1221, 433) 779
(1231, 432) 780
(1239, 432) 781
(1247, 431) 782
(1253, 431) 783
(1262, 431) 784
(1271, 430) 785
(1278, 430) 786
(1284, 429) 787
(1282, 428) 788
(1281, 427) 789
(1279, 426) 790
(1278, 425) 791
(1278, 424) 792
(1283, 423) 793
(1293, 423) 794
(1303, 422) 795
(1312, 421) 796
(1324, 420) 797
(1335, 418) 798
(1345, 417) 799
(1354, 415) 800
(1362, 414) 801
(1369, 413) 802
(1375, 411) 803
(1381, 410) 804
(1385, 409) 805
(1382, 407) 806
(1377, 406) 807
(720, 296) 766
(719, 295) 767
(721, 295) 768
(727, 297) 769
(732, 298) 770
(736, 300) 771
(737, 300) 772
(737, 300) 773
(737, 299) 774
(738, 299) 775
(738, 299) 776
(738, 299) 777
(739, 299) 778
(739, 299) 779
(739, 299) 780
(739, 299) 781
(739, 299) 782
(747, 298) 783
(754, 298) 784
(766, 299) 785
(778, 300) 786
(793, 299) 787
(806, 299) 788
(816, 299) 789
(825, 299) 790
(832, 298) 791
(842, 299) 792
(850, 299) 793
(857, 299) 794
(864, 299) 795
(870, 298) 796
(874, 298) 797
(876, 297) 798
(882, 296) 799
(892, 296) 800
(899, 297) 801
(914, 297) 802
(923, 298) 803
(931, 298) 804
(938, 299) 805
(946, 299) 806
(953, 298) 807
(959, 298) 808
(964, 298) 809
(969, 298) 810
(973, 298) 811
(977, 298) 812
(981, 298) 813
(984, 298) 814
(987, 298) 815
(990, 299) 816
(990, 299) 817
(986, 299) 818
(979, 299) 819
(978, 301) 820
(977, 302) 821
(973, 302) 822
(968, 301) 823
(962, 301) 824
(957, 301) 825
(957, 301) 826
(960, 301) 827
(964, 302) 828
(968, 303) 829
(971, 303) 830
(974, 304) 831
(977, 304) 832
(979, 305) 833
(981, 305) 834
(983, 306) 835
(985, 306) 836
(986, 307) 837
(988, 307) 838
(989, 308) 839
(990, 308) 840
(991, 309) 841
(992, 309) 842
(993, 310) 843
(993, 310) 844
(993, 311) 845
(989, 310) 846
(985, 309) 847
(981, 309) 848
(977, 308) 849
(974, 307) 850
(971, 307) 851
(969, 306) 852
(966, 306) 853
(964, 305) 854
(955, 305) 855
(947, 305) 856
(942, 305) 857
(941, 304) 858
(938, 304) 859
(934, 304) 860
(929, 303) 861
(917, 304) 862
(907, 304) 863
(897, 304) 864
(889, 304) 865
(881, 304) 866
(879, 303) 867
(877, 302) 868
(879, 301) 869
(881, 300) 870
(881, 300) 871
(882, 298) 872
(882, 298) 873
(880, 297) 874
(877, 295) 875
(875, 294) 876
(872, 293) 877
(873, 293) 878
(877, 293) 879
(881, 294) 880
(883, 295) 881
(884, 295) 882
(885, 296) 883
(885, 297) 884
(885, 298) 885
(885, 299) 886
(881, 298) 887
(875, 297) 888
(866, 295) 889
(851, 294) 890
(838, 293) 891
(827, 292) 892
(816, 291) 893
(807, 290) 894
(799, 289) 895
(795, 288) 896
(788, 287) 897
(784, 286) 898
(781, 285) 899
(778, 284) 900
(779, 283) 901
(780, 282) 902
(781, 282) 903
(786, 282) 904
(786, 281) 905
(787, 280) 906
(785, 280) 907
(778, 280) 908
(767, 281) 909
(765, 281) 910
(765, 282) 911
(767, 282) 912
(766, 283) 913
(766, 283) 914
(767, 283) 915
(766, 282) 916
(763, 281) 917
(761, 281) 918
(759, 280) 919
(757, 279) 920
(755, 278) 921
(753, 277) 922
(751, 276) 923
(750, 276) 924
(749, 275) 925
(748, 274) 926
(748, 273) 927
(748, 273) 928
(747, 272) 929
(747, 271) 930
(746, 271) 931
(746, 270) 932
(745, 270) 933
(745, 269) 934
(745, 269) 935
(744, 268) 936
(744, 268) 937
(744, 267) 938
(743, 267) 939
(743, 267) 940
(742, 266) 941
(742, 266) 942
(743, 265) 943
(743, 265) 944
(743, 265) 945
(743, 264) 946
(743, 264) 947
(743, 263) 948
(744, 263) 949
(744, 263) 950
(745, 262) 951
(745, 262) 952
(746, 262) 953
(746, 262) 954
(746, 261) 955
(747, 261) 956
(746, 261) 957
(746, 260) 958
(747, 260) 959
(748, 260) 960
(746, 261) 961
(745, 261) 962
(747, 261) 963
(749, 261) 964
(751, 262) 965
(751, 261) 966
(750, 261) 967
(750, 261) 968
(750, 260) 969
(751, 260) 970
(751, 260) 971
(751, 259) 972
(750, 261) 973
(752, 261) 974
(757, 261) 975
(761, 261) 976
(765, 261) 977
(769, 261) 978
(772, 261) 979
(775, 262) 980
(777, 262) 981
(780, 262) 982
(779, 262) 983
(779, 263) 984
(782, 264) 985
(785, 264) 986
(788, 264) 987
(791, 265) 988
(791, 265) 989
(791, 265) 990
(789, 266) 991
(788, 266) 992
(787, 266) 993
(785, 266) 994
(784, 266) 995
(783, 266) 996
(782, 266) 997
(781, 266) 998
(780, 266) 999
(780, 267) 1000
(779, 267) 1001
(778, 267) 1002
(773, 267) 1003
(769, 267) 1004
(765, 267) 1005
(766, 267) 1006
(767, 267) 1007
(765, 267) 1008
(1752, 453) 803
(1752, 453) 804
(1753, 453) 805
(1754, 453) 806
(1756, 454) 807
(1758, 454) 808
(1763, 455) 809
(1768, 455) 810
(1772, 456) 811
(1775, 456) 812
(1779, 457) 813
(1783, 457) 814
(1788, 457) 815
(1791, 457) 816
(1794, 457) 817
(1804, 457) 818
(1812, 457) 819
(1819, 458) 820
(1825, 458) 821
(1831, 458) 822
(1836, 459) 823
(1839, 459) 824
(1843, 459) 825
(1846, 459) 826
(1849, 459) 827
(1851, 459) 828
(1853, 459) 829
(1855, 460) 830
(1857, 460) 831
(1859, 460) 832
(1860, 460) 833
(1862, 460) 834
(1863, 460) 835
(1864, 460) 836
(1865, 460) 837
(1866, 461) 838
(1866, 461) 839
(1867, 461) 840
(1868, 461) 841
(1868, 461) 842
(1865, 462) 843
(1865, 463) 844
(1863, 465) 845
(1858, 466) 846
(1853, 467) 847
(1850, 468) 848
(1847, 469) 849
(1843, 469) 850
(1839, 470) 851
(1835, 470) 852
(1832, 471) 853
(1829, 471) 854
(1827, 471) 855
(1825, 472) 856
(1823, 472) 857
(1821, 472) 858
(1819, 473) 859
(1818, 473) 860
(1816, 473) 861
(1815, 474) 862
(1815, 474) 863
(1815, 473) 864
(1816, 473) 865
(1816, 472) 866
(1817, 472) 867
(1816, 471) 868
(1816, 471) 869
(1816, 470) 870
(1816, 470) 871
(1816, 469) 872
(1815, 469) 873
(1815, 468) 874
(1815, 468) 875
(1815, 468) 876
(1813, 467) 877
(1810, 466) 878
(1808, 466) 879
(614, 454) 993
(618, 452) 994
(625, 451) 995
(631, 449) 996
(638, 447) 997
(643, 445) 998
(647, 443) 999
(653, 442) 1000
(659, 440) 1001
(664, 438) 1002
(669, 437) 1003
(673, 435) 1004
(679, 434) 1005
(684, 433) 1006
(688, 432) 1007
(692, 431) 1008
(696, 429) 1009
(698, 429) 1010
(701, 428) 1011
(704, 427) 1012
(707, 426) 1013
(708, 425) 1014
(708, 424) 1015
(705, 423) 1016
(705, 422) 1017
(705, 422) 1018
(708, 421) 1019
(714, 420) 1020
(719, 418) 1021
(723, 417) 1022
(725, 416) 1023
(726, 415) 1024
(727, 414) 1025
(733, 413) 1026
(738, 412) 1027
(738, 411) 1028
(738, 410) 1029
(741, 409) 1030
(746, 407) 1031
(751, 406) 1032
(758, 405) 1033
(767, 403) 1034
(776, 401) 1035
(782, 399) 1036
(791, 397) 1037
(795, 395) 1038
(795, 393) 1039
(796, 392) 1040
(801, 391) 1041
(804, 390) 1042
(806, 389) 1043
(808, 388) 1044
(811, 387) 1045
(812, 386) 1046
(811, 385) 1047
(810, 384) 1048
(808, 383) 1049
(807, 382) 1050
(805, 381) 1051
(801, 380) 1052
(797, 380) 1053
(795, 379) 1054
(792, 379) 1055
(792, 377) 1056
(790, 376) 1057
(788, 375) 1058
(786, 375) 1059
(784, 374) 1060
(783, 373) 1061
(782, 372) 1062
(780, 371) 1063
(780, 372) 1064
(780, 372) 1065
(780, 373) 1066
(774, 374) 1067
(767, 374) 1068
(763, 375) 1069
(764, 377) 1070
(767, 377) 1071
(770, 377) 1072
(772, 378) 1073
(773, 378) 1074
(776, 378) 1075
(773, 379) 1076
(770, 379) 1077
(767, 379) 1078
(766, 378) 1079
(766, 378) 1080
(771, 377) 1081
(773, 377) 1082
(777, 377) 1083
(781, 377) 1084
(784, 377) 1085
(787, 377) 1086
(788, 377) 1087
(789, 377) 1088
(790, 377) 1089
(790, 376) 1090
(793, 377) 1091
(793, 376) 1092
(793, 376) 1093
(794, 375) 1094
(795, 375) 1095
(795, 375) 1096
(795, 375) 1097
(794, 375) 1098
(793, 375) 1099
(792, 375) 1100
(790, 375) 1101
(790, 375) 1102
(790, 375) 1103
(792, 376) 1104
(793, 376) 1105
(798, 376) 1106
(803, 376) 1107
(808, 377) 1108
(812, 377) 1109
(815, 377) 1110
(819, 376) 1111
(818, 377) 1112
(816, 377) 1113
(814, 377) 1114
(812, 377) 1115
(811, 376) 1116
(811, 376) 1117
(807, 376) 1118
(807, 376) 1119
(807, 375) 1120
(809, 375) 1121
(810, 375) 1122
(811, 374) 1123
(814, 374) 1124
(816, 373) 1125
(826, 373) 1126
(841, 372) 1127
(851, 369) 1128
(861, 367) 1129
(871, 365) 1130
(881, 364) 1131
(891, 363) 1132
(899, 363) 1133
(906, 362) 1134
(913, 361) 1135
(912, 361) 1136
(909, 361) 1137
(905, 361) 1138
(903, 362) 1139
(900, 362) 1140
(899, 363) 1141
(898, 363) 1142
(896, 363) 1143
(895, 364) 1144
(894, 364) 1145
(888, 365) 1146
(882, 365) 1147
(877, 366) 1148
(868, 366) 1149
(864, 366) 1150
(862, 366) 1151
(856, 366) 1152
(852, 366) 1153
(848, 365) 1154
(846, 365) 1155
(841, 364) 1156
(835, 363) 1157
(831, 362) 1158
(827, 361) 1159
(821, 360) 1160
(822, 360) 1161
(825, 360) 1162
(827, 360) 1163
(829, 360) 1164
(831, 360) 1165
(832, 360) 1166
(834, 360) 1167
(835, 360) 1168
(836, 360) 1169
(836, 360) 1170
(836, 360) 1171
(834, 359) 1172
(833, 358) 1173
(832, 357) 1174
(831, 357) 1175
(830, 356) 1176
(831, 355) 1177
(838, 353) 1178
(852, 351) 1179
(863, 349) 1180
