(971, 461) 20
(970, 461) 21
(965, 461) 22
(957, 462) 23
(948, 464) 24
(944, 465) 25
(938, 466) 26
(928, 468) 27
(915, 470) 28
(909, 471) 29
(898, 474) 30
(886, 476) 31
(873, 477) 32
(860, 479) 33
(848, 481) 34
(838, 482) 35
(828, 483) 36
(819, 485) 37
(811, 486) 38
(804, 487) 39
(798, 488) 40
(793, 490) 41
(788, 491) 42
(780, 493) 43
(771, 494) 44
(762, 496) 45
(759, 498) 46
(753, 500) 47
(747, 501) 48
(739, 503) 49
(734, 504) 50
(730, 506) 51
(726, 507) 52
(726, 508) 53
(726, 509) 54
(726, 510) 55
(726, 511) 56
(726, 512) 57
(726, 513) 58
(726, 514) 59
(726, 515) 60
(726, 516) 61
(726, 517) 62
(726, 518) 63
(726, 518) 64
(726, 519) 65
(726, 520) 66
(718, 521) 67
(711, 521) 68
(705, 522) 69
(694, 523) 70
(690, 525) 71
(679, 526) 72
(670, 528) 73
(661, 529) 74
(653, 531) 75
(645, 532) 76
(639, 534) 77
(635, 536) 78
(632, 537) 79
(632, 539) 80
(632, 541) 81
(632, 543) 82
(628, 544) 83
(627, 545) 84
(627, 546) 85
(626, 548) 86
(632, 550) 87
(637, 552) 88
(648, 554) 89
(660, 556) 90
(669, 557) 91
(677, 558) 92
(682, 559) 93
(689, 560) 94
(701, 562) 95
(713, 565) 96
(719, 567) 97
(727, 568) 98
(737, 569) 99
(747, 571) 100
(759, 573) 101
(767, 574) 102
(774, 575) 103
(781, 576) 104
(792, 578) 105
(806, 581) 106
(814, 582) 107
(819, 583) 108
(824, 584) 109
(826, 586) 110
(832, 586) 111
(835, 587) 112
(841, 589) 113
(847, 589) 114
(853, 590) 115
(859, 591) 116
(866, 591) 117
(872, 592) 118
(875, 592) 119
(874, 593) 120
(514, 589) 103
(514, 589) 104
(514, 589) 105
(513, 589) 106
(512, 589) 107
(513, 589) 108
(514, 589) 109
(515, 590) 110
(516, 590) 111
(517, 590) 112
(520, 591) 113
(522, 591) 114
(525, 591) 115
(526, 592) 116
(528, 592) 117
(534, 594) 118
(541, 596) 119
(547, 598) 120
(551, 600) 121
(552, 602) 122
(552, 604) 123
(555, 606) 124
(559, 607) 125
(559, 608) 126
(561, 609) 127
(566, 609) 128
(571, 609) 129
(567, 610) 130
(562, 610) 131
(552, 610) 132
(544, 610) 133
(529, 610) 134
(518, 610) 135
(508, 610) 136
(499, 609) 137
(491, 609) 138
(484, 609) 139
(477, 609) 140
(471, 609) 141
(466, 608) 142
(461, 608) 143
(457, 608) 144
(446, 608) 145
(436, 608) 146
(427, 609) 147
(419, 609) 148
(412, 609) 149
(405, 609) 150
(399, 610) 151
(394, 610) 152
(394, 611) 153
(394, 613) 154
(391, 614) 155
(383, 614) 156
(376, 614) 157
(369, 612) 158
(363, 611) 159
(361, 611) 160
(358, 610) 161
(356, 609) 162
(356, 610) 163
(356, 611) 164
(355, 612) 165
(355, 612) 166
(355, 612) 167
(357, 612) 168
(359, 612) 169
(361, 613) 170
(364, 614) 171
(366, 615) 172
(367, 616) 173
(369, 616) 174
(370, 617) 175
(371, 618) 176
(372, 619) 177
(373, 619) 178
(373, 620) 179
(374, 621) 180
(375, 622) 181
(375, 622) 182
(376, 623) 183
(376, 624) 184
(376, 623) 185
(377, 622) 186
(377, 621) 187
(378, 620) 188
(378, 619) 189
(378, 619) 190
(377, 619) 191
(377, 619) 192
(378, 619) 193
(379, 619) 194
(380, 619) 195
(382, 620) 196
(384, 620) 197
(386, 620) 198
(388, 621) 199
(389, 621) 200
(391, 621) 201
(392, 622) 202
(393, 622) 203
(394, 622) 204
(395, 623) 205
(395, 623) 206
(395, 622) 207
(394, 621) 208
(396, 621) 209
(395, 621) 210
(394, 622) 211
(394, 622) 212
(390, 622) 213
(387, 622) 214
(377, 623) 215
(369, 624) 216
(361, 625) 217
(354, 626) 218
(348, 626) 219
(343, 627) 220
(338, 628) 221
(333, 629) 222
(329, 629) 223
(325, 630) 224
(322, 631) 225
(319, 631) 226
(317, 632) 227
(314, 633) 228
(312, 633) 229
(310, 634) 230
(308, 635) 231
(307, 635) 232
(305, 636) 233
(305, 636) 234
(307, 638) 235
(313, 639) 236
(319, 639) 237
(325, 640) 238
(330, 641) 239
(335, 641) 240
(340, 642) 241
(343, 643) 242
(347, 643) 243
(350, 644) 244
(353, 645) 245
(355, 645) 246
(358, 646) 247
(353, 648) 248
(1029, 551) 130
(1028, 551) 131
(1022, 551) 132
(1022, 551) 133
(1022, 550) 134
(1022, 549) 135
(1020, 549) 136
(1015, 548) 137
(1010, 547) 138
(1011, 546) 139
(1012, 546) 140
(1012, 545) 141
(1012, 544) 142
(1013, 543) 143
(1020, 542) 144
(1020, 542) 145
(1017, 541) 146
(1014, 541) 147
(1011, 541) 148
(1008, 540) 149
(1009, 540) 150
(1009, 540) 151
(1005, 540) 152
(1005, 540) 153
(1005, 540) 154
(1007, 540) 155
(1009, 541) 156
(1010, 541) 157
(1012, 541) 158
(1013, 541) 159
(1014, 541) 160
(1015, 542) 161
(1016, 542) 162
(1017, 542) 163
(1018, 542) 164
(1018, 542) 165
(1019, 542) 166
(1020, 543) 167
(1020, 543) 168
(1012, 543) 169
(1005, 543) 170
(999, 543) 171
(993, 544) 172
(988, 544) 173
(983, 544) 174
(979, 544) 175
(971, 544) 176
(963, 544) 177
(957, 543) 178
(951, 543) 179
(946, 543) 180
(946, 544) 181
(946, 544) 182
(942, 543) 183
(937, 543) 184
(937, 542) 185
(939, 542) 186
(948, 543) 187
(958, 545) 188
(966, 546) 189
(974, 547) 190
(981, 548) 191
(985, 548) 192
(991, 546) 193
(998, 544) 194
(1004, 542) 195
(1008, 540) 196
(1013, 538) 197
(1013, 537) 198
(1014, 535) 199
(1014, 534) 200
(1014, 533) 201
(1012, 533) 202
(1011, 533) 203
(1005, 533) 204
(999, 534) 205
(994, 534) 206
(991, 532) 207
(989, 531) 208
(986, 529) 209
(984, 528) 210
(982, 526) 211
(980, 525) 212
(976, 524) 213
(973, 523) 214
(967, 523) 215
(967, 522) 216
(967, 521) 217
(966, 520) 218
(965, 519) 219
(965, 518) 220
(966, 516) 221
(966, 515) 222
(964, 514) 223
(960, 514) 224
(957, 513) 225
(955, 513) 226
(952, 512) 227
(949, 512) 228
(947, 512) 229
(947, 512) 230
(948, 512) 231
(951, 512) 232
(954, 512) 233
(951, 512) 234
(949, 511) 235
(946, 511) 236
(942, 511) 237
(940, 511) 238
(940, 511) 239
(944, 512) 240
(949, 512) 241
(954, 513) 242
(958, 513) 243
(961, 514) 244
(964, 514) 245
(967, 515) 246
(977, 516) 247
(983, 517) 248
(989, 518) 249
(993, 519) 250
(999, 520) 251
(1003, 520) 252
(1001, 522) 253
(999, 524) 254
(995, 526) 255
(992, 528) 256
(991, 530) 257
(991, 531) 258
(989, 533) 259
(987, 534) 260
(985, 534) 261
(986, 533) 262
(985, 533) 263
(983, 534) 264
(982, 535) 265
(981, 536) 266
(979, 537) 267
(978, 538) 268
(977, 538) 269
(975, 539) 270
(975, 540) 271
(975, 541) 272
(975, 542) 273
(979, 543) 274
(985, 544) 275
(990, 545) 276
(995, 547) 277
(999, 548) 278
(1003, 549) 279
(1006, 550) 280
(1009, 551) 281
(1020, 552) 282
(1030, 553) 283
(1040, 554) 284
(1051, 556) 285
(1067, 557) 286
(1082, 557) 287
(1096, 558) 288
(1108, 559) 289
(1119, 560) 290
(1129, 561) 291
(1138, 562) 292
(1148, 562) 293
(1158, 562) 294
(1166, 563) 295
(1173, 563) 296
(1179, 563) 297
(1185, 563) 298
(1188, 564) 299
(1191, 565) 300
(1193, 566) 301
(1196, 567) 302
(1201, 568) 303
(1205, 569) 304
(1208, 570) 305
(1211, 571) 306
(1214, 571) 307
(1217, 572) 308
(1219, 573) 309
(1221, 574) 310
(1223, 575) 311
(1225, 575) 312
(1227, 576) 313
(1233, 578) 314
(1236, 580) 315
(1239, 582) 316
(1241, 584) 317
(1243, 587) 318
(1244, 589) 319
(1245, 591) 320
(1247, 593) 321
(1248, 595) 322
(1252, 596) 323
(1252, 598) 324
(1250, 600) 325
(1249, 602) 326
(1248, 604) 327
(1246, 606) 328
(1244, 608) 329
(595, 632) 163
(595, 632) 164
(595, 632) 165
(595, 632) 166
(597, 631) 167
(599, 630) 168
(600, 629) 169
(598, 628) 170
(598, 627) 171
(596, 626) 172
(595, 626) 173
(594, 625) 174
(599, 624) 175
(605, 623) 176
(611, 623) 177
(617, 623) 178
(622, 622) 179
(633, 621) 180
(644, 620) 181
(653, 619) 182
(662, 618) 183
(669, 617) 184
(676, 617) 185
(685, 615) 186
(693, 613) 187
(700, 611) 188
(705, 610) 189
(710, 608) 190
(715, 607) 191
(723, 605) 192
(727, 603) 193
(732, 602) 194
(739, 600) 195
(744, 599) 196
(749, 598) 197
(752, 598) 198
(757, 597) 199
(755, 596) 200
(745, 596) 201
(732, 596) 202
(717, 596) 203
(704, 596) 204
(689, 596) 205
(673, 595) 206
(658, 594) 207
(645, 593) 208
(633, 592) 209
(622, 592) 210
(612, 591) 211
(606, 590) 212
(604, 588) 213
(604, 587) 214
(602, 586) 215
(603, 586) 216
(605, 585) 217
(606, 584) 218
(607, 583) 219
(608, 583) 220
(609, 582) 221
(610, 581) 222
(611, 581) 223
(612, 580) 224
(612, 579) 225
(616, 578) 226
(615, 578) 227
(613, 577) 228
(611, 577) 229
(611, 576) 230
(607, 576) 231
(604, 575) 232
(604, 575) 233
(605, 575) 234
(609, 576) 235
(612, 576) 236
(615, 576) 237
(619, 576) 238
(623, 576) 239
(626, 576) 240
(628, 576) 241
(631, 576) 242
(633, 576) 243
(635, 576) 244
(636, 576) 245
(637, 577) 246
(637, 578) 247
(638, 580) 248
(641, 582) 249
(641, 584) 250
(640, 586) 251
(639, 589) 252
(632, 592) 253
(1049, 334) 165
(1049, 333) 166
(1048, 333) 167
(1048, 333) 168
(1049, 333) 169
(1049, 333) 170
(1052, 334) 171
(1055, 334) 172
(1058, 335) 173
(1060, 335) 174
(1062, 335) 175
(1064, 336) 176
(1062, 336) 177
(1062, 337) 178
(1063, 337) 179
(1064, 337) 180
(1064, 338) 181
(1065, 338) 182
(1065, 338) 183
(1065, 339) 184
(1065, 339) 185
(1066, 339) 186
(1066, 338) 187
(1068, 338) 188
(1069, 337) 189
(1071, 336) 190
(1072, 336) 191
(1071, 336) 192
(1070, 336) 193
(1069, 335) 194
(1069, 335) 195
(1068, 335) 196
(1067, 335) 197
(1067, 335) 198
(1064, 336) 199
(1063, 336) 200
(1062, 336) 201
(1061, 337) 202
(1061, 338) 203
(1060, 339) 204
(1059, 339) 205
(1054, 342) 206
(1051, 344) 207
(1047, 346) 208
(1044, 348) 209
(1041, 350) 210
(1039, 352) 211
(1037, 354) 212
(1035, 355) 213
(1033, 357) 214
(1034, 357) 215
(1034, 358) 216
(1035, 358) 217
(1035, 358) 218
(1036, 358) 219
(1036, 358) 220
(1037, 358) 221
(1037, 359) 222
(1037, 359) 223
(1037, 359) 224
(1037, 360) 225
(1036, 362) 226
(1034, 364) 227
(1034, 365) 228
(1035, 367) 229
(1036, 369) 230
(1038, 371) 231
(1039, 372) 232
(1041, 374) 233
(1041, 376) 234
(1039, 377) 235
(1036, 379) 236
(1033, 380) 237
(1031, 382) 238
(1027, 383) 239
(1024, 385) 240
(1020, 386) 241
(1017, 388) 242
(1015, 389) 243
(1013, 390) 244
(1012, 390) 245
(1011, 390) 246
(1010, 390) 247
(1009, 389) 248
(1008, 389) 249
(1007, 389) 250
(1006, 389) 251
(1006, 389) 252
(1007, 389) 253
(1008, 389) 254
(1009, 389) 255
(1008, 389) 256
(1009, 389) 257
(1009, 390) 258
(1007, 390) 259
(1007, 390) 260
(1007, 390) 261
(1007, 391) 262
(1007, 391) 263
(1007, 390) 264
(1007, 390) 265
(1006, 389) 266
(1006, 389) 267
(1006, 388) 268
(1005, 387) 269
(1004, 387) 270
(1004, 386) 271
(1003, 386) 272
(1003, 385) 273
(1003, 385) 274
(1003, 385) 275
(1003, 384) 276
(1003, 384) 277
(1003, 384) 278
(1003, 383) 279
(1002, 383) 280
(1002, 382) 281
(1001, 382) 282
(1001, 382) 283
(1001, 382) 284
(1000, 382) 285
(998, 381) 286
(997, 381) 287
(996, 380) 288
(996, 380) 289
(996, 380) 290
(996, 380) 291
(997, 381) 292
(997, 381) 293
(996, 381) 294
(996, 382) 295
(997, 382) 296
(998, 382) 297
(998, 382) 298
(998, 382) 299
(998, 383) 300
(998, 383) 301
(997, 382) 302
(996, 382) 303
(996, 381) 304
(995, 381) 305
(995, 381) 306
(995, 380) 307
(996, 379) 308
(997, 378) 309
(999, 377) 310
(1001, 376) 311
(1004, 375) 312
(1006, 375) 313
(1009, 374) 314
(1010, 373) 315
(1011, 373) 316
(1013, 373) 317
(1015, 372) 318
(1017, 372) 319
(1019, 372) 320
(1020, 372) 321
(1022, 371) 322
(1022, 371) 323
(1022, 372) 324
(1022, 372) 325
(1022, 372) 326
(1022, 372) 327
(1022, 372) 328
(1022, 372) 329
(1021, 371) 330
(1021, 371) 331
(1021, 371) 332
(1020, 371) 333
(1018, 371) 334
(1017, 371) 335
(1015, 371) 336
(1014, 370) 337
(1013, 370) 338
(1012, 370) 339
(1011, 370) 340
(1010, 370) 341
(1010, 370) 342
(1009, 370) 343
(1009, 370) 344
(1005, 371) 345
(1004, 372) 346
(1003, 374) 347
(1000, 375) 348
(992, 377) 349
(986, 378) 350
(979, 379) 351
(972, 381) 352
(969, 383) 353
(963, 385) 354
(958, 387) 355
(956, 389) 356
(953, 390) 357
(952, 392) 358
(951, 393) 359
(951, 394) 360
(952, 395) 361
(952, 396) 362
(951, 397) 363
(949, 398) 364
(946, 399) 365
(940, 400) 366
(935, 401) 367
(930, 402) 368
(926, 404) 369
(923, 405) 370
(919, 406) 371
(916, 407) 372
(915, 408) 373
(912, 410) 374
(908, 411) 375
(904, 412) 376
(900, 413) 377
(897, 414) 378
(899, 415) 379
(900, 416) 380
(904, 417) 381
(903, 419) 382
(903, 420) 383
(904, 422) 384
(904, 423) 385
(904, 425) 386
(905, 427) 387
(905, 428) 388
(912, 429) 389
(919, 431) 390
(925, 432) 391
(929, 435) 392
(935, 436) 393
(938, 438) 394
(941, 440) 395
(944, 442) 396
(946, 444) 397
(947, 446) 398
(948, 448) 399
(949, 451) 400
(949, 453) 401
(947, 455) 402
(944, 457) 403
(940, 458) 404
(937, 459) 405
(934, 461) 406
(930, 462) 407
(925, 463) 408
(923, 464) 409
(920, 465) 410
(916, 465) 411
(915, 466) 412
(915, 467) 413
(917, 468) 414
(916, 468) 415
(914, 469) 416
(910, 470) 417
(907, 471) 418
(903, 471) 419
(899, 472) 420
(895, 473) 421
(892, 473) 422
(890, 474) 423
(886, 475) 424
(886, 476) 425
(885, 476) 426
(884, 477) 427
(884, 478) 428
(884, 479) 429
(886, 480) 430
(888, 481) 431
(890, 481) 432
(892, 482) 433
(892, 483) 434
(892, 483) 435
(891, 484) 436
(891, 485) 437
(892, 485) 438
(893, 485) 439
(894, 485) 440
(895, 485) 441
(895, 485) 442
(896, 485) 443
(897, 486) 444
(899, 486) 445
(901, 487) 446
(904, 488) 447
(906, 489) 448
(908, 489) 449
(909, 489) 450
(912, 490) 451
(911, 490) 452
(910, 490) 453
(910, 491) 454
(909, 491) 455
(909, 492) 456
(910, 492) 457
(912, 492) 458
(913, 492) 459
(915, 492) 460
(917, 492) 461
(918, 492) 462
(919, 492) 463
(919, 493) 464
(913, 492) 465
(908, 491) 466
(902, 491) 467
(897, 492) 468
(894, 492) 469
(892, 493) 470
(889, 494) 471
(887, 494) 472
(885, 495) 473
(885, 495) 474
(885, 495) 475
(886, 496) 476
(888, 496) 477
(889, 497) 478
(889, 497) 479
(885, 497) 480
(885, 497) 481
(881, 496) 482
(874, 495) 483
(866, 493) 484
(858, 492) 485
(851, 490) 486
(848, 489) 487
(842, 487) 488
(837, 486) 489
(836, 486) 490
(835, 485) 491
(835, 485) 492
(833, 484) 493
(833, 483) 494
(833, 483) 495
(833, 483) 496
(837, 483) 497
(841, 484) 498
(844, 484) 499
(843, 483) 500
(842, 483) 501
(839, 482) 502
(836, 481) 503
(834, 481) 504
(832, 480) 505
(830, 480) 506
(827, 479) 507
(822, 478) 508
(816, 477) 509
(813, 477) 510
(809, 476) 511
(805, 476) 512
(808, 476) 513
(809, 476) 514
(809, 477) 515
(813, 477) 516
(815, 476) 517
(819, 476) 518
(822, 477) 519
(825, 477) 520
(835, 477) 521
(844, 478) 522
(851, 478) 523
(858, 479) 524
(860, 479) 525
(860, 480) 526
(857, 480) 527
(858, 480) 528
(859, 480) 529
(860, 480) 530
(860, 481) 531
(859, 481) 532
(861, 481) 533
(860, 481) 534
(860, 480) 535
(856, 480) 536
(853, 479) 537
(851, 478) 538
(849, 478) 539
(850, 477) 540
(849, 476) 541
(849, 476) 542
(852, 476) 543
(857, 477) 544
(862, 477) 545
(866, 477) 546
(870, 477) 547
(875, 478) 548
(880, 478) 549
(885, 479) 550
(889, 479) 551
(892, 480) 552
(894, 480) 553
(896, 480) 554
(898, 480) 555
(900, 480) 556
(899, 480) 557
(899, 481) 558
(901, 483) 559
(903, 485) 560
(903, 485) 561
(903, 486) 562
(899, 485) 563
(896, 484) 564
(71, 642) 192
(73, 642) 193
(78, 641) 194
(83, 641) 195
(87, 641) 196
(93, 640) 197
(98, 640) 198
(100, 639) 199
(102, 639) 200
(106, 638) 201
(109, 639) 202
(113, 640) 203
(117, 642) 204
(121, 643) 205
(119, 645) 206
(111, 647) 207
(104, 648) 208
(98, 649) 209
(93, 651) 210
(88, 652) 211
(83, 653) 212
(79, 655) 213
(76, 656) 214
(73, 657) 215
(70, 658) 216
(67, 660) 217
(66, 659) 218
(65, 659) 219
(64, 659) 220
(63, 658) 221
(61, 657) 222
(60, 657) 223
(59, 656) 224
(58, 656) 225
(56, 656) 226
(54, 656) 227
(53, 655) 228
(52, 654) 229
(52, 654) 230
(52, 653) 231
(50, 652) 232
(50, 651) 233
(51, 651) 234
(51, 651) 235
(52, 650) 236
(53, 649) 237
(57, 649) 238
(58, 648) 239
(59, 648) 240
(62, 647) 241
(63, 647) 242
(62, 646) 243
(60, 646) 244
(60, 645) 245
(60, 645) 246
(59, 644) 247
(59, 643) 248
(61, 642) 249
(62, 642) 250
(61, 641) 251
(60, 640) 252
(59, 639) 253
(59, 639) 254
(60, 639) 255
(61, 638) 256
(61, 637) 257
(61, 636) 258
(61, 635) 259
(61, 633) 260
(62, 632) 261
(62, 631) 262
(60, 630) 263
(61, 628) 264
(63, 627) 265
(63, 626) 266
(64, 624) 267
(65, 623) 268
(70, 623) 269
(72, 622) 270
(75, 622) 271
(79, 622) 272
(79, 621) 273
(77, 620) 274
(75, 619) 275
(74, 618) 276
(72, 617) 277
(70, 617) 278
(69, 616) 279
(69, 616) 280
(69, 616) 281
(67, 616) 282
(65, 616) 283
(63, 615) 284
(61, 615) 285
(60, 615) 286
(60, 614) 287
(60, 614) 288
(58, 614) 289
(57, 614) 290
(55, 614) 291
(53, 615) 292
(51, 615) 293
(52, 614) 294
(53, 613) 295
(53, 613) 296
(53, 612) 297
(52, 612) 298
(52, 612) 299
(51, 612) 300
(50, 611) 301
(50, 611) 302
(53, 610) 303
(53, 610) 304
(54, 610) 305
(58, 610) 306
(63, 610) 307
(67, 610) 308
(68, 609) 309
(69, 608) 310
(68, 608) 311
(68, 608) 312
(67, 609) 313
(67, 609) 314
(64, 609) 315
(62, 610) 316
(60, 611) 317
(58, 612) 318
(56, 613) 319
(54, 613) 320
(53, 614) 321
(52, 613) 322
(52, 614) 323
(52, 615) 324
(53, 615) 325
(53, 615) 326
(54, 615) 327
(54, 615) 328
(55, 615) 329
(56, 615) 330
(55, 616) 331
(59, 615) 332
(63, 614) 333
(66, 614) 334
(69, 613) 335
(71, 612) 336
(70, 611) 337
(71, 611) 338
(70, 611) 339
(70, 610) 340
(69, 610) 341
(68, 611) 342
(68, 611) 343
(68, 611) 344
(75, 611) 345
(85, 610) 346
(94, 610) 347
(102, 610) 348
(110, 609) 349
(116, 609) 350
(115, 609) 351
(113, 608) 352
(113, 607) 353
(113, 606) 354
(114, 605) 355
(115, 603) 356
(115, 602) 357
(116, 601) 358
(115, 600) 359
(113, 600) 360
(112, 601) 361
(112, 601) 362
(110, 601) 363
(109, 600) 364
(106, 600) 365
(106, 601) 366
(102, 600) 367
(95, 600) 368
(89, 599) 369
(87, 598) 370
(88, 598) 371
(90, 598) 372
(92, 598) 373
(94, 598) 374
(94, 598) 375
(90, 598) 376
(85, 597) 377
(79, 598) 378
(71, 598) 379
(66, 599) 380
(60, 599) 381
(55, 600) 382
(51, 601) 383
(47, 601) 384
(44, 602) 385
(41, 602) 386
(39, 603) 387
(38, 603) 388
(37, 603) 389
(35, 602) 390
(35, 602) 391
(40, 602) 392
(46, 602) 393
(52, 603) 394
(54, 603) 395
(60, 604) 396
(61, 604) 397
(63, 605) 398
(65, 605) 399
(74, 605) 400
(88, 605) 401
(100, 604) 402
(112, 604) 403
(122, 603) 404
(131, 603) 405
(140, 603) 406
(147, 602) 407
(154, 602) 408
(160, 602) 409
(165, 601) 410
(170, 601) 411
(174, 601) 412
(179, 600) 413
(183, 600) 414
(186, 600) 415
(192, 599) 416
(193, 598) 417
(194, 597) 418
(196, 597) 419
(194, 596) 420
(191, 595) 421
(183, 595) 422
(177, 595) 423
(174, 594) 424
(171, 593) 425
(165, 593) 426
(161, 592) 427
(154, 592) 428
(148, 591) 429
(143, 591) 430
(139, 590) 431
(133, 589) 432
(128, 589) 433
(126, 588) 434
(124, 586) 435
(122, 585) 436
(122, 585) 437
(121, 584) 438
(115, 583) 439
(111, 582) 440
(106, 580) 441
(102, 579) 442
(96, 577) 443
(92, 576) 444
(88, 574) 445
(86, 574) 446
(82, 573) 447
(79, 572) 448
(77, 571) 449
(77, 570) 450
(82, 570) 451
(88, 569) 452
(93, 568) 453
(99, 568) 454
(103, 567) 455
(106, 566) 456
(107, 565) 457
(109, 563) 458
(112, 562) 459
(115, 562) 460
(115, 561) 461
(113, 560) 462
(110, 559) 463
(101, 559) 464
(93, 557) 465
(84, 556) 466
(75, 555) 467
(68, 555) 468
(62, 555) 469
(56, 555) 470
(51, 554) 471
(48, 554) 472
(44, 554) 473
(45, 553) 474
(45, 552) 475
(46, 552) 476
(47, 551) 477
(49, 550) 478
(49, 549) 479
(58, 549) 480
(57, 548) 481
(56, 548) 482
(56, 547) 483
(55, 547) 484
(54, 546) 485
(52, 546) 486
(51, 545) 487
(51, 545) 488
(52, 544) 489
(52, 544) 490
(52, 543) 491
(48, 544) 492
(45, 544) 493
(46, 544) 494
(45, 544) 495
(43, 544) 496
(42, 544) 497
(42, 544) 498
(43, 545) 499
(43, 545) 500
(46, 545) 501
(48, 545) 502
(56, 545) 503
(55, 544) 504
(55, 543) 505
(55, 543) 506
(56, 542) 507
(61, 542) 508
(61, 541) 509
(61, 540) 510
(61, 540) 511
(57, 539) 512
(54, 538) 513
(49, 538) 514
(45, 537) 515
(45, 537) 516
(45, 537) 517
(44, 536) 518
(44, 536) 519
(44, 535) 520
(44, 534) 521
(44, 534) 522
(43, 534) 523
(42, 534) 524
(42, 533) 525
(42, 533) 526
(42, 532) 527
(42, 530) 528
(40, 530) 529
(38, 529) 530
(38, 529) 531
(38, 528) 532
(36, 527) 533
(35, 526) 534
(35, 524) 535
(37, 523) 536
(36, 522) 537
(35, 521) 538
(32, 520) 539
(33, 519) 540
(34, 517) 541
(35, 515) 542
(36, 513) 543
(37, 511) 544
(38, 509) 545
(38, 508) 546
(44, 507) 547
(49, 507) 548
(56, 506) 549
(59, 505) 550
(60, 504) 551
(61, 503) 552
(69, 503) 553
(77, 502) 554
(83, 501) 555
(89, 501) 556
(87, 500) 557
(84, 500) 558
(82, 500) 559
(79, 500) 560
(76, 500) 561
(72, 500) 562
(71, 500) 563
(71, 500) 564
(70, 500) 565
(70, 500) 566
(69, 500) 567
(69, 501) 568
(66, 500) 569
(66, 500) 570
(64, 499) 571
(64, 498) 572
(67, 498) 573
(70, 498) 574
(74, 498) 575
(71, 498) 576
(68, 498) 577
(62, 498) 578
(61, 498) 579
(61, 497) 580
(63, 497) 581
(62, 496) 582
(63, 496) 583
(64, 496) 584
(67, 496) 585
(66, 494) 586
(66, 493) 587
(65, 492) 588
(63, 490) 589
(62, 489) 590
(60, 487) 591
(61, 486) 592
(61, 485) 593
(61, 485) 594
(62, 485) 595
(61, 484) 596
(60, 483) 597
(60, 481) 598
(60, 481) 599
(59, 480) 600
(63, 480) 601
(67, 479) 602
(71, 479) 603
(69, 478) 604
(66, 477) 605
(63, 476) 606
(59, 475) 607
(55, 474) 608
(53, 473) 609
(49, 473) 610
(48, 473) 611
(48, 472) 612
(49, 472) 613
(58, 472) 614
(60, 471) 615
(62, 470) 616
(62, 469) 617
(61, 469) 618
(60, 469) 619
(57, 470) 620
(56, 470) 621
(55, 471) 622
(54, 471) 623
(53, 472) 624
(52, 473) 625
(51, 473) 626
(51, 474) 627
(50, 474) 628
(49, 475) 629
(49, 476) 630
(49, 477) 631
(49, 477) 632
(48, 478) 633
(46, 478) 634
(45, 478) 635
(44, 478) 636
(44, 479) 637
(44, 480) 638
(44, 480) 639
(44, 481) 640
(45, 481) 641
(46, 481) 642
(49, 480) 643
(51, 480) 644
(51, 480) 645
(52, 480) 646
(57, 481) 647
(63, 483) 648
(67, 483) 649
(68, 483) 650
(70, 483) 651
(69, 483) 652
(70, 482) 653
(72, 481) 654
(72, 481) 655
(72, 482) 656
(69, 482) 657
(66, 483) 658
(63, 483) 659
(61, 483) 660
(59, 483) 661
(57, 483) 662
(55, 483) 663
(54, 484) 664
(53, 484) 665
(52, 484) 666
(50, 484) 667
(50, 484) 668
(49, 484) 669
(49, 485) 670
(49, 485) 671
(49, 485) 672
(49, 485) 673
(49, 486) 674
(46, 485) 675
(47, 486) 676
(46, 485) 677
(46, 485) 678
(48, 486) 679
(51, 487) 680
(50, 486) 681
(48, 486) 682
(47, 486) 683
(46, 485) 684
(44, 485) 685
(43, 485) 686
(41, 484) 687
(40, 484) 688
(40, 484) 689
(43, 484) 690
(44, 484) 691
(46, 484) 692
(46, 483) 693
(45, 483) 694
(45, 483) 695
(45, 482) 696
(44, 482) 697
(43, 482) 698
(43, 481) 699
(42, 481) 700
(43, 480) 701
(43, 480) 702
(46, 479) 703
(49, 478) 704
(50, 478) 705
(51, 477) 706
(56, 478) 707
(60, 478) 708
(62, 478) 709
(62, 478) 710
(62, 479) 711
(62, 479) 712
(61, 479) 713
(61, 480) 714
(61, 480) 715
(60, 480) 716
(58, 480) 717
(57, 481) 718
(56, 481) 719
(55, 481) 720
(56, 482) 721
(57, 482) 722
(57, 483) 723
(57, 483) 724
(56, 483) 725
(56, 483) 726
(54, 482) 727
(51, 482) 728
(49, 481) 729
(46, 480) 730
(43, 479) 731
(41, 479) 732
(40, 478) 733
(39, 478) 734
(42, 478) 735
(51, 478) 736
(62, 479) 737
(70, 479) 738
(72, 480) 739
(71, 480) 740
(71, 480) 741
(74, 480) 742
(73, 480) 743
(73, 480) 744
(72, 480) 745
(71, 480) 746
(65, 480) 747
(61, 480) 748
(56, 480) 749
(56, 480) 750
(55, 481) 751
(55, 481) 752
(55, 481) 753
(59, 480) 754
(60, 480) 755
(59, 481) 756
(57, 481) 757
(56, 482) 758
(55, 482) 759
(54, 483) 760
(54, 483) 761
(53, 483) 762
(52, 483) 763
(52, 484) 764
(52, 484) 765
(51, 484) 766
(51, 485) 767
(53, 485) 768
(55, 485) 769
(56, 486) 770
(57, 486) 771
(58, 486) 772
(58, 487) 773
(58, 487) 774
(58, 487) 775
(58, 487) 776
(57, 488) 777
(56, 488) 778
(56, 488) 779
(56, 488) 780
(55, 489) 781
(54, 489) 782
(53, 489) 783
(53, 489) 784
(54, 489) 785
(54, 489) 786
(55, 489) 787
(55, 489) 788
(55, 489) 789
(56, 489) 790
(58, 489) 791
(60, 489) 792
(62, 489) 793
(62, 488) 794
(63, 488) 795
(64, 488) 796
(64, 488) 797
(64, 488) 798
(63, 488) 799
(63, 488) 800
(62, 487) 801
(62, 488) 802
(62, 488) 803
(62, 488) 804
(62, 488) 805
(62, 489) 806
(62, 489) 807
(62, 489) 808
(62, 490) 809
(62, 490) 810
(62, 491) 811
(62, 491) 812
(63, 491) 813
(66, 492) 814
(67, 493) 815
(68, 493) 816
(70, 494) 817
(72, 494) 818
(72, 495) 819
(71, 496) 820
(70, 496) 821
(68, 495) 822
(67, 496) 823
(68, 497) 824
(68, 497) 825
(68, 498) 826
(68, 499) 827
(68, 499) 828
(69, 500) 829
(69, 501) 830
(69, 501) 831
(69, 502) 832
(70, 502) 833
(70, 503) 834
(68, 503) 835
(67, 502) 836
(66, 502) 837
(66, 502) 838
(63, 502) 839
(61, 502) 840
(60, 503) 841
(59, 503) 842
(59, 503) 843
(58, 504) 844
(62, 504) 845
(63, 504) 846
(65, 503) 847
(64, 502) 848
(62, 502) 849
(58, 502) 850
(55, 502) 851
(52, 503) 852
(49, 503) 853
(50, 502) 854
(52, 502) 855
(54, 501) 856
(54, 502) 857
(53, 502) 858
(51, 502) 859
(50, 503) 860
(49, 503) 861
(48, 504) 862
(48, 503) 863
(47, 502) 864
(47, 502) 865
(46, 502) 866
(46, 501) 867
(47, 501) 868
(47, 501) 869
(50, 500) 870
(51, 499) 871
(51, 498) 872
(51, 497) 873
(52, 496) 874
(52, 496) 875
(53, 495) 876
(56, 494) 877
(57, 495) 878
(59, 494) 879
(59, 494) 880
(59, 494) 881
(60, 494) 882
(62, 493) 883
(66, 493) 884
(68, 492) 885
(71, 492) 886
(69, 492) 887
(67, 492) 888
(66, 493) 889
(67, 493) 890
(67, 492) 891
(64, 492) 892
(62, 493) 893
(63, 493) 894
(63, 492) 895
(67, 492) 896
(71, 492) 897
(69, 492) 898
(65, 492) 899
(61, 492) 900
(58, 491) 901
(55, 491) 902
(52, 491) 903
(50, 492) 904
(50, 493) 905
(52, 492) 906
(57, 491) 907
(60, 491) 908
(61, 491) 909
(62, 491) 910
(65, 490) 911
(68, 489) 912
(71, 488) 913
(71, 487) 914
(71, 487) 915
(69, 486) 916
(66, 486) 917
(63, 486) 918
(61, 485) 919
(60, 485) 920
(58, 485) 921
(57, 484) 922
(56, 484) 923
(54, 484) 924
(54, 483) 925
(53, 482) 926
(52, 483) 927
(51, 483) 928
(52, 484) 929
(53, 484) 930
(56, 483) 931
(58, 483) 932
(60, 483) 933
(62, 483) 934
(65, 482) 935
(67, 481) 936
(69, 480) 937
(72, 479) 938
(73, 477) 939
(75, 476) 940
(75, 476) 941
(74, 477) 942
(74, 477) 943
(77, 477) 944
(76, 478) 945
(72, 478) 946
(69, 477) 947
(69, 477) 948
(70, 477) 949
(75, 477) 950
(76, 477) 951
(77, 478) 952
(78, 478) 953
(80, 478) 954
(83, 478) 955
(82, 478) 956
(81, 478) 957
(81, 478) 958
(81, 478) 959
(81, 478) 960
(81, 478) 961
(81, 479) 962
(77, 478) 963
(76, 478) 964
(73, 477) 965
(73, 476) 966
(70, 476) 967
(71, 476) 968
(72, 476) 969
(72, 476) 970
(70, 477) 971
(67, 477) 972
(68, 477) 973
(68, 477) 974
(70, 477) 975
(71, 476) 976
(71, 476) 977
(71, 476) 978
(71, 475) 979
(68, 476) 980
(68, 476) 981
(68, 476) 982
(70, 476) 983
(73, 476) 984
(76, 476) 985
(79, 476) 986
(81, 476) 987
(83, 476) 988
(84, 476) 989
(84, 476) 990
(84, 476) 991
(83, 476) 992
(83, 477) 993
(84, 476) 994
(85, 475) 995
(84, 475) 996
(82, 475) 997
(80, 476) 998
(77, 477) 999
(78, 476) 1000
(74, 477) 1001
(70, 478) 1002
(67, 479) 1003
(68, 479) 1004
(72, 479) 1005
(74, 478) 1006
(72, 478) 1007
(70, 479) 1008
(66, 479) 1009
(64, 480) 1010
(63, 480) 1011
(59, 480) 1012
(55, 481) 1013
(54, 481) 1014
(50, 481) 1015
(49, 482) 1016
(48, 483) 1017
(46, 483) 1018
(46, 484) 1019
(43, 484) 1020
(44, 485) 1021
(45, 485) 1022
(46, 486) 1023
(48, 486) 1024
(49, 486) 1025
(50, 486) 1026
(52, 486) 1027
(52, 487) 1028
(53, 487) 1029
(54, 487) 1030
(54, 487) 1031
(55, 488) 1032
(55, 488) 1033
(56, 488) 1034
(56, 488) 1035
(57, 489) 1036
(55, 489) 1037
(55, 490) 1038
(56, 490) 1039
(57, 490) 1040
(59, 490) 1041
(59, 491) 1042
(58, 491) 1043
(58, 492) 1044
(57, 493) 1045
(56, 493) 1046
(56, 494) 1047
(55, 495) 1048
(55, 495) 1049
(55, 496) 1050
(55, 497) 1051
(55, 497) 1052
(57, 497) 1053
(59, 497) 1054
(61, 496) 1055
(62, 496) 1056
(65, 495) 1057
(67, 494) 1058
(69, 493) 1059
(70, 492) 1060
(72, 491) 1061
(73, 491) 1062
(74, 490) 1063
(76, 489) 1064
(75, 488) 1065
(74, 488) 1066
(73, 488) 1067
(70, 489) 1068
(70, 489) 1069
(69, 489) 1070
(69, 490) 1071
(68, 490) 1072
(67, 491) 1073
(67, 492) 1074
(67, 493) 1075
(66, 494) 1076
(69, 493) 1077
(71, 492) 1078
(73, 491) 1079
(72, 491) 1080
(71, 492) 1081
(69, 493) 1082
(69, 493) 1083
(68, 494) 1084
(67, 495) 1085
(67, 495) 1086
(66, 496) 1087
(66, 496) 1088
(65, 497) 1089
(65, 497) 1090
(65, 498) 1091
(64, 498) 1092
(64, 499) 1093
(64, 500) 1094
(64, 500) 1095
(63, 501) 1096
(63, 502) 1097
(62, 502) 1098
(62, 502) 1099
(62, 502) 1100
(62, 502) 1101
(62, 502) 1102
(61, 502) 1103
(61, 502) 1104
(61, 502) 1105
(60, 502) 1106
(60, 502) 1107
(59, 503) 1108
(59, 503) 1109
(58, 504) 1110
(58, 504) 1111
(58, 504) 1112
(57, 505) 1113
(57, 505) 1114
(57, 505) 1115
(57, 505) 1116
(56, 505) 1117
(55, 505) 1118
(55, 506) 1119
(54, 506) 1120
(54, 506) 1121
(54, 506) 1122
(53, 506) 1123
(53, 507) 1124
(52, 507) 1125
(52, 507) 1126
(51, 507) 1127
(51, 507) 1128
(51, 508) 1129
(51, 508) 1130
(51, 508) 1131
(51, 508) 1132
(51, 508) 1133
(50, 508) 1134
(50, 507) 1135
(50, 507) 1136
(50, 507) 1137
(50, 508) 1138
(50, 508) 1139
(49, 509) 1140
(48, 509) 1141
(47, 509) 1142
(47, 510) 1143
(46, 510) 1144
(46, 510) 1145
(45, 511) 1146
(45, 511) 1147
(44, 512) 1148
(43, 512) 1149
(43, 512) 1150
(43, 513) 1151
(42, 514) 1152
(42, 514) 1153
(42, 516) 1154
(43, 516) 1155
(43, 517) 1156
(44, 518) 1157
(44, 518) 1158
(43, 519) 1159
(43, 519) 1160
(43, 520) 1161
(43, 520) 1162
(43, 521) 1163
(43, 521) 1164
(44, 522) 1165
(45, 522) 1166
(49, 523) 1167
(47, 523) 1168
(49, 523) 1169
(48, 524) 1170
(49, 524) 1171
(50, 525) 1172
(50, 525) 1173
(51, 525) 1174
(52, 525) 1175
(53, 526) 1176
(52, 526) 1177
(53, 526) 1178
(55, 525) 1179
(55, 525) 1180
(54, 526) 1181
(53, 526) 1182
(53, 526) 1183
(49, 527) 1184
(47, 528) 1185
(45, 528) 1186
(44, 529) 1187
(42, 530) 1188
(41, 531) 1189
(40, 531) 1190
(40, 531) 1191
(40, 532) 1192
(39, 532) 1193
(37, 532) 1194
(36, 532) 1195
(36, 532) 1196
(36, 532) 1197
(38, 532) 1198
(39, 532) 1199
(40, 532) 1200
(41, 532) 1201
(43, 533) 1202
(43, 533) 1203
(44, 533) 1204
(44, 533) 1205
(45, 534) 1206
(46, 534) 1207
(48, 535) 1208
(49, 535) 1209
(50, 536) 1210
(51, 536) 1211
(52, 536) 1212
(54, 537) 1213
(54, 538) 1214
(55, 538) 1215
(56, 539) 1216
(56, 540) 1217
(55, 541) 1218
(55, 541) 1219
(56, 542) 1220
(57, 543) 1221
(58, 545) 1222
(59, 545) 1223
(61, 544) 1224
(61, 544) 1225
(62, 544) 1226
(62, 544) 1227
(63, 545) 1228
(62, 545) 1229
(62, 546) 1230
(62, 546) 1231
(62, 546) 1232
(61, 547) 1233
(59, 547) 1234
(57, 548) 1235
(55, 548) 1236
(52, 547) 1237
(53, 547) 1238
(55, 545) 1239
(57, 544) 1240
(58, 543) 1241
(57, 541) 1242
(52, 540) 1243
(48, 538) 1244
(45, 537) 1245
(42, 536) 1246
(39, 534) 1247
(39, 533) 1248
(38, 532) 1249
(40, 530) 1250
(45, 529) 1251
(47, 530) 1252
(49, 530) 1253
(49, 529) 1254
(56, 528) 1255
(61, 527) 1256
(67, 526) 1257
(75, 526) 1258
(80, 525) 1259
(78, 525) 1260
(75, 525) 1261
(71, 526) 1262
(67, 527) 1263
(65, 526) 1264
(67, 526) 1265
(68, 526) 1266
(72, 525) 1267
(75, 524) 1268
(80, 523) 1269
(82, 523) 1270
(82, 523) 1271
(82, 522) 1272
(81, 522) 1273
(81, 522) 1274
(80, 522) 1275
(80, 522) 1276
(85, 521) 1277
(91, 521) 1278
(97, 520) 1279
(103, 519) 1280
(107, 518) 1281
(109, 518) 1282
(111, 517) 1283
(111, 517) 1284
(111, 516) 1285
(112, 515) 1286
(112, 515) 1287
(112, 515) 1288
(111, 516) 1289
(111, 517) 1290
(112, 517) 1291
(113, 518) 1292
(110, 519) 1293
(110, 520) 1294
(110, 521) 1295
(108, 521) 1296
(110, 521) 1297
(120, 520) 1298
(120, 520) 1299
(123, 519) 1300
(126, 519) 1301
(126, 518) 1302
(129, 517) 1303
(132, 516) 1304
(135, 515) 1305
(139, 514) 1306
(141, 513) 1307
(141, 512) 1308
(141, 512) 1309
(140, 510) 1310
(139, 510) 1311
(139, 508) 1312
(141, 507) 1313
(141, 507) 1314
(140, 506) 1315
(140, 505) 1316
(145, 504) 1317
(149, 503) 1318
(146, 503) 1319
(137, 502) 1320
(125, 502) 1321
(122, 502) 1322
(119, 502) 1323
(110, 502) 1324
(110, 502) 1325
(110, 501) 1326
(108, 501) 1327
(105, 500) 1328
(103, 500) 1329
(99, 500) 1330
(96, 500) 1331
(87, 501) 1332
(84, 502) 1333
(81, 503) 1334
(78, 503) 1335
(74, 504) 1336
(64, 504) 1337
(61, 504) 1338
(58, 505) 1339
(56, 505) 1340
(53, 506) 1341
(51, 506) 1342
(50, 506) 1343
(48, 507) 1344
(46, 507) 1345
(45, 507) 1346
(44, 508) 1347
(43, 508) 1348
(42, 508) 1349
(41, 508) 1350
(40, 509) 1351
(39, 509) 1352
(39, 509) 1353
(38, 509) 1354
(38, 510) 1355
(42, 511) 1356
(46, 512) 1357
(47, 513) 1358
(50, 514) 1359
(54, 516) 1360
(59, 516) 1361
(63, 517) 1362
(65, 518) 1363
(68, 519) 1364
(68, 520) 1365
(66, 521) 1366
(64, 521) 1367
(63, 521) 1368
(63, 521) 1369
(65, 523) 1370
(65, 524) 1371
(65, 524) 1372
(66, 524) 1373
(73, 524) 1374
(79, 523) 1375
(78, 523) 1376
(78, 523) 1377
(78, 523) 1378
(78, 523) 1379
(85, 522) 1380
(92, 522) 1381
(98, 521) 1382
(103, 521) 1383
(107, 520) 1384
(111, 520) 1385
(115, 520) 1386
(118, 520) 1387
(118, 520) 1388
(122, 519) 1389
(127, 519) 1390
(131, 519) 1391
(131, 519) 1392
(129, 520) 1393
(128, 520) 1394
(126, 521) 1395
(123, 522) 1396
(122, 522) 1397
(121, 524) 1398
(122, 524) 1399
(122, 525) 1400
(122, 526) 1401
(121, 526) 1402
(122, 526) 1403
(122, 527) 1404
(122, 527) 1405
(128, 527) 1406
(127, 528) 1407
(126, 530) 1408
(126, 531) 1409
(128, 532) 1410
(130, 532) 1411
(131, 533) 1412
(132, 534) 1413
(132, 534) 1414
(133, 535) 1415
(132, 535) 1416
(131, 536) 1417
(128, 536) 1418
(126, 536) 1419
(123, 536) 1420
(121, 537) 1421
(119, 537) 1422
(118, 537) 1423
(116, 538) 1424
(113, 539) 1425
(112, 539) 1426
(111, 539) 1427
(111, 539) 1428
(111, 539) 1429
(112, 539) 1430
(116, 538) 1431
(119, 537) 1432
(122, 535) 1433
(125, 534) 1434
(128, 533) 1435
(130, 532) 1436
(132, 531) 1437
(134, 529) 1438
(135, 528) 1439
(137, 527) 1440
(138, 526) 1441
(139, 525) 1442
(140, 524) 1443
(141, 523) 1444
(142, 522) 1445
(143, 521) 1446
(144, 520) 1447
(144, 519) 1448
(145, 518) 1449
(145, 517) 1450
(140, 518) 1451
(134, 518) 1452
(129, 517) 1453
(118, 517) 1454
(109, 517) 1455
(99, 517) 1456
(90, 517) 1457
(84, 517) 1458
(78, 518) 1459
(70, 518) 1460
(62, 518) 1461
(56, 518) 1462
(55, 520) 1463
(55, 521) 1464
(54, 522) 1465
(53, 523) 1466
(52, 524) 1467
(52, 524) 1468
(58, 525) 1469
(63, 526) 1470
(69, 527) 1471
(80, 529) 1472
(90, 531) 1473
(92, 533) 1474
(95, 536) 1475
(102, 537) 1476
(102, 540) 1477
(100, 542) 1478
(100, 544) 1479
(100, 547) 1480
(100, 549) 1481
(100, 549) 1482
(100, 549) 1483
(100, 549) 1484
(98, 549) 1485
(98, 550) 1486
(98, 551) 1487
(97, 552) 1488
(95, 552) 1489
(92, 552) 1490
(90, 553) 1491
(90, 554) 1492
(91, 556) 1493
(95, 556) 1494
(99, 558) 1495
(105, 558) 1496
(107, 558) 1497
(111, 559) 1498
(116, 559) 1499
(120, 560) 1500
(124, 560) 1501
(123, 562) 1502
(123, 563) 1503
(125, 563) 1504
(128, 563) 1505
(127, 563) 1506
(126, 563) 1507
(121, 563) 1508
(117, 562) 1509
(113, 562) 1510
(112, 561) 1511
(112, 561) 1512
(111, 561) 1513
(112, 562) 1514
(112, 562) 1515
(112, 562) 1516
(111, 563) 1517
(114, 563) 1518
(116, 562) 1519
(116, 561) 1520
(118, 560) 1521
(120, 560) 1522
(119, 559) 1523
(119, 558) 1524
(118, 558) 1525
(117, 558) 1526
(117, 558) 1527
(116, 557) 1528
(116, 557) 1529
(116, 557) 1530
(118, 556) 1531
(119, 556) 1532
(119, 555) 1533
(121, 554) 1534
(122, 553) 1535
(123, 552) 1536
(124, 551) 1537
(125, 551) 1538
(126, 550) 1539
(125, 550) 1540
(124, 550) 1541
(123, 550) 1542
(121, 551) 1543
(123, 550) 1544
(122, 549) 1545
(121, 549) 1546
(118, 549) 1547
(112, 549) 1548
(109, 548) 1549
(105, 547) 1550
(103, 546) 1551
(105, 545) 1552
(104, 544) 1553
(101, 542) 1554
(97, 542) 1555
(94, 541) 1556
(90, 540) 1557
(87, 538) 1558
(84, 538) 1559
(82, 538) 1560
(79, 537) 1561
(78, 536) 1562
(77, 535) 1563
(75, 534) 1564
(74, 534) 1565
(74, 533) 1566
(74, 531) 1567
(76, 530) 1568
(78, 529) 1569
(86, 528) 1570
(93, 527) 1571
(100, 526) 1572
(105, 525) 1573
(111, 524) 1574
(117, 524) 1575
(124, 523) 1576
(1350, 517) 198
(1350, 517) 199
(1345, 517) 200
(1334, 519) 201
(1329, 520) 202
(1319, 522) 203
(1311, 523) 204
(1304, 525) 205
(1298, 527) 206
(1288, 527) 207
(1280, 527) 208
(1274, 528) 209
(1269, 528) 210
(1265, 529) 211
(1263, 529) 212
(1259, 530) 213
(1257, 530) 214
(1256, 531) 215
(1256, 531) 216
(1257, 532) 217
(1258, 532) 218
(1259, 533) 219
(1261, 534) 220
(1263, 534) 221
(1264, 535) 222
(1266, 536) 223
(1265, 537) 224
(1265, 538) 225
(1264, 539) 226
(1264, 540) 227
(1264, 541) 228
(1262, 541) 229
(1260, 542) 230
(1259, 543) 231
(1257, 543) 232
(1256, 544) 233
(1249, 545) 234
(1244, 545) 235
(1246, 546) 236
(1248, 547) 237
(1249, 547) 238
(1251, 548) 239
(1251, 549) 240
(1251, 550) 241
(1252, 551) 242
(1250, 552) 243
(1248, 552) 244
(1246, 553) 245
(1241, 554) 246
(1236, 555) 247
(1232, 556) 248
(1228, 557) 249
(1225, 558) 250
(1222, 559) 251
(1219, 560) 252
(1221, 560) 253
(1224, 560) 254
(1222, 560) 255
(1220, 560) 256
(1218, 560) 257
(1216, 560) 258
(1214, 561) 259
(1213, 561) 260
(1212, 561) 261
(1210, 561) 262
(1210, 561) 263
(1212, 562) 264
(1214, 563) 265
(1217, 564) 266
(1219, 565) 267
(1222, 565) 268
(1223, 566) 269
(1225, 567) 270
(1226, 568) 271
(1226, 569) 272
(1226, 570) 273
(1226, 570) 274
(1226, 571) 275
(1219, 572) 276
(1214, 573) 277
(1207, 573) 278
(1204, 574) 279
(1201, 574) 280
(1198, 575) 281
(417, 530) 264
(413, 531) 265
(410, 532) 266
(408, 534) 267
(406, 535) 268
(401, 535) 269
(391, 534) 270
(382, 533) 271
(374, 533) 272
(370, 532) 273
(370, 531) 274
(369, 531) 275
(368, 530) 276
(371, 529) 277
(375, 528) 278
(381, 528) 279
(388, 527) 280
(391, 527) 281
(396, 527) 282
(401, 527) 283
(405, 527) 284
(406, 527) 285
(408, 528) 286
(409, 528) 287
(411, 528) 288
(413, 528) 289
(415, 529) 290
(418, 529) 291
(423, 530) 292
(428, 531) 293
(432, 533) 294
(435, 534) 295
(438, 535) 296
(441, 536) 297
(443, 538) 298
(445, 539) 299
(447, 540) 300
(449, 541) 301
(450, 542) 302
(452, 543) 303
(453, 544) 304
(461, 545) 305
(468, 546) 306
(466, 546) 307
(465, 547) 308
(462, 546) 309
(462, 547) 310
(460, 547) 311
(458, 547) 312
(455, 546) 313
(453, 545) 314
(443, 544) 315
(434, 543) 316
(426, 542) 317
(419, 541) 318
(413, 540) 319
(408, 540) 320
(403, 539) 321
(398, 538) 322
(394, 537) 323
(390, 536) 324
(387, 535) 325
(384, 534) 326
(381, 534) 327
(379, 533) 328
(377, 532) 329
(375, 531) 330
(373, 530) 331
(374, 529) 332
(375, 527) 333
(375, 525) 334
(375, 523) 335
(376, 521) 336
(377, 520) 337
(379, 519) 338
(381, 519) 339
(383, 518) 340
(385, 518) 341
(385, 518) 342
(385, 517) 343
(379, 518) 344
(373, 519) 345
(368, 519) 346
(368, 519) 347
(370, 519) 348
(295, 612) 350
(295, 612) 351
(295, 612) 352
(295, 612) 353
(295, 612) 354
(295, 612) 355
(295, 612) 356
(295, 612) 357
(295, 612) 358
(295, 612) 359
(295, 612) 360
(295, 612) 361
(295, 612) 362
(295, 612) 363
(295, 612) 364
(295, 612) 365
(295, 612) 366
(297, 612) 367
(300, 611) 368
(302, 611) 369
(305, 610) 370
(305, 610) 371
(301, 610) 372
(296, 609) 373
(292, 609) 374
(292, 607) 375
(294, 607) 376
(297, 606) 377
(300, 605) 378
(303, 604) 379
(305, 601) 380
(308, 600) 381
(311, 599) 382
(313, 599) 383
(315, 598) 384
(317, 597) 385
(320, 596) 386
(320, 595) 387
(318, 594) 388
(320, 593) 389
(321, 592) 390
(323, 591) 391
(324, 590) 392
(331, 589) 393
(335, 589) 394
(340, 588) 395
(345, 587) 396
(350, 586) 397
(354, 585) 398
(360, 585) 399
(365, 584) 400
(369, 583) 401
(373, 582) 402
(377, 581) 403
(378, 581) 404
(378, 580) 405
(378, 579) 406
(378, 578) 407
(378, 577) 408
(378, 576) 409
(384, 576) 410
(388, 575) 411
(392, 574) 412
(396, 574) 413
(399, 573) 414
(403, 572) 415
(405, 572) 416
(408, 571) 417
(410, 571) 418
(412, 570) 419
(414, 569) 420
(415, 569) 421
(417, 568) 422
(418, 568) 423
(419, 567) 424
(420, 567) 425
(421, 566) 426
(422, 566) 427
(423, 565) 428
(426, 566) 429
(428, 567) 430
(430, 568) 431
(702, 496) 365
(702, 496) 366
(702, 496) 367
(702, 496) 368
(702, 496) 369
(702, 496) 370
(702, 496) 371
(702, 496) 372
(702, 496) 373
(702, 496) 374
(702, 496) 375
(702, 496) 376
(702, 496) 377
(702, 496) 378
(702, 496) 379
(702, 496) 380
(702, 496) 381
(702, 496) 382
(702, 496) 383
(698, 497) 384
(696, 497) 385
(694, 498) 386
(693, 499) 387
(692, 499) 388
(692, 500) 389
(695, 500) 390
(694, 500) 391
(691, 501) 392
(687, 503) 393
(681, 504) 394
(678, 506) 395
(673, 507) 396
(662, 509) 397
(647, 511) 398
(634, 513) 399
(619, 514) 400
(606, 515) 401
(592, 515) 402
(580, 515) 403
(568, 515) 404
(558, 515) 405
(544, 516) 406
(530, 517) 407
(515, 517) 408
(496, 517) 409
(479, 518) 410
(466, 517) 411
(457, 518) 412
(449, 519) 413
(450, 519) 414
(450, 520) 415
(451, 521) 416
(451, 522) 417
(451, 522) 418
(451, 522) 419
(450, 522) 420
(450, 522) 421
(453, 521) 422
(455, 520) 423
(457, 520) 424
(459, 519) 425
(463, 519) 426
(467, 520) 427
(470, 520) 428
(473, 521) 429
(476, 521) 430
(478, 521) 431
(477, 523) 432
(475, 524) 433
(473, 525) 434
(471, 526) 435
(468, 527) 436
(466, 528) 437
(463, 529) 438
(460, 530) 439
(458, 531) 440
(456, 532) 441
(454, 533) 442
(452, 533) 443
(451, 534) 444
(449, 535) 445
(448, 536) 446
(447, 537) 447
(446, 537) 448
(445, 538) 449
(444, 539) 450
(444, 539) 451
(438, 541) 452
(433, 543) 453
(429, 544) 454
(425, 545) 455
(423, 547) 456
(422, 549) 457
(421, 551) 458
(420, 553) 459
(419, 554) 460
(418, 556) 461
(414, 557) 462
(410, 558) 463
(404, 559) 464
(395, 559) 465
(385, 558) 466
(381, 558) 467
(378, 559) 468
(376, 560) 469
(374, 561) 470
(373, 561) 471
(370, 562) 472
(373, 563) 473
(378, 564) 474
(383, 564) 475
(387, 564) 476
(391, 565) 477
(393, 566) 478
(393, 566) 479
(392, 566) 480
(388, 566) 481
(382, 565) 482
(384, 564) 483
(385, 562) 484
(387, 561) 485
(388, 560) 486
(389, 558) 487
(390, 557) 488
(391, 556) 489
(395, 553) 490
(403, 551) 491
(410, 550) 492
(415, 549) 493
(420, 548) 494
(423, 547) 495
(424, 547) 496
(426, 546) 497
(426, 546) 498
(424, 546) 499
(421, 546) 500
(419, 546) 501
(415, 546) 502
(412, 546) 503
(407, 546) 504
(401, 546) 505
(396, 547) 506
(390, 548) 507
(385, 549) 508
(382, 550) 509
(380, 550) 510
(377, 551) 511
(377, 551) 512
(377, 552) 513
(378, 552) 514
(379, 553) 515
(379, 553) 516
(381, 552) 517
(388, 552) 518
(395, 551) 519
(401, 551) 520
(406, 550) 521
(411, 550) 522
(416, 550) 523
(420, 549) 524
(423, 549) 525
(426, 548) 526
(428, 547) 527
(429, 546) 528
(430, 544) 529
(431, 543) 530
(432, 541) 531
(439, 540) 532
(448, 539) 533
(455, 538) 534
(461, 536) 535
(462, 536) 536
(462, 536) 537
(462, 535) 538
(462, 535) 539
(462, 535) 540
(460, 534) 541
(458, 534) 542
(456, 533) 543
(454, 533) 544
(453, 532) 545
(451, 532) 546
(450, 531) 547
(448, 531) 548
(447, 531) 549
(445, 531) 550
(438, 531) 551
(431, 531) 552
(426, 531) 553
(420, 531) 554
(416, 531) 555
(411, 532) 556
(408, 532) 557
(404, 532) 558
(398, 531) 559
(392, 529) 560
(386, 528) 561
(382, 527) 562
(1137, 305) 367
(1143, 305) 368
(1150, 305) 369
(1158, 305) 370
(1168, 305) 371
(1175, 305) 372
(1181, 305) 373
(1186, 305) 374
(1191, 306) 375
(1196, 306) 376
(1200, 306) 377
(1204, 306) 378
(1207, 306) 379
(1210, 306) 380
(1213, 306) 381
(1215, 306) 382
(1217, 306) 383
(1217, 306) 384
(1217, 306) 385
(1212, 307) 386
(1211, 307) 387
(1211, 308) 388
(1210, 308) 389
(1210, 308) 390
(1210, 309) 391
(1209, 309) 392
(1209, 309) 393
(1208, 310) 394
(1207, 310) 395
(1206, 311) 396
(1206, 311) 397
(1205, 311) 398
(1204, 312) 399
(1202, 312) 400
(1201, 312) 401
(1202, 313) 402
(1201, 313) 403
(1198, 314) 404
(1191, 315) 405
(1185, 317) 406
(1180, 318) 407
(1174, 320) 408
(1164, 322) 409
(1155, 324) 410
(1145, 327) 411
(1137, 329) 412
(1130, 332) 413
(1123, 334) 414
(1117, 337) 415
(1115, 339) 416
(1112, 341) 417
(1110, 343) 418
(1108, 345) 419
(1105, 347) 420
(1101, 349) 421
(1098, 351) 422
(1096, 353) 423
(1093, 354) 424
(1091, 356) 425
(1089, 358) 426
(1087, 360) 427
(1085, 361) 428
(1084, 363) 429
(1082, 364) 430
(1081, 366) 431
(1080, 367) 432
(1079, 369) 433
(1078, 370) 434
(1078, 372) 435
(1077, 373) 436
(1076, 375) 437
(1076, 376) 438
(1075, 377) 439
(1075, 379) 440
(1071, 379) 441
(1068, 380) 442
(1066, 381) 443
(1065, 382) 444
(1065, 383) 445
(1065, 384) 446
(1065, 385) 447
(1063, 387) 448
(1062, 388) 449
(1063, 390) 450
(1063, 392) 451
(1065, 394) 452
(1066, 396) 453
(1068, 398) 454
(1070, 400) 455
(1072, 402) 456
(1073, 404) 457
(1075, 406) 458
(1076, 408) 459
(1077, 409) 460
(1078, 411) 461
(1079, 413) 462
(1080, 415) 463
(1081, 416) 464
(1081, 419) 465
(1082, 422) 466
(1083, 425) 467
(1084, 427) 468
(1084, 429) 469
(1085, 431) 470
(1086, 433) 471
(1087, 435) 472
(1088, 437) 473
(1089, 439) 474
(575, 581) 517
(575, 581) 518
(575, 581) 519
(575, 581) 520
(575, 581) 521
(575, 581) 522
(575, 581) 523
(575, 581) 524
(574, 580) 525
(573, 578) 526
(572, 577) 527
(571, 575) 528
(570, 574) 529
(569, 573) 530
(568, 572) 531
(568, 570) 532
(567, 569) 533
(567, 568) 534
(566, 567) 535
(566, 566) 536
(566, 564) 537
(566, 562) 538
(565, 561) 539
(564, 559) 540
(565, 557) 541
(566, 556) 542
(566, 555) 543
(565, 554) 544
(565, 553) 545
(565, 553) 546
(565, 552) 547
(566, 551) 548
(572, 550) 549
(582, 549) 550
(587, 548) 551
(592, 547) 552
(600, 547) 553
(607, 547) 554
(613, 547) 555
(619, 547) 556
(626, 546) 557
(628, 546) 558
(631, 546) 559
(634, 546) 560
(633, 547) 561
(630, 548) 562
(627, 549) 563
(625, 550) 564
(622, 551) 565
(620, 552) 566
(619, 553) 567
(617, 554) 568
(616, 555) 569
(614, 556) 570
(613, 557) 571
(612, 557) 572
(611, 558) 573
(610, 559) 574
(609, 560) 575
(609, 561) 576
(608, 561) 577
(608, 562) 578
(607, 563) 579
(607, 564) 580
(611, 565) 581
(615, 566) 582
(619, 567) 583
(619, 566) 584
(620, 566) 585
(622, 566) 586
(622, 566) 587
(622, 566) 588
(622, 565) 589
(622, 565) 590
(621, 564) 591
(762, 394) 519
(761, 394) 520
(761, 394) 521
(761, 394) 522
(761, 394) 523
(761, 394) 524
(761, 394) 525
(761, 394) 526
(761, 394) 527
(761, 394) 528
(760, 394) 529
(760, 394) 530
(760, 394) 531
(760, 394) 532
(760, 394) 533
(760, 394) 534
(760, 394) 535
(760, 394) 536
(760, 394) 537
(760, 394) 538
(760, 394) 539
(760, 395) 540
(760, 395) 541
(762, 394) 542
(763, 393) 543
(764, 392) 544
(765, 391) 545
(767, 390) 546
(768, 390) 547
(768, 389) 548
(769, 388) 549
(770, 387) 550
(771, 386) 551
(771, 385) 552
(772, 384) 553
(772, 384) 554
(772, 383) 555
(773, 382) 556
(773, 381) 557
(773, 380) 558
(774, 379) 559
(775, 379) 560
(778, 378) 561
(780, 377) 562
(782, 376) 563
(785, 376) 564
(787, 375) 565
(789, 374) 566
(790, 374) 567
(793, 373) 568
(795, 372) 569
(797, 372) 570
(798, 371) 571
(801, 370) 572
(803, 369) 573
(807, 369) 574
(808, 368) 575
(810, 368) 576
(811, 367) 577
(812, 367) 578
(813, 366) 579
(814, 366) 580
(816, 366) 581
(819, 365) 582
(821, 365) 583
(823, 364) 584
(826, 364) 585
(828, 364) 586
(830, 364) 587
(833, 363) 588
(453, 593) 835
(457, 592) 836
(460, 591) 837
(463, 590) 838
(466, 589) 839
(469, 588) 840
(471, 587) 841
(473, 586) 842
(475, 585) 843
(477, 585) 844
(478, 584) 845
(480, 582) 846
(480, 581) 847
(480, 579) 848
(480, 578) 849
(480, 577) 850
(481, 576) 851
(481, 574) 852
(481, 573) 853
(487, 572) 854
(494, 573) 855
(501, 573) 856
(507, 574) 857
(512, 574) 858
(517, 575) 859
(521, 575) 860
(525, 576) 861
(528, 576) 862
(531, 577) 863
(534, 577) 864
(536, 578) 865
(539, 578) 866
(541, 578) 867
(543, 579) 868
(544, 579) 869
(543, 578) 870
(541, 577) 871
(539, 575) 872
(539, 574) 873
(542, 573) 874
(543, 572) 875
(544, 570) 876
(545, 569) 877
(546, 568) 878
(547, 566) 879
(548, 565) 880
(548, 564) 881
(549, 563) 882
(556, 561) 883
(557, 560) 884
(559, 559) 885
(559, 558) 886
(560, 558) 887
(560, 557) 888
(561, 557) 889
(561, 556) 890
(561, 556) 891
(562, 556) 892
(562, 555) 893
(562, 555) 894
(569, 554) 895
(576, 552) 896
(578, 551) 897
(587, 551) 898
(594, 550) 899
(601, 549) 900
(608, 549) 901
(613, 548) 902
(618, 547) 903
(623, 547) 904
(627, 546) 905
(638, 545) 906
(647, 544) 907
(662, 543) 908
(680, 542) 909
(700, 542) 910
(718, 542) 911
(735, 541) 912
(750, 541) 913
(770, 541) 914
(789, 540) 915
(805, 540) 916
(819, 540) 917
(829, 539) 918
(914, 505) 919
(914, 504) 920
(915, 504) 921
(920, 504) 922
(924, 504) 923
(924, 504) 924
(925, 504) 925
(926, 503) 926
(927, 503) 927
(928, 503) 928
(925, 502) 929
(928, 501) 930
(928, 499) 931
(927, 498) 932
(923, 497) 933
(920, 496) 934
(917, 495) 935
(915, 493) 936
(914, 492) 937
(914, 491) 938
(910, 489) 939
(906, 488) 940
(902, 487) 941
(905, 486) 942
(908, 485) 943
(908, 485) 944
(908, 485) 945
(907, 485) 946
(907, 485) 947
(907, 485) 948
(910, 485) 949
(913, 485) 950
(918, 484) 951
(917, 484) 952
(917, 484) 953
(913, 483) 954
(909, 483) 955
(909, 482) 956
(910, 482) 957
(915, 481) 958
(919, 479) 959
(923, 478) 960
(926, 476) 961
(926, 475) 962
(925, 473) 963
(921, 472) 964
(920, 470) 965
(914, 468) 966
(913, 466) 967
(912, 463) 968
(912, 461) 969
(912, 458) 970
(905, 457) 971
(898, 455) 972
(892, 454) 973
(887, 452) 974
(882, 450) 975
(873, 448) 976
(870, 446) 977
(866, 445) 978
(863, 443) 979
(860, 442) 980
(858, 440) 981
(857, 439) 982
(855, 438) 983
(854, 436) 984
(853, 435) 985
(853, 433) 986
(852, 432) 987
(852, 430) 988
(852, 429) 989
(852, 428) 990
(851, 426) 991
(851, 425) 992
(852, 424) 993
(852, 422) 994
(853, 421) 995
(1194, 560) 937
(1194, 560) 938
(1194, 560) 939
(1194, 560) 940
(1194, 560) 941
(1194, 559) 942
(1194, 559) 943
(1194, 559) 944
(1193, 559) 945
(1193, 559) 946
(1193, 559) 947
(1193, 559) 948
(1192, 559) 949
(1192, 559) 950
(1191, 559) 951
(1189, 559) 952
(1188, 559) 953
(1186, 559) 954
(1184, 559) 955
(1182, 559) 956
(1181, 559) 957
(1180, 559) 958
(1178, 559) 959
(1177, 559) 960
(1176, 559) 961
(1176, 559) 962
(1175, 559) 963
(1174, 558) 964
(1174, 558) 965
(1169, 559) 966
(1170, 558) 967
(1172, 557) 968
(1174, 556) 969
(1179, 556) 970
(1183, 555) 971
(1186, 555) 972
(1197, 554) 973
(1203, 553) 974
(1210, 553) 975
(1215, 552) 976
(1220, 552) 977
(1223, 551) 978
(1227, 550) 979
(1230, 550) 980
(1230, 549) 981
(1231, 549) 982
(1231, 549) 983
(1232, 549) 984
(1234, 549) 985
(1236, 548) 986
(1237, 548) 987
(1239, 548) 988
(1239, 548) 989
(1238, 547) 990
(1238, 546) 991
(1239, 546) 992
(1239, 546) 993
(1239, 546) 994
(1240, 545) 995
(1240, 545) 996
(1241, 545) 997
(1241, 545) 998
(1242, 545) 999
(1242, 545) 1000
(1243, 545) 1001
(1243, 545) 1002
(1244, 545) 1003
(1247, 544) 1004
(1250, 543) 1005
(1252, 543) 1006
(1141, 492) 1237
(1140, 492) 1238
(1140, 491) 1239
(1140, 491) 1240
(1139, 491) 1241
(1138, 491) 1242
(1137, 491) 1243
(1136, 491) 1244
(1136, 491) 1245
(1135, 491) 1246
(1134, 491) 1247
(1134, 491) 1248
(1132, 491) 1249
(1131, 490) 1250
(1129, 490) 1251
(1128, 490) 1252
(1127, 490) 1253
(1126, 490) 1254
(1125, 489) 1255
(1124, 489) 1256
(1123, 489) 1257
(1122, 488) 1258
(1122, 488) 1259
(1121, 488) 1260
(1121, 487) 1261
(1120, 487) 1262
(1119, 486) 1263
(1119, 486) 1264
(1118, 485) 1265
(1118, 484) 1266
(1117, 483) 1267
(1116, 483) 1268
(1116, 482) 1269
(1116, 481) 1270
(1116, 480) 1271
(1116, 478) 1272
(1116, 477) 1273
(1116, 476) 1274
(1117, 475) 1275
(1118, 474) 1276
(1118, 473) 1277
(1119, 472) 1278
(1120, 470) 1279
(1120, 469) 1280
(1120, 468) 1281
(1120, 467) 1282
(1120, 466) 1283
(1120, 465) 1284
(1120, 464) 1285
(1120, 463) 1286
(1120, 462) 1287
(1113, 462) 1288
(1106, 461) 1289
(1101, 460) 1290
(1096, 460) 1291
(1091, 459) 1292
(1087, 459) 1293
(1083, 458) 1294
(1080, 457) 1295
(1077, 457) 1296
(1077, 456) 1297
(413, 399) 1241
(413, 398) 1242
(414, 398) 1243
(415, 398) 1244
(416, 398) 1245
(417, 399) 1246
(418, 399) 1247
(419, 399) 1248
(419, 399) 1249
(420, 399) 1250
(420, 399) 1251
(421, 399) 1252
(421, 399) 1253
(414, 398) 1254
(408, 398) 1255
(402, 397) 1256
(397, 397) 1257
(393, 396) 1258
(389, 396) 1259
(383, 397) 1260
(381, 396) 1261
(380, 396) 1262
(379, 395) 1263
(375, 395) 1264
(373, 395) 1265
(370, 394) 1266
(367, 394) 1267
(364, 393) 1268
(362, 393) 1269
(362, 392) 1270
(363, 392) 1271
(366, 392) 1272
(369, 391) 1273
(372, 391) 1274
(374, 391) 1275
(376, 390) 1276
(377, 390) 1277
(378, 390) 1278
(379, 389) 1279
(380, 389) 1280
(386, 389) 1281
(391, 389) 1282
(396, 389) 1283
(400, 390) 1284
(404, 391) 1285
(409, 392) 1286
(415, 393) 1287
(428, 393) 1288
(440, 393) 1289
(451, 393) 1290
(460, 393) 1291
(469, 393) 1292
(477, 394) 1293
(484, 394) 1294
(490, 394) 1295
(496, 394) 1296
(504, 394) 1297
(511, 394) 1298
(518, 394) 1299
(524, 394) 1300
(529, 394) 1301
(534, 394) 1302
(538, 395) 1303
(542, 395) 1304
(546, 395) 1305
(549, 395) 1306
(552, 395) 1307
(554, 395) 1308
(557, 396) 1309
(559, 396) 1310
(561, 396) 1311
(562, 396) 1312
(564, 396) 1313
(565, 396) 1314
(566, 397) 1315
(568, 397) 1316
(568, 397) 1317
(567, 397) 1318
(560, 397) 1319
(553, 397) 1320
(548, 397) 1321
(541, 397) 1322
(535, 398) 1323
(528, 398) 1324
(522, 398) 1325
(511, 398) 1326
(501, 397) 1327
(493, 397) 1328
(486, 397) 1329
(479, 396) 1330
(474, 396) 1331
(470, 396) 1332
(466, 395) 1333
(454, 394) 1334
(444, 394) 1335
(437, 393) 1336
(432, 392) 1337
(427, 392) 1338
(427, 391) 1339
(427, 390) 1340
(430, 390) 1341
(440, 389) 1342
(450, 389) 1343
(458, 388) 1344
(460, 388) 1345
(463, 387) 1346
(466, 387) 1347
(468, 387) 1348
(475, 387) 1349
(481, 387) 1350
(487, 387) 1351
(492, 387) 1352
(496, 387) 1353
(500, 387) 1354
(504, 388) 1355
(507, 388) 1356
(510, 388) 1357
(513, 388) 1358
(522, 387) 1359
(530, 387) 1360
(538, 386) 1361
(547, 386) 1362
(552, 385) 1363
(558, 384) 1364
(559, 384) 1365
(561, 383) 1366
(566, 383) 1367
(575, 382) 1368
(582, 382) 1369
(588, 382) 1370
(594, 381) 1371
(599, 381) 1372
(604, 381) 1373
(608, 381) 1374
(612, 380) 1375
(615, 380) 1376
(617, 380) 1377
(618, 380) 1378
(268, 341) 1321
(269, 341) 1322
(270, 340) 1323
(270, 340) 1324
(271, 340) 1325
(271, 340) 1326
(271, 339) 1327
(272, 339) 1328
(272, 339) 1329
(272, 339) 1330
(273, 338) 1331
(273, 338) 1332
(273, 338) 1333
(273, 338) 1334
(273, 338) 1335
(274, 337) 1336
(274, 337) 1337
(274, 337) 1338
(274, 337) 1339
(274, 337) 1340
(274, 336) 1341
(278, 337) 1342
(282, 338) 1343
(285, 338) 1344
(288, 339) 1345
(291, 340) 1346
(294, 340) 1347
(296, 341) 1348
(298, 341) 1349
(300, 342) 1350
(301, 342) 1351
(303, 343) 1352
(304, 343) 1353
(305, 344) 1354
(306, 344) 1355
(314, 345) 1356
(322, 346) 1357
(329, 347) 1358
(335, 348) 1359
(340, 349) 1360
(345, 350) 1361
(350, 352) 1362
(355, 353) 1363
(358, 354) 1364
(361, 355) 1365
(364, 356) 1366
(367, 357) 1367
(371, 359) 1368
(375, 361) 1369
(378, 362) 1370
(381, 364) 1371
(383, 365) 1372
(384, 366) 1373
(386, 367) 1374
(386, 369) 1375
(384, 369) 1376
(382, 370) 1377
(379, 371) 1378
(378, 372) 1379
(378, 373) 1380
(377, 374) 1381
(377, 374) 1382
(376, 375) 1383
(376, 376) 1384
(376, 377) 1385
(375, 378) 1386
(375, 378) 1387
(375, 379) 1388
(374, 380) 1389
(374, 380) 1390
(374, 381) 1391
(374, 382) 1392
(371, 381) 1393
(371, 381) 1394
(368, 381) 1395
(364, 381) 1396
(362, 380) 1397
(360, 380) 1398
(357, 380) 1399
(354, 379) 1400
(351, 379) 1401
(348, 379) 1402
(346, 379) 1403
(343, 378) 1404
(346, 378) 1405
(349, 377) 1406
(352, 377) 1407
(354, 377) 1408
(356, 376) 1409
(358, 376) 1410
(360, 376) 1411
(361, 376) 1412
(363, 376) 1413
(364, 376) 1414
(365, 376) 1415
(366, 376) 1416
(367, 376) 1417
(368, 376) 1418
(368, 376) 1419
(370, 377) 1420
(372, 378) 1421
(373, 379) 1422
(374, 381) 1423
(376, 382) 1424
(377, 383) 1425
(378, 384) 1426
(378, 385) 1427
(379, 386) 1428
(380, 387) 1429
(380, 388) 1430
(381, 389) 1431
(376, 389) 1432
(373, 389) 1433
(369, 389) 1434
(368, 389) 1435
(368, 390) 1436
(367, 390) 1437
(363, 390) 1438
(359, 390) 1439
(356, 390) 1440
(354, 390) 1441
(353, 390) 1442
(352, 391) 1443
(352, 391) 1444
(351, 391) 1445
(349, 391) 1446
(346, 391) 1447
(344, 391) 1448
(341, 392) 1449
(339, 392) 1450
(337, 392) 1451
(335, 392) 1452
(334, 393) 1453
(332, 393) 1454
(331, 393) 1455
(329, 394) 1456
(328, 394) 1457
(327, 394) 1458
(327, 394) 1459
(326, 394) 1460
(325, 395) 1461
(324, 395) 1462
(320, 395) 1463
(316, 395) 1464
(312, 396) 1465
(309, 396) 1466
(306, 396) 1467
(304, 396) 1468
(301, 396) 1469
(299, 396) 1470
(297, 397) 1471
(296, 397) 1472
(294, 397) 1473
(293, 397) 1474
(292, 397) 1475
(292, 397) 1476
(293, 398) 1477
(299, 400) 1478
(1062, 505) 1342
(1064, 505) 1343
(1065, 504) 1344
(1069, 504) 1345
(1070, 503) 1346
(1071, 502) 1347
(1073, 502) 1348
(1076, 501) 1349
(1078, 499) 1350
(1079, 498) 1351
(1081, 497) 1352
(1083, 496) 1353
(1085, 494) 1354
(1086, 493) 1355
(1087, 492) 1356
(1089, 490) 1357
(1090, 489) 1358
(1091, 488) 1359
(1092, 487) 1360
(1093, 486) 1361
(1093, 484) 1362
(1094, 483) 1363
(1095, 482) 1364
(1095, 481) 1365
(1096, 480) 1366
(1096, 479) 1367
(1098, 480) 1368
(1099, 480) 1369
(1101, 481) 1370
(1101, 481) 1371
(1100, 480) 1372
(1099, 480) 1373
(1092, 480) 1374
(1080, 480) 1375
(1068, 479) 1376
(1057, 479) 1377
(1047, 479) 1378
(1041, 479) 1379
(1036, 478) 1380
(1032, 478) 1381
(1029, 477) 1382
(1026, 477) 1383
(1024, 476) 1384
(1021, 476) 1385
(1019, 475) 1386
(1017, 475) 1387
(1016, 474) 1388
(1014, 474) 1389
(1013, 473) 1390
(1011, 473) 1391
(1010, 473) 1392
(1009, 472) 1393
(1008, 472) 1394
(1007, 471) 1395
(1007, 471) 1396
(1006, 471) 1397
(999, 470) 1398
(996, 469) 1399
(994, 468) 1400
(992, 467) 1401
(991, 466) 1402
(990, 465) 1403
(987, 462) 1404
(983, 459) 1405
(980, 456) 1406
(978, 453) 1407
(976, 450) 1408
(975, 447) 1409
(974, 444) 1410
(975, 441) 1411
(974, 439) 1412
(976, 437) 1413
(767, 635) 1393
(766, 635) 1394
(760, 634) 1395
(760, 634) 1396
(756, 634) 1397
(750, 633) 1398
(742, 633) 1399
(733, 633) 1400
(724, 632) 1401
(714, 632) 1402
(705, 631) 1403
(698, 631) 1404
(692, 630) 1405
(687, 629) 1406
(685, 628) 1407
(682, 628) 1408
(680, 627) 1409
(677, 626) 1410
(676, 625) 1411
(674, 624) 1412
(672, 623) 1413
(671, 623) 1414
(670, 622) 1415
(669, 621) 1416
(668, 621) 1417
(667, 620) 1418
(666, 619) 1419
(665, 618) 1420
(664, 618) 1421
(664, 617) 1422
(669, 616) 1423
(668, 614) 1424
(663, 613) 1425
(653, 611) 1426
(636, 609) 1427
(621, 608) 1428
(608, 607) 1429
(596, 605) 1430
(585, 604) 1431
(575, 603) 1432
(566, 602) 1433
(558, 600) 1434
(551, 599) 1435
(545, 598) 1436
(539, 597) 1437
(534, 596) 1438
(529, 595) 1439
(522, 594) 1440
(515, 593) 1441
(509, 593) 1442
(504, 592) 1443
(497, 591) 1444
(492, 590) 1445
(488, 589) 1446
(484, 589) 1447
(480, 588) 1448
(477, 587) 1449
(476, 585) 1450
(474, 583) 1451
(472, 581) 1452
(469, 579) 1453
(465, 577) 1454
(461, 575) 1455
(451, 572) 1456
(441, 569) 1457
(433, 566) 1458
(426, 564) 1459
(419, 561) 1460
(408, 558) 1461
(404, 556) 1462
(405, 554) 1463
(407, 552) 1464
(409, 551) 1465
(411, 549) 1466
(413, 548) 1467
(415, 546) 1468
(418, 545) 1469
(420, 544) 1470
(422, 542) 1471
(425, 541) 1472
(424, 540) 1473
(423, 540) 1474
(424, 538) 1475
(425, 537) 1476
(426, 535) 1477
(427, 534) 1478
(428, 532) 1479
(429, 531) 1480
(429, 530) 1481
(425, 529) 1482
(425, 527) 1483
(420, 526) 1484
(1165, 626) 1400
(1157, 626) 1401
(1151, 626) 1402
(1145, 627) 1403
(1147, 627) 1404
(1147, 627) 1405
(1142, 627) 1406
(1137, 628) 1407
(1131, 628) 1408
(1127, 629) 1409
(1119, 629) 1410
(1111, 630) 1411
(1104, 630) 1412
(1097, 631) 1413
(1095, 631) 1414
(1092, 631) 1415
(1090, 631) 1416
(1087, 631) 1417
(1083, 630) 1418
(1079, 630) 1419
(1075, 630) 1420
(1071, 629) 1421
(1066, 629) 1422
(1060, 629) 1423
(1055, 628) 1424
(1049, 628) 1425
(1043, 627) 1426
(1037, 627) 1427
(1027, 627) 1428
(1017, 627) 1429
(1004, 628) 1430
(992, 629) 1431
(985, 630) 1432
(976, 631) 1433
(971, 631) 1434
(967, 631) 1435
(963, 632) 1436
(957, 633) 1437
(951, 635) 1438
(946, 636) 1439
(942, 638) 1440
(938, 640) 1441
(934, 641) 1442
(931, 643) 1443
(928, 644) 1444
(925, 646) 1445
(923, 647) 1446
(921, 649) 1447
(919, 650) 1448
(917, 652) 1449
(916, 653) 1450
(914, 654) 1451
(913, 656) 1452
(912, 657) 1453
(911, 658) 1454
(910, 659) 1455
(909, 661) 1456
(909, 662) 1457
(915, 662) 1458
(919, 662) 1459
(925, 662) 1460
(929, 662) 1461
(935, 662) 1462
(940, 662) 1463
(944, 662) 1464
(949, 662) 1465
(953, 662) 1466
(950, 662) 1467
(948, 662) 1468
(945, 662) 1469
(936, 662) 1470
(925, 662) 1471
(910, 661) 1472
(893, 661) 1473
(872, 660) 1474
(848, 659) 1475
(574, 424) 1450
(574, 424) 1451
(574, 424) 1452
(574, 424) 1453
(574, 424) 1454
(574, 424) 1455
(574, 424) 1456
(574, 424) 1457
(574, 424) 1458
(574, 424) 1459
(574, 424) 1460
(574, 424) 1461
(579, 423) 1462
(576, 423) 1463
(573, 423) 1464
(570, 423) 1465
(567, 422) 1466
(567, 422) 1467
(566, 422) 1468
(564, 422) 1469
(562, 422) 1470
(560, 421) 1471
(558, 421) 1472
(556, 421) 1473
(554, 421) 1474
(553, 421) 1475
(552, 421) 1476
(550, 421) 1477
(549, 420) 1478
(548, 420) 1479
(548, 420) 1480
(547, 420) 1481
(546, 420) 1482
(546, 420) 1483
(538, 420) 1484
(526, 421) 1485
(515, 422) 1486
(504, 423) 1487
(495, 423) 1488
(487, 424) 1489
(476, 425) 1490
(466, 426) 1491
(458, 427) 1492
(451, 428) 1493
(444, 429) 1494
(439, 430) 1495
(433, 431) 1496
(431, 431) 1497
(429, 431) 1498
(427, 431) 1499
(425, 431) 1500
(423, 431) 1501
(422, 431) 1502
(420, 431) 1503
(419, 431) 1504
(418, 431) 1505
(417, 432) 1506
(416, 432) 1507
(415, 432) 1508
(414, 432) 1509
(414, 433) 1510
(415, 433) 1511
(417, 432) 1512
(422, 431) 1513
(1099, 656) 1467
(1099, 655) 1468
(1100, 655) 1469
(1101, 655) 1470
(1103, 655) 1471
(1105, 655) 1472
(1107, 654) 1473
(1109, 654) 1474
(1111, 654) 1475
(1113, 654) 1476
(1115, 653) 1477
(1117, 653) 1478
(1119, 653) 1479
(1121, 652) 1480
(1123, 652) 1481
(1125, 652) 1482
(1127, 651) 1483
(1129, 651) 1484
(1131, 651) 1485
(1132, 651) 1486
(1134, 650) 1487
(1134, 650) 1488
(1135, 650) 1489
(1135, 650) 1490
(1135, 649) 1491
(1135, 649) 1492
(1135, 649) 1493
(1135, 649) 1494
(1135, 648) 1495
(1136, 648) 1496
(1136, 648) 1497
(1136, 648) 1498
(1137, 647) 1499
(1137, 647) 1500
(1138, 647) 1501
(1138, 646) 1502
(1139, 646) 1503
(1139, 646) 1504
(1140, 646) 1505
(1140, 645) 1506
(1141, 645) 1507
(1142, 645) 1508
(1142, 645) 1509
(1142, 644) 1510
(1143, 644) 1511
(1144, 644) 1512
(1145, 643) 1513
(1145, 643) 1514
(1146, 642) 1515
(1146, 642) 1516
(1146, 641) 1517
(1147, 641) 1518
(1146, 640) 1519
(1147, 640) 1520
(1146, 640) 1521
(1146, 639) 1522
(1145, 639) 1523
(1144, 639) 1524
(1143, 639) 1525
(1142, 638) 1526
(1140, 638) 1527
(1138, 638) 1528
(1137, 637) 1529
(1135, 637) 1530
(1133, 637) 1531
(1131, 637) 1532
(1130, 636) 1533
(1129, 636) 1534
(1127, 636) 1535
(1126, 636) 1536
(1124, 635) 1537
(1123, 635) 1538
(1122, 635) 1539
(1121, 635) 1540
(1119, 634) 1541
(1118, 634) 1542
(1117, 634) 1543
(1116, 634) 1544
(1114, 634) 1545
(1113, 633) 1546
(1111, 633) 1547
(1110, 633) 1548
(1109, 632) 1549
(1107, 632) 1550
(1106, 632) 1551
(1105, 632) 1552
(1103, 631) 1553
(1102, 631) 1554
(1101, 631) 1555
(1100, 630) 1556
(1099, 630) 1557
(1099, 630) 1558
(1098, 630) 1559
(1097, 629) 1560
(1097, 629) 1561
(1096, 629) 1562
(1096, 629) 1563
(1096, 628) 1564
(1095, 628) 1565
(1095, 628) 1566
(1095, 628) 1567
(1094, 627) 1568
(1094, 627) 1569
(1094, 627) 1570
(1094, 627) 1571
(1086, 627) 1572
(1080, 627) 1573
(1073, 626) 1574
(1068, 626) 1575
(1063, 626) 1576
(1929, 482) 1755
(1928, 481) 1756
(9, 482) 1757
(11, 483) 1758
(12, 483) 1759
(13, 484) 1760
(14, 484) 1761
(14, 485) 1762
(15, 485) 1763
(15, 486) 1764
(16, 486) 1765
(17, 487) 1766
(18, 488) 1767
(19, 489) 1768
(19, 489) 1769
(23, 490) 1770
(24, 491) 1771
(25, 491) 1772
(23, 491) 1773
(26, 492) 1774
(28, 492) 1775
(28, 492) 1776
(28, 492) 1777
(27, 492) 1778
(26, 493) 1779
(24, 494) 1780
(22, 495) 1781
(20, 495) 1782
(19, 496) 1783
(18, 497) 1784
(18, 497) 1785
(13, 497) 1786
(13, 498) 1787
(1932, 499) 1788
(1929, 499) 1789
(1929, 500) 1790
(1929, 501) 1791
(1929, 502) 1792
(11, 503) 1793
(14, 503) 1794
(15, 504) 1795
(17, 504) 1796
(22, 505) 1797
(27, 506) 1798
(31, 507) 1799
(32, 508) 1800
(34, 509) 1801
(38, 509) 1802
(38, 510) 1803
(38, 510) 1804
(38, 510) 1805
(39, 510) 1806
(48, 510) 1807
(49, 510) 1808
(50, 512) 1809
(46, 512) 1810
(38, 512) 1811
(34, 512) 1812
(31, 512) 1813
(33, 512) 1814
(34, 512) 1815
(36, 512) 1816
