(1252, 443) 24
(1253, 443) 25
(1256, 442) 26
(1256, 443) 27
(1256, 443) 28
(1256, 443) 29
(1258, 444) 30
(1259, 444) 31
(1260, 444) 32
(1261, 445) 33
(1269, 445) 34
(1281, 445) 35
(1292, 445) 36
(1303, 445) 37
(1311, 446) 38
(1319, 446) 39
(1327, 446) 40
(1334, 447) 41
(1341, 447) 42
(1349, 447) 43
(1356, 448) 44
(1363, 448) 45
(1376, 448) 46
(1390, 448) 47
(1404, 448) 48
(1417, 448) 49
(1430, 448) 50
(1442, 448) 51
(1450, 448) 52
(1457, 449) 53
(1464, 449) 54
(1471, 450) 55
(1482, 450) 56
(1494, 450) 57
(1506, 450) 58
(1517, 450) 59
(1527, 451) 60
(1535, 451) 61
(1542, 451) 62
(1549, 451) 63
(1555, 452) 64
(1561, 452) 65
(1574, 453) 66
(1585, 453) 67
(1597, 454) 68
(1608, 454) 69
(1616, 455) 70
(1624, 455) 71
(1631, 456) 72
(1639, 456) 73
(1646, 457) 74
(1658, 458) 75
(1672, 459) 76
(1687, 460) 77
(1701, 461) 78
(1715, 462) 79
(1725, 463) 80
(1736, 464) 81
(1747, 465) 82
(1757, 466) 83
(1766, 467) 84
(1780, 467) 85
(1793, 468) 86
(1805, 468) 87
(1817, 469) 88
(1826, 469) 89
(1835, 470) 90
(1843, 470) 91
(1851, 471) 92
(1860, 471) 93
(1868, 472) 94
(1875, 473) 95
(1881, 473) 96
(1887, 474) 97
(1892, 474) 98
(1896, 475) 99
(1900, 475) 100
(1904, 476) 101
(1907, 477) 102
(1910, 477) 103
(1913, 478) 104
(1916, 478) 105
(1918, 479) 106
(1920, 479) 107
(1922, 479) 108
(1923, 480) 109
(1925, 480) 110
(1926, 481) 111
(1926, 481) 112
(13, 481) 113
(18, 482) 114
(22, 482) 115
(26, 482) 116
(27, 482) 117
(26, 481) 118
(26, 481) 119
(1932, 481) 120
(1922, 481) 121
(1915, 481) 122
(1908, 481) 123
(1901, 481) 124
(1894, 481) 125
(1886, 481) 126
(1878, 480) 127
(1871, 480) 128
(1864, 480) 129
(1857, 480) 130
(1851, 480) 131
(1843, 480) 132
(1836, 480) 133
(1824, 480) 134
(1813, 480) 135
(1805, 481) 136
(1803, 481) 137
(1797, 481) 138
(1793, 480) 139
(1782, 481) 140
(1772, 481) 141
(1763, 482) 142
(1755, 482) 143
(1747, 482) 144
(1741, 483) 145
(1736, 483) 146
(1731, 483) 147
(1726, 483) 148
(1726, 484) 149
(1719, 484) 150
(1712, 485) 151
(1704, 485) 152
(1698, 486) 153
(1227, 473) 51
(1227, 473) 52
(1228, 473) 53
(1229, 474) 54
(1230, 474) 55
(1232, 474) 56
(1233, 474) 57
(1235, 474) 58
(1237, 475) 59
(1242, 475) 60
(1247, 475) 61
(1253, 475) 62
(1260, 475) 63
(1267, 475) 64
(1274, 476) 65
(1281, 476) 66
(1288, 476) 67
(1296, 476) 68
(1303, 476) 69
(1311, 476) 70
(1321, 477) 71
(1331, 477) 72
(1340, 477) 73
(1349, 478) 74
(1357, 478) 75
(1365, 478) 76
(1372, 479) 77
(1379, 479) 78
(1386, 479) 79
(1392, 479) 80
(1398, 480) 81
(1404, 480) 82
(1411, 480) 83
(1417, 481) 84
(1423, 481) 85
(1428, 482) 86
(1433, 483) 87
(1438, 483) 88
(1442, 484) 89
(1446, 484) 90
(1449, 485) 91
(1452, 485) 92
(1454, 485) 93
(1456, 486) 94
(1457, 486) 95
(1458, 486) 96
(1457, 486) 97
(1459, 486) 98
(1460, 486) 99
(1461, 486) 100
(1460, 486) 101
(1458, 486) 102
(1455, 486) 103
(1450, 485) 104
(1442, 485) 105
(1432, 485) 106
(1420, 484) 107
(1409, 484) 108
(1400, 483) 109
(1395, 483) 110
(1392, 483) 111
(1387, 483) 112
(1385, 482) 113
(1380, 482) 114
(1379, 483) 115
(1380, 482) 116
(1382, 482) 117
(1385, 483) 118
(1388, 483) 119
(1393, 484) 120
(1398, 484) 121
(1403, 485) 122
(1408, 485) 123
(1412, 485) 124
(1415, 485) 125
(1417, 485) 126
(1420, 485) 127
(1422, 485) 128
(1422, 485) 129
(1420, 484) 130
(1413, 484) 131
(1409, 484) 132
(1404, 484) 133
(1408, 484) 134
(1413, 483) 135
(1418, 483) 136
(1423, 483) 137
(1428, 484) 138
(1433, 484) 139
(1436, 484) 140
(1437, 484) 141
(1444, 485) 142
(1450, 486) 143
(1456, 486) 144
(1461, 487) 145
(1473, 487) 146
(1485, 487) 147
(1496, 487) 148
(1501, 487) 149
(1506, 487) 150
(1512, 487) 151
(1518, 487) 152
(1523, 487) 153
(1527, 487) 154
(1527, 488) 155
(1527, 489) 156
(1523, 490) 157
(1519, 490) 158
(1516, 491) 159
(1513, 491) 160
(1510, 492) 161
(1507, 492) 162
(1505, 492) 163
(1502, 492) 164
(1499, 492) 165
(1496, 492) 166
(1494, 491) 167
(1492, 491) 168
(1490, 491) 169
(1489, 490) 170
(1487, 490) 171
(1486, 490) 172
(1485, 490) 173
(1484, 489) 174
(1484, 489) 175
(1485, 489) 176
(1487, 488) 177
(1488, 488) 178
(1489, 487) 179
(1489, 486) 180
(1484, 486) 181
(1475, 485) 182
(1468, 485) 183
(1463, 484) 184
(1458, 483) 185
(1455, 483) 186
(1451, 483) 187
(1452, 484) 188
(1452, 484) 189
(1451, 484) 190
(1451, 485) 191
(1450, 485) 192
(1450, 486) 193
(1449, 487) 194
(1442, 487) 195
(1436, 487) 196
(1430, 487) 197
(1425, 487) 198
(1421, 487) 199
(1416, 487) 200
(1413, 487) 201
(1409, 487) 202
(1405, 487) 203
(1405, 487) 204
(1404, 486) 205
(1400, 485) 206
(1399, 485) 207
(1397, 485) 208
(1395, 484) 209
(1395, 484) 210
(1395, 484) 211
(1395, 484) 212
(1394, 484) 213
(1392, 484) 214
(1390, 483) 215
(1388, 483) 216
(1385, 483) 217
(1383, 483) 218
(1380, 483) 219
(1377, 483) 220
(1374, 483) 221
(1371, 482) 222
(1368, 482) 223
(1365, 482) 224
(1361, 482) 225
(1357, 482) 226
(1353, 482) 227
(1349, 482) 228
(637, 223) 67
(637, 223) 68
(637, 223) 69
(637, 223) 70
(637, 223) 71
(637, 223) 72
(637, 223) 73
(637, 223) 74
(637, 223) 75
(637, 223) 76
(637, 223) 77
(637, 223) 78
(637, 223) 79
(637, 223) 80
(637, 223) 81
(637, 223) 82
(638, 222) 83
(639, 222) 84
(639, 221) 85
(640, 220) 86
(640, 219) 87
(641, 219) 88
(641, 218) 89
(642, 217) 90
(642, 217) 91
(642, 216) 92
(642, 216) 93
(643, 215) 94
(643, 214) 95
(643, 214) 96
(643, 213) 97
(643, 213) 98
(640, 212) 99
(636, 211) 100
(633, 210) 101
(630, 210) 102
(628, 210) 103
(625, 209) 104
(622, 208) 105
(619, 208) 106
(614, 207) 107
(610, 206) 108
(606, 205) 109
(603, 204) 110
(601, 203) 111
(598, 202) 112
(596, 202) 113
(594, 201) 114
(592, 200) 115
(590, 199) 116
(589, 199) 117
(588, 198) 118
(587, 197) 119
(585, 196) 120
(585, 196) 121
(585, 195) 122
(585, 195) 123
(586, 194) 124
(587, 194) 125
(588, 193) 126
(589, 193) 127
(589, 193) 128
(590, 192) 129
(591, 192) 130
(591, 191) 131
(592, 191) 132
(592, 190) 133
(593, 190) 134
(593, 189) 135
(593, 189) 136
(593, 188) 137
(592, 188) 138
(592, 187) 139
(591, 187) 140
(591, 187) 141
(591, 186) 142
(591, 186) 143
(591, 185) 144
(590, 185) 145
(590, 185) 146
(585, 184) 147
(580, 184) 148
(575, 184) 149
(571, 184) 150
(567, 183) 151
(564, 183) 152
(561, 184) 153
(558, 184) 154
(555, 185) 155
(553, 185) 156
(551, 186) 157
(546, 187) 158
(541, 189) 159
(541, 190) 160
(536, 191) 161
(532, 193) 162
(874, 368) 87
(874, 368) 88
(874, 368) 89
(874, 368) 90
(875, 368) 91
(877, 369) 92
(875, 369) 93
(874, 370) 94
(872, 370) 95
(871, 370) 96
(871, 369) 97
(873, 370) 98
(876, 370) 99
(879, 371) 100
(881, 371) 101
(883, 372) 102
(885, 372) 103
(885, 372) 104
(885, 372) 105
(885, 372) 106
(885, 373) 107
(887, 373) 108
(891, 374) 109
(893, 375) 110
(896, 376) 111
(900, 376) 112
(904, 377) 113
(902, 377) 114
(902, 377) 115
(902, 377) 116
(902, 377) 117
(901, 377) 118
(901, 377) 119
(902, 377) 120
(902, 377) 121
(901, 376) 122
(898, 376) 123
(892, 376) 124
(885, 376) 125
(881, 376) 126
(877, 376) 127
(874, 376) 128
(871, 377) 129
(866, 378) 130
(860, 378) 131
(854, 379) 132
(854, 379) 133
(854, 379) 134
(854, 380) 135
(853, 381) 136
(853, 381) 137
(855, 382) 138
(855, 382) 139
(855, 383) 140
(858, 383) 141
(858, 384) 142
(863, 384) 143
(867, 384) 144
(874, 385) 145
(879, 385) 146
(882, 385) 147
(885, 385) 148
(885, 385) 149
(890, 385) 150
(895, 385) 151
(898, 385) 152
(901, 385) 153
(906, 385) 154
(910, 386) 155
(916, 386) 156
(916, 387) 157
(923, 387) 158
(923, 387) 159
(921, 387) 160
(917, 386) 161
(914, 386) 162
(911, 385) 163
(911, 384) 164
(910, 383) 165
(908, 382) 166
(908, 382) 167
(909, 382) 168
(910, 382) 169
(910, 382) 170
(908, 382) 171
(909, 381) 172
(916, 381) 173
(923, 381) 174
(929, 381) 175
(934, 381) 176
(939, 381) 177
(944, 381) 178
(948, 381) 179
(951, 381) 180
(954, 381) 181
(957, 381) 182
(955, 382) 183
(953, 383) 184
(951, 384) 185
(950, 385) 186
(949, 386) 187
(947, 387) 188
(946, 387) 189
(945, 388) 190
(944, 389) 191
(936, 389) 192
(929, 390) 193
(924, 390) 194
(918, 390) 195
(912, 391) 196
(907, 391) 197
(910, 391) 198
(914, 391) 199
(917, 391) 200
(919, 391) 201
(921, 391) 202
(922, 391) 203
(922, 391) 204
(922, 392) 205
(922, 392) 206
(920, 392) 207
(913, 393) 208
(907, 394) 209
(902, 394) 210
(898, 395) 211
(895, 395) 212
(897, 395) 213
(896, 395) 214
(893, 396) 215
(890, 396) 216
(886, 396) 217
(884, 396) 218
(884, 396) 219
(884, 396) 220
(884, 396) 221
(885, 396) 222
(886, 396) 223
(888, 396) 224
(889, 397) 225
(888, 397) 226
(887, 397) 227
(889, 397) 228
(894, 397) 229
(897, 397) 230
(901, 397) 231
(901, 397) 232
(898, 397) 233
(895, 396) 234
(891, 396) 235
(889, 396) 236
(887, 396) 237
(885, 396) 238
(884, 395) 239
(879, 395) 240
(875, 395) 241
(872, 395) 242
(870, 395) 243
(870, 395) 244
(870, 395) 245
(870, 395) 246
(864, 395) 247
(866, 395) 248
(866, 395) 249
(866, 394) 250
(865, 394) 251
(865, 394) 252
(865, 394) 253
(867, 394) 254
(867, 393) 255
(868, 392) 256
(871, 392) 257
(875, 391) 258
(878, 390) 259
(881, 390) 260
(889, 389) 261
(897, 389) 262
(904, 388) 263
(904, 387) 264
(904, 387) 265
(898, 387) 266
(893, 387) 267
(888, 387) 268
(888, 386) 269
(889, 385) 270
(890, 385) 271
(892, 384) 272
(894, 384) 273
(896, 384) 274
(897, 383) 275
(898, 383) 276
(898, 383) 277
(898, 383) 278
(896, 383) 279
(892, 383) 280
(888, 383) 281
(884, 382) 282
(882, 382) 283
(880, 382) 284
(879, 381) 285
(880, 381) 286
(881, 381) 287
(883, 381) 288
(886, 382) 289
(889, 382) 290
(889, 381) 291
(887, 381) 292
(887, 381) 293
(887, 380) 294
(886, 380) 295
(886, 379) 296
(881, 378) 297
(882, 377) 298
(883, 377) 299
(884, 377) 300
(884, 376) 301
(885, 376) 302
(890, 376) 303
(891, 376) 304
(893, 376) 305
(894, 375) 306
(895, 375) 307
(895, 374) 308
(894, 374) 309
(893, 373) 310
(891, 372) 311
(890, 371) 312
(888, 370) 313
(887, 369) 314
(887, 368) 315
(889, 368) 316
(890, 367) 317
(894, 367) 318
(897, 366) 319
(898, 366) 320
(901, 366) 321
(903, 366) 322
(906, 366) 323
(906, 365) 324
(907, 364) 325
(910, 364) 326
(910, 363) 327
(911, 362) 328
(913, 361) 329
(913, 361) 330
(909, 360) 331
(910, 359) 332
(910, 358) 333
(910, 357) 334
(908, 356) 335
(908, 356) 336
(901, 355) 337
(894, 355) 338
(894, 355) 339
(892, 354) 340
(892, 353) 341
(889, 353) 342
(889, 353) 343
(889, 352) 344
(890, 352) 345
(892, 352) 346
(894, 352) 347
(896, 352) 348
(896, 352) 349
(897, 352) 350
(899, 352) 351
(903, 351) 352
(906, 351) 353
(907, 352) 354
(909, 352) 355
(910, 352) 356
(913, 352) 357
(915, 352) 358
(918, 353) 359
(923, 354) 360
(925, 355) 361
(927, 356) 362
(929, 357) 363
(931, 358) 364
(932, 359) 365
(934, 360) 366
(935, 362) 367
(936, 363) 368
(937, 364) 369
(937, 365) 370
(935, 365) 371
(933, 364) 372
(931, 364) 373
(929, 363) 374
(929, 363) 375
(930, 363) 376
(930, 362) 377
(926, 362) 378
(924, 362) 379
(922, 362) 380
(918, 361) 381
(916, 361) 382
(913, 359) 383
(911, 359) 384
(908, 358) 385
(906, 357) 386
(904, 356) 387
(902, 355) 388
(900, 354) 389
(898, 353) 390
(896, 353) 391
(895, 352) 392
(895, 351) 393
(897, 350) 394
(898, 349) 395
(898, 349) 396
(898, 348) 397
(899, 348) 398
(902, 348) 399
(903, 347) 400
(904, 347) 401
(904, 347) 402
(905, 348) 403
(906, 348) 404
(907, 348) 405
(907, 348) 406
(907, 349) 407
(907, 348) 408
(907, 348) 409
(906, 349) 410
(906, 349) 411
(906, 349) 412
(906, 349) 413
(907, 350) 414
(907, 350) 415
(902, 350) 416
(899, 351) 417
(896, 351) 418
(895, 351) 419
(893, 352) 420
(891, 352) 421
(891, 352) 422
(896, 353) 423
(899, 354) 424
(902, 354) 425
(908, 355) 426
(914, 356) 427
(918, 357) 428
(921, 358) 429
(925, 359) 430
(928, 360) 431
(930, 360) 432
(933, 361) 433
(933, 362) 434
(934, 362) 435
(934, 363) 436
(934, 363) 437
(934, 364) 438
(934, 365) 439
(933, 366) 440
(931, 366) 441
(931, 368) 442
(930, 369) 443
(926, 369) 444
(923, 370) 445
(921, 372) 446
(918, 373) 447
(918, 375) 448
(916, 375) 449
(913, 376) 450
(910, 376) 451
(909, 376) 452
(910, 376) 453
(912, 377) 454
(915, 377) 455
(915, 377) 456
(916, 377) 457
(917, 377) 458
(918, 377) 459
(918, 378) 460
(918, 379) 461
(919, 379) 462
(919, 380) 463
(919, 380) 464
(919, 381) 465
(920, 381) 466
(920, 382) 467
(919, 382) 468
(919, 383) 469
(919, 383) 470
(918, 383) 471
(917, 383) 472
(917, 383) 473
(916, 382) 474
(915, 382) 475
(915, 381) 476
(917, 381) 477
(917, 380) 478
(918, 380) 479
(916, 379) 480
(915, 379) 481
(916, 379) 482
(916, 378) 483
(916, 378) 484
(914, 378) 485
(912, 376) 486
(911, 375) 487
(907, 374) 488
(903, 373) 489
(900, 373) 490
(897, 373) 491
(894, 373) 492
(895, 373) 493
(898, 374) 494
(898, 374) 495
(899, 375) 496
(902, 375) 497
(900, 375) 498
(901, 374) 499
(901, 374) 500
(901, 374) 501
(901, 373) 502
(900, 372) 503
(900, 372) 504
(901, 371) 505
(902, 371) 506
(902, 370) 507
(902, 370) 508
(900, 370) 509
(899, 369) 510
(896, 369) 511
(893, 368) 512
(890, 368) 513
(886, 367) 514
(885, 366) 515
(881, 365) 516
(878, 364) 517
(879, 364) 518
(879, 364) 519
(883, 365) 520
(886, 366) 521
(889, 367) 522
(894, 368) 523
(895, 367) 524
(897, 368) 525
(899, 368) 526
(901, 368) 527
(902, 369) 528
(903, 369) 529
(903, 369) 530
(904, 369) 531
(906, 369) 532
(905, 368) 533
(903, 369) 534
(899, 369) 535
(896, 369) 536
(895, 369) 537
(894, 370) 538
(894, 371) 539
(894, 372) 540
(898, 372) 541
(902, 373) 542
(904, 373) 543
(902, 374) 544
(902, 374) 545
(902, 374) 546
(902, 374) 547
(902, 374) 548
(901, 374) 549
(902, 374) 550
(904, 374) 551
(905, 374) 552
(906, 374) 553
(907, 374) 554
(908, 374) 555
(909, 374) 556
(910, 373) 557
(910, 374) 558
(910, 375) 559
(910, 375) 560
(910, 376) 561
(912, 376) 562
(912, 377) 563
(912, 377) 564
(916, 378) 565
(918, 379) 566
(921, 380) 567
(923, 381) 568
(925, 382) 569
(927, 383) 570
(927, 384) 571
(926, 384) 572
(925, 385) 573
(923, 386) 574
(923, 386) 575
(924, 387) 576
(924, 387) 577
(927, 388) 578
(928, 388) 579
(930, 389) 580
(932, 389) 581
(934, 390) 582
(937, 390) 583
(939, 390) 584
(940, 390) 585
(941, 390) 586
(943, 390) 587
(944, 390) 588
(944, 390) 589
(943, 389) 590
(944, 389) 591
(948, 389) 592
(947, 389) 593
(946, 388) 594
(946, 388) 595
(945, 387) 596
(945, 387) 597
(945, 387) 598
(945, 387) 599
(945, 387) 600
(945, 387) 601
(944, 387) 602
(937, 386) 603
(931, 386) 604
(925, 385) 605
(920, 384) 606
(916, 382) 607
(912, 381) 608
(909, 379) 609
(906, 378) 610
(905, 377) 611
(902, 375) 612
(900, 374) 613
(901, 373) 614
(898, 372) 615
(899, 372) 616
(901, 372) 617
(901, 372) 618
(902, 372) 619
(905, 371) 620
(905, 371) 621
(906, 371) 622
(906, 371) 623
(906, 370) 624
(908, 371) 625
(910, 371) 626
(911, 372) 627
(913, 372) 628
(912, 372) 629
(910, 372) 630
(908, 373) 631
(907, 373) 632
(903, 373) 633
(902, 373) 634
(901, 374) 635
(901, 374) 636
(901, 374) 637
(902, 375) 638
(902, 374) 639
(905, 375) 640
(905, 375) 641
(904, 375) 642
(903, 375) 643
(903, 375) 644
(903, 374) 645
(903, 374) 646
(907, 375) 647
(911, 376) 648
(911, 376) 649
(912, 377) 650
(912, 377) 651
(911, 377) 652
(909, 377) 653
(908, 377) 654
(905, 377) 655
(902, 377) 656
(902, 378) 657
(902, 379) 658
(902, 379) 659
(902, 380) 660
(904, 380) 661
(905, 381) 662
(906, 381) 663
(906, 381) 664
(907, 381) 665
(907, 381) 666
(906, 382) 667
(906, 382) 668
(905, 383) 669
(906, 383) 670
(907, 384) 671
(909, 384) 672
(911, 384) 673
(912, 385) 674
(913, 385) 675
(913, 385) 676
(915, 385) 677
(914, 386) 678
(914, 386) 679
(914, 386) 680
(913, 386) 681
(911, 386) 682
(908, 386) 683
(904, 386) 684
(902, 386) 685
(901, 386) 686
(898, 385) 687
(897, 385) 688
(897, 386) 689
(897, 386) 690
(897, 386) 691
(899, 386) 692
(899, 386) 693
(899, 387) 694
(899, 387) 695
(897, 387) 696
(896, 387) 697
(895, 388) 698
(893, 388) 699
(892, 388) 700
(889, 388) 701
(892, 389) 702
(892, 389) 703
(893, 389) 704
(896, 389) 705
(898, 389) 706
(899, 389) 707
(900, 389) 708
(899, 390) 709
(899, 390) 710
(898, 390) 711
(897, 391) 712
(898, 390) 713
(898, 390) 714
(898, 390) 715
(898, 390) 716
(898, 390) 717
(898, 390) 718
(897, 390) 719
(897, 390) 720
(896, 390) 721
(896, 390) 722
(895, 391) 723
(894, 391) 724
(893, 391) 725
(892, 392) 726
(889, 392) 727
(886, 393) 728
(882, 393) 729
(881, 393) 730
(880, 392) 731
(879, 392) 732
(877, 391) 733
(882, 391) 734
(349, 466) 90
(356, 466) 91
(365, 467) 92
(370, 468) 93
(383, 469) 94
(402, 469) 95
(419, 469) 96
(435, 470) 97
(447, 471) 98
(458, 471) 99
(468, 472) 100
(477, 473) 101
(485, 473) 102
(492, 473) 103
(500, 475) 104
(502, 475) 105
(504, 475) 106
(505, 476) 107
(507, 476) 108
(508, 476) 109
(509, 477) 110
(509, 477) 111
(512, 477) 112
(512, 477) 113
(511, 477) 114
(508, 477) 115
(503, 477) 116
(504, 478) 117
(504, 479) 118
(497, 479) 119
(489, 479) 120
(489, 480) 121
(484, 480) 122
(478, 481) 123
(473, 481) 124
(467, 482) 125
(456, 483) 126
(444, 485) 127
(434, 486) 128
(425, 488) 129
(417, 489) 130
(412, 490) 131
(409, 490) 132
(408, 490) 133
(408, 491) 134
(410, 491) 135
(417, 490) 136
(426, 489) 137
(433, 489) 138
(439, 489) 139
(446, 489) 140
(453, 489) 141
(457, 488) 142
(461, 488) 143
(461, 488) 144
(460, 488) 145
(460, 488) 146
(459, 488) 147
(459, 487) 148
(460, 487) 149
(471, 487) 150
(487, 487) 151
(503, 487) 152
(515, 488) 153
(528, 488) 154
(538, 487) 155
(548, 487) 156
(548, 487) 157
(548, 487) 158
(547, 487) 159
(546, 487) 160
(544, 487) 161
(543, 487) 162
(541, 487) 163
(539, 487) 164
(537, 487) 165
(534, 487) 166
(531, 487) 167
(527, 487) 168
(524, 487) 169
(520, 486) 170
(516, 485) 171
(514, 484) 172
(512, 484) 173
(510, 483) 174
(508, 483) 175
(507, 483) 176
(502, 483) 177
(498, 483) 178
(497, 483) 179
(497, 484) 180
(497, 484) 181
(497, 484) 182
(497, 485) 183
(492, 486) 184
(487, 487) 185
(477, 487) 186
(472, 487) 187
(460, 487) 188
(450, 487) 189
(441, 486) 190
(435, 486) 191
(430, 485) 192
(425, 484) 193
(421, 483) 194
(416, 483) 195
(409, 482) 196
(402, 482) 197
(395, 481) 198
(386, 481) 199
(378, 480) 200
(372, 480) 201
(367, 480) 202
(362, 479) 203
(358, 478) 204
(352, 478) 205
(347, 477) 206
(345, 476) 207
(345, 476) 208
(347, 474) 209
(352, 472) 210
(363, 471) 211
(374, 469) 212
(386, 468) 213
(398, 467) 214
(407, 467) 215
(416, 467) 216
(424, 466) 217
(431, 466) 218
(435, 465) 219
(440, 464) 220
(444, 463) 221
(446, 462) 222
(449, 461) 223
(454, 460) 224
(461, 459) 225
(464, 459) 226
(467, 458) 227
(470, 458) 228
(473, 457) 229
(475, 456) 230
(480, 455) 231
(486, 455) 232
(492, 454) 233
(496, 454) 234
(501, 453) 235
(505, 453) 236
(508, 452) 237
(511, 452) 238
(514, 451) 239
(517, 451) 240
(519, 450) 241
(521, 450) 242
(523, 449) 243
(525, 449) 244
(531, 449) 245
(536, 449) 246
(541, 449) 247
(547, 450) 248
(309, 484) 163
(308, 484) 164
(306, 484) 165
(298, 484) 166
(297, 484) 167
(296, 484) 168
(295, 484) 169
(293, 484) 170
(286, 483) 171
(279, 483) 172
(273, 483) 173
(267, 483) 174
(263, 482) 175
(258, 482) 176
(254, 482) 177
(243, 481) 178
(226, 481) 179
(209, 480) 180
(194, 480) 181
(173, 480) 182
(155, 480) 183
(146, 481) 184
(137, 482) 185
(126, 482) 186
(116, 483) 187
(107, 483) 188
(98, 484) 189
(90, 484) 190
(82, 485) 191
(75, 485) 192
(68, 485) 193
(57, 485) 194
(48, 485) 195
(39, 485) 196
(31, 485) 197
(25, 485) 198
(19, 485) 199
(14, 485) 200
(14, 485) 201
(1931, 484) 202
(1928, 484) 203
(1926, 484) 204
(12, 484) 205
(23, 484) 206
(40, 484) 207
(54, 484) 208
(72, 484) 209
(88, 484) 210
(102, 484) 211
(116, 484) 212
(128, 484) 213
(138, 484) 214
(150, 484) 215
(153, 483) 216
(156, 483) 217
(158, 482) 218
(159, 482) 219
(161, 482) 220
(162, 481) 221
(163, 481) 222
(166, 482) 223
(169, 483) 224
(173, 484) 225
(174, 485) 226
(178, 487) 227
(181, 488) 228
(183, 489) 229
(186, 490) 230
(188, 490) 231
(189, 491) 232
(191, 491) 233
(192, 492) 234
(193, 492) 235
(194, 492) 236
(193, 492) 237
(193, 491) 238
(192, 491) 239
(190, 490) 240
(188, 490) 241
(185, 489) 242
(186, 489) 243
(185, 489) 244
(185, 489) 245
(184, 489) 246
(184, 490) 247
(184, 490) 248
(183, 490) 249
(183, 490) 250
(183, 490) 251
(183, 490) 252
(183, 491) 253
(188, 490) 254
(191, 490) 255
(194, 490) 256
(192, 489) 257
(190, 488) 258
(188, 488) 259
(188, 487) 260
(191, 487) 261
(199, 486) 262
(201, 485) 263
(206, 485) 264
(209, 484) 265
(212, 483) 266
(214, 482) 267
(215, 482) 268
(216, 482) 269
(217, 482) 270
(217, 482) 271
(226, 482) 272
(233, 482) 273
(239, 482) 274
(244, 482) 275
(248, 482) 276
(251, 482) 277
(254, 482) 278
(255, 482) 279
(255, 482) 280
(253, 482) 281
(251, 482) 282
(249, 482) 283
(246, 482) 284
(243, 483) 285
(242, 482) 286
(242, 482) 287
(241, 482) 288
(1798, 482) 210
(1798, 481) 211
(1799, 481) 212
(1800, 481) 213
(1801, 481) 214
(1802, 481) 215
(1802, 481) 216
(1803, 481) 217
(1804, 481) 218
(1804, 481) 219
(1804, 481) 220
(1806, 481) 221
(1808, 481) 222
(1809, 482) 223
(1810, 482) 224
(1811, 482) 225
(1812, 482) 226
(1813, 482) 227
(1814, 483) 228
(1815, 483) 229
(1815, 483) 230
(1816, 483) 231
(1817, 484) 232
(1817, 484) 233
(1826, 484) 234
(1834, 484) 235
(1840, 484) 236
(1849, 485) 237
(1857, 485) 238
(1863, 485) 239
(1868, 484) 240
(1872, 484) 241
(1882, 484) 242
(1892, 485) 243
(1900, 485) 244
(1904, 485) 245
(1908, 485) 246
(1910, 484) 247
(1912, 484) 248
(1919, 485) 249
(1926, 485) 250
(1925, 484) 251
(7, 484) 252
(9, 483) 253
(12, 483) 254
(18, 483) 255
(28, 482) 256
(37, 482) 257
(45, 482) 258
(52, 482) 259
(59, 482) 260
(65, 481) 261
(70, 481) 262
(75, 481) 263
(79, 481) 264
(83, 481) 265
(87, 480) 266
(90, 480) 267
(90, 480) 268
(87, 480) 269
(81, 480) 270
(81, 480) 271
(79, 480) 272
(80, 480) 273
(80, 480) 274
(80, 480) 275
(76, 480) 276
(78, 481) 277
(79, 481) 278
(79, 481) 279
(78, 481) 280
(75, 481) 281
(71, 481) 282
(68, 481) 283
(66, 481) 284
(67, 481) 285
(66, 481) 286
(66, 481) 287
(66, 481) 288
(67, 481) 289
(67, 481) 290
(68, 481) 291
(68, 481) 292
(74, 481) 293
(80, 481) 294
(85, 481) 295
(90, 481) 296
(95, 481) 297
(99, 480) 298
(103, 479) 299
(105, 477) 300
(107, 476) 301
(109, 475) 302
(111, 474) 303
(112, 472) 304
(113, 471) 305
(116, 469) 306
(117, 468) 307
(121, 467) 308
(124, 466) 309
(128, 465) 310
(131, 463) 311
(134, 462) 312
(137, 461) 313
(139, 460) 314
(142, 459) 315
(144, 458) 316
(145, 457) 317
(147, 456) 318
(149, 454) 319
(150, 453) 320
(151, 452) 321
(152, 451) 322
(152, 451) 323
(150, 451) 324
(150, 451) 325
(153, 451) 326
(156, 452) 327
(159, 452) 328
(162, 452) 329
(164, 452) 330
(166, 453) 331
(168, 453) 332
(170, 453) 333
(171, 453) 334
(172, 454) 335
(174, 454) 336
(175, 454) 337
(176, 454) 338
(177, 455) 339
(177, 455) 340
(173, 454) 341
(168, 454) 342
(163, 454) 343
(162, 454) 344
(1392, 459) 256
(1392, 459) 257
(1392, 459) 258
(1392, 459) 259
(1392, 459) 260
(1392, 459) 261
(1392, 459) 262
(1392, 459) 263
(1385, 459) 264
(1379, 459) 265
(1375, 459) 266
(1373, 459) 267
(1372, 460) 268
(1372, 460) 269
(1373, 460) 270
(1375, 460) 271
(1378, 460) 272
(1381, 461) 273
(1385, 461) 274
(1390, 461) 275
(1394, 461) 276
(1399, 461) 277
(1404, 461) 278
(1408, 461) 279
(1413, 461) 280
(1417, 461) 281
(1422, 461) 282
(1426, 461) 283
(1430, 461) 284
(1433, 461) 285
(1437, 461) 286
(1440, 461) 287
(1443, 461) 288
(1447, 461) 289
(1450, 461) 290
(1454, 461) 291
(1458, 461) 292
(1463, 460) 293
(1468, 460) 294
(1473, 460) 295
(1479, 460) 296
(1485, 460) 297
(1491, 460) 298
(1498, 460) 299
(1504, 460) 300
(1510, 460) 301
(1516, 459) 302
(1521, 459) 303
(1526, 459) 304
(1531, 459) 305
(1535, 459) 306
(1539, 459) 307
(1542, 459) 308
(1545, 459) 309
(1548, 459) 310
(1550, 459) 311
(1550, 459) 312
(1546, 458) 313
(1535, 458) 314
(1526, 458) 315
(1517, 458) 316
(1511, 458) 317
(1504, 458) 318
(1504, 459) 319
(1507, 459) 320
(1510, 460) 321
(1512, 460) 322
(1515, 460) 323
(1515, 461) 324
(1516, 461) 325
(1521, 461) 326
(1518, 462) 327
(1513, 462) 328
(1508, 463) 329
(1505, 463) 330
(1503, 463) 331
(1499, 463) 332
(1497, 462) 333
(1495, 462) 334
(1490, 460) 335
(1487, 459) 336
(1484, 458) 337
(1481, 456) 338
(1479, 455) 339
(1477, 454) 340
(1475, 452) 341
(1473, 451) 342
(1471, 450) 343
(1470, 449) 344
(1468, 447) 345
(1467, 446) 346
(1466, 445) 347
(1465, 444) 348
(1464, 443) 349
(1463, 442) 350
(1463, 441) 351
(1468, 439) 352
(1473, 437) 353
(1477, 434) 354
(1481, 432) 355
(1484, 429) 356
(1487, 427) 357
(1489, 425) 358
(1492, 422) 359
(1494, 420) 360
(1496, 418) 361
(1497, 416) 362
(1500, 413) 363
(1503, 410) 364
(1506, 406) 365
(1509, 403) 366
(1512, 400) 367
(1299, 474) 296
(1296, 473) 297
(1295, 473) 298
(1293, 473) 299
(1292, 473) 300
(1287, 472) 301
(1284, 471) 302
(1281, 470) 303
(1279, 469) 304
(1279, 468) 305
(1280, 467) 306
(1280, 466) 307
(1283, 465) 308
(1287, 464) 309
(1283, 462) 310
(1281, 461) 311
(1282, 461) 312
(1284, 460) 313
(1285, 460) 314
(1287, 460) 315
(1288, 459) 316
(1289, 459) 317
(1290, 459) 318
(1292, 459) 319
(1295, 459) 320
(1298, 460) 321
(1301, 460) 322
(1303, 460) 323
(1305, 460) 324
(1307, 461) 325
(1311, 461) 326
(1315, 462) 327
(1319, 462) 328
(1322, 463) 329
(1325, 463) 330
(1328, 464) 331
(1331, 464) 332
(1333, 465) 333
(1335, 465) 334
(1337, 466) 335
(1338, 466) 336
(1343, 467) 337
(1348, 467) 338
(1352, 466) 339
(1355, 466) 340
(1357, 465) 341
(1358, 464) 342
(1359, 464) 343
(1359, 463) 344
(1357, 462) 345
(1355, 462) 346
(1352, 461) 347
(1345, 461) 348
(1341, 462) 349
(1342, 463) 350
(1344, 463) 351
(1348, 464) 352
(1350, 465) 353
(1353, 465) 354
(1357, 466) 355
(1363, 467) 356
(1367, 468) 357
(1370, 470) 358
(1374, 471) 359
(1380, 472) 360
(1391, 472) 361
(1400, 473) 362
(1400, 440) 310
(1408, 440) 311
(1415, 440) 312
(1422, 441) 313
(1428, 441) 314
(1434, 441) 315
(1439, 441) 316
(1444, 442) 317
(1448, 442) 318
(1451, 442) 319
(1454, 442) 320
(1457, 442) 321
(1460, 443) 322
(1459, 444) 323
(1459, 445) 324
(1458, 446) 325
(1458, 447) 326
(1458, 449) 327
(1457, 450) 328
(1457, 451) 329
(1457, 452) 330
(1456, 453) 331
(1456, 454) 332
(1456, 455) 333
(1456, 456) 334
(1463, 457) 335
(1471, 458) 336
(1478, 459) 337
(1484, 459) 338
(1491, 460) 339
(1498, 461) 340
(1504, 462) 341
(1510, 462) 342
(1514, 463) 343
(1519, 463) 344
(1525, 462) 345
(1533, 462) 346
(1538, 462) 347
(1543, 461) 348
(1547, 461) 349
(1549, 461) 350
(1554, 462) 351
(1558, 462) 352
(1561, 463) 353
(1561, 464) 354
(1561, 465) 355
(1562, 465) 356
(1565, 465) 357
(1568, 465) 358
(1570, 466) 359
(1572, 466) 360
(1574, 466) 361
(1573, 466) 362
(1571, 466) 363
(1568, 467) 364
(1557, 468) 365
(1554, 469) 366
(1552, 469) 367
(1551, 470) 368
(1550, 471) 369
(1550, 472) 370
(1549, 472) 371
(1549, 473) 372
(1549, 474) 373
(1549, 475) 374
(1549, 475) 375
(1549, 476) 376
(1547, 477) 377
(1545, 478) 378
(1543, 480) 379
(1541, 481) 380
(1539, 482) 381
(1538, 483) 382
(1536, 484) 383
(1535, 486) 384
(1534, 487) 385
(1533, 488) 386
(1532, 489) 387
(1531, 490) 388
(1530, 491) 389
(1530, 492) 390
(1529, 493) 391
(1528, 494) 392
(1528, 495) 393
(1527, 496) 394
(1528, 495) 395
(1528, 495) 396
(1529, 494) 397
(1529, 493) 398
(1529, 493) 399
(1529, 492) 400
(1528, 492) 401
(1520, 491) 402
(1518, 489) 403
(1517, 488) 404
(1516, 486) 405
(1515, 484) 406
(1515, 483) 407
(1511, 480) 408
(1508, 477) 409
(1505, 474) 410
(1502, 471) 411
(1497, 470) 412
(1493, 468) 413
(1489, 466) 414
(1486, 464) 415
(1482, 463) 416
(1480, 461) 417
(1477, 459) 418
(1475, 458) 419
(1473, 456) 420
(1469, 455) 421
(1467, 454) 422
(1464, 453) 423
(1462, 452) 424
(1461, 451) 425
(1459, 450) 426
(1458, 449) 427
(1458, 449) 428
(1457, 448) 429
(1457, 447) 430
(1464, 447) 431
(1471, 447) 432
(1479, 448) 433
(1485, 448) 434
(1494, 449) 435
(1503, 450) 436
(1511, 451) 437
(1520, 452) 438
(1529, 453) 439
(1537, 454) 440
(1544, 456) 441
(1547, 456) 442
(1549, 456) 443
(1551, 456) 444
(1553, 456) 445
(1555, 456) 446
(1556, 456) 447
(1558, 456) 448
(1559, 457) 449
(1560, 457) 450
(1561, 457) 451
(1565, 458) 452
(1570, 459) 453
(1571, 459) 454
(1570, 459) 455
(1571, 459) 456
(1571, 459) 457
(1568, 459) 458
(1565, 459) 459
(1562, 459) 460
(1559, 459) 461
(1557, 459) 462
(1555, 460) 463
(1553, 460) 464
(1551, 460) 465
(1549, 460) 466
(1548, 460) 467
(1547, 460) 468
(1546, 460) 469
(1544, 460) 470
(1543, 460) 471
(1542, 460) 472
(1542, 461) 473
(1541, 461) 474
(1540, 461) 475
(1539, 461) 476
(1539, 461) 477
(1538, 461) 478
(1538, 461) 479
(1537, 461) 480
(1537, 461) 481
(1537, 461) 482
(1536, 461) 483
(1536, 462) 484
(1536, 462) 485
(1536, 462) 486
(1535, 462) 487
(1540, 461) 488
(1545, 461) 489
(1543, 461) 490
(1543, 461) 491
(1544, 461) 492
(1546, 460) 493
(1546, 461) 494
(1546, 461) 495
(1547, 461) 496
(1547, 460) 497
(1543, 460) 498
(1537, 459) 499
(1532, 459) 500
(1521, 457) 501
(1510, 456) 502
(1499, 455) 503
(1489, 454) 504
(1480, 452) 505
(1471, 451) 506
(1467, 450) 507
(1463, 449) 508
(1459, 448) 509
(1454, 447) 510
(1449, 446) 511
(600, 482) 319
(600, 482) 320
(599, 482) 321
(599, 482) 322
(598, 482) 323
(596, 482) 324
(590, 482) 325
(583, 482) 326
(575, 482) 327
(566, 482) 328
(552, 482) 329
(541, 481) 330
(532, 480) 331
(524, 479) 332
(519, 478) 333
(516, 477) 334
(516, 476) 335
(512, 476) 336
(508, 475) 337
(503, 475) 338
(499, 474) 339
(490, 474) 340
(476, 474) 341
(461, 474) 342
(446, 474) 343
(431, 474) 344
(414, 474) 345
(402, 474) 346
(391, 474) 347
(382, 474) 348
(372, 475) 349
(361, 475) 350
(351, 475) 351
(343, 475) 352
(336, 475) 353
(324, 475) 354
(313, 475) 355
(301, 476) 356
(286, 476) 357
(270, 476) 358
(255, 476) 359
(240, 477) 360
(228, 477) 361
(216, 477) 362
(206, 477) 363
(197, 476) 364
(189, 476) 365
(182, 476) 366
(176, 476) 367
(171, 475) 368
(167, 475) 369
(165, 472) 370
(164, 470) 371
(162, 467) 372
(160, 465) 373
(158, 462) 374
(157, 460) 375
(155, 457) 376
(154, 454) 377
(152, 451) 378
(150, 449) 379
(149, 446) 380
(147, 444) 381
(145, 441) 382
(611, 504) 472
(608, 503) 473
(605, 503) 474
(603, 503) 475
(600, 503) 476
(593, 503) 477
(579, 503) 478
(565, 503) 479
(555, 502) 480
(545, 502) 481
(537, 502) 482
(529, 502) 483
(522, 502) 484
(515, 501) 485
(510, 501) 486
(504, 501) 487
(495, 501) 488
(486, 501) 489
(477, 501) 490
(473, 501) 491
(473, 501) 492
(473, 501) 493
(474, 500) 494
(473, 500) 495
(473, 499) 496
(470, 497) 497
(468, 496) 498
(459, 495) 499
(450, 495) 500
(442, 494) 501
(428, 493) 502
(413, 492) 503
(399, 492) 504
(385, 491) 505
(373, 491) 506
(362, 490) 507
(352, 490) 508
(343, 490) 509
(334, 489) 510
(326, 489) 511
(319, 489) 512
(312, 488) 513
(306, 488) 514
(301, 487) 515
(296, 487) 516
(292, 487) 517
(288, 486) 518
(285, 486) 519
(282, 486) 520
(279, 485) 521
(277, 485) 522
(274, 485) 523
(265, 485) 524
(258, 484) 525
(254, 484) 526
(251, 483) 527
(249, 482) 528
(249, 482) 529
(249, 481) 530
(254, 480) 531
(263, 480) 532
(272, 480) 533
(279, 479) 534
(286, 479) 535
(292, 479) 536
(298, 478) 537
(303, 478) 538
(307, 478) 539
(312, 478) 540
(314, 477) 541
(312, 478) 542
(309, 478) 543
(308, 478) 544
(306, 478) 545
(305, 479) 546
(303, 479) 547
(300, 479) 548
(297, 479) 549
(1532, 467) 501
(1532, 467) 502
(1532, 467) 503
(1532, 467) 504
(1532, 467) 505
(1532, 467) 506
(1532, 467) 507
(1532, 467) 508
(1532, 467) 509
(1531, 467) 510
(1531, 467) 511
(1531, 467) 512
(1531, 467) 513
(1531, 467) 514
(1531, 467) 515
(1531, 467) 516
(1531, 467) 517
(1531, 467) 518
(1530, 467) 519
(1530, 467) 520
(1530, 467) 521
(1530, 467) 522
(1530, 467) 523
(1529, 467) 524
(1529, 467) 525
(1529, 467) 526
(1529, 467) 527
(1529, 467) 528
(1528, 467) 529
(1528, 467) 530
(1528, 467) 531
(1528, 467) 532
(1528, 467) 533
(1528, 467) 534
(1528, 467) 535
(1528, 467) 536
(1528, 467) 537
(1528, 467) 538
(1528, 467) 539
(1528, 467) 540
(1528, 467) 541
(1528, 467) 542
(1528, 467) 543
(1528, 467) 544
(1528, 467) 545
(1528, 467) 546
(1527, 467) 547
(1526, 467) 548
(1525, 467) 549
(1523, 467) 550
(1521, 467) 551
(1518, 467) 552
(1514, 467) 553
(1509, 467) 554
(1503, 468) 555
(1495, 468) 556
(1486, 469) 557
(1474, 470) 558
(1462, 471) 559
(1447, 471) 560
(1435, 472) 561
(1417, 473) 562
(1401, 472) 563
(1385, 472) 564
(1311, 477) 660
(1311, 477) 661
(1313, 477) 662
(1315, 477) 663
(1317, 477) 664
(1319, 477) 665
(1321, 477) 666
(1323, 477) 667
(1324, 477) 668
(1326, 477) 669
(1333, 477) 670
(1340, 477) 671
(1346, 477) 672
(1352, 477) 673
(1358, 477) 674
(1364, 477) 675
(1368, 477) 676
(1373, 476) 677
(1378, 476) 678
(1379, 476) 679
(1379, 476) 680
(1377, 476) 681
(1378, 475) 682
(1380, 475) 683
(1382, 475) 684
(1384, 475) 685
(1386, 475) 686
(1389, 475) 687
(1391, 475) 688
(1392, 476) 689
(1394, 476) 690
(1395, 476) 691
(1396, 476) 692
(1397, 476) 693
(1398, 476) 694
(1399, 477) 695
(1400, 477) 696
(1400, 477) 697
(1401, 477) 698
(1401, 477) 699
(1402, 477) 700
(1400, 477) 701
(1398, 477) 702
(1397, 477) 703
(1395, 477) 704
(1394, 477) 705
(1392, 477) 706
(1391, 477) 707
(1390, 477) 708
(1389, 476) 709
(1389, 476) 710
(1388, 475) 711
(1388, 474) 712
(1388, 473) 713
(1389, 472) 714
(1393, 472) 715
(1399, 471) 716
(1403, 470) 717
(1408, 469) 718
(1411, 469) 719
(1415, 468) 720
(1419, 467) 721
(1426, 467) 722
(1431, 466) 723
(1434, 466) 724
(1437, 466) 725
(1438, 466) 726
(1439, 466) 727
(1440, 466) 728
(1439, 467) 729
(1442, 467) 730
(1444, 467) 731
(1446, 468) 732
(1448, 468) 733
(1449, 470) 734
