(836, 495) 20
(836, 494) 21
(836, 494) 22
(834, 494) 23
(834, 494) 24
(829, 494) 25
(826, 494) 26
(822, 494) 27
(818, 493) 28
(815, 493) 29
(812, 493) 30
(809, 493) 31
(806, 492) 32
(803, 492) 33
(797, 491) 34
(791, 491) 35
(790, 491) 36
(792, 491) 37
(795, 491) 38
(798, 491) 39
(796, 490) 40
(793, 490) 41
(791, 489) 42
(790, 488) 43
(788, 488) 44
(786, 487) 45
(786, 487) 46
(788, 487) 47
(792, 487) 48
(794, 486) 49
(801, 487) 50
(808, 487) 51
(814, 487) 52
(819, 487) 53
(824, 488) 54
(824, 487) 55
(823, 487) 56
(822, 487) 57
(812, 486) 58
(804, 486) 59
(793, 485) 60
(777, 484) 61
(762, 483) 62
(748, 482) 63
(735, 480) 64
(724, 479) 65
(714, 478) 66
(704, 476) 67
(696, 475) 68
(691, 475) 69
(691, 474) 70
(691, 474) 71
(693, 474) 72
(698, 474) 73
(699, 474) 74
(704, 475) 75
(708, 475) 76
(721, 475) 77
(733, 476) 78
(751, 476) 79
(768, 476) 80
(782, 476) 81
(796, 476) 82
(808, 477) 83
(818, 477) 84
(828, 477) 85
(843, 477) 86
(856, 478) 87
(872, 478) 88
(887, 478) 89
(900, 478) 90
(911, 479) 91
(922, 479) 92
(931, 479) 93
(939, 479) 94
(947, 480) 95
(951, 480) 96
(955, 480) 97
(958, 480) 98
(961, 480) 99
(963, 481) 100
(965, 481) 101
(967, 481) 102
(972, 481) 103
(983, 482) 104
(989, 482) 105
(999, 483) 106
(1003, 483) 107
(1007, 483) 108
(1010, 483) 109
(1021, 483) 110
(1030, 483) 111
(1039, 483) 112
(1046, 483) 113
(1053, 483) 114
(1059, 483) 115
(1065, 483) 116
(1070, 483) 117
(1074, 483) 118
(1078, 482) 119
(1078, 482) 120
(1077, 482) 121
(1072, 482) 122
(1068, 481) 123
(1066, 480) 124
(1064, 479) 125
(1064, 478) 126
(1065, 476) 127
(1072, 475) 128
(1079, 474) 129
(1079, 473) 130
(1075, 473) 131
(1072, 473) 132
(1071, 473) 133
(1069, 473) 134
(1068, 473) 135
(1068, 473) 136
(1068, 474) 137
(1069, 474) 138
(1071, 474) 139
(1071, 474) 140
(1072, 474) 141
(1073, 474) 142
(1073, 473) 143
(1072, 473) 144
(1070, 473) 145
(1068, 472) 146
(1066, 472) 147
(1064, 472) 148
(1060, 471) 149
(1056, 470) 150
(1053, 469) 151
(1050, 468) 152
(1047, 467) 153
(1045, 466) 154
(1043, 465) 155
(1040, 464) 156
(1038, 464) 157
(1036, 463) 158
(1032, 462) 159
(1027, 462) 160
(1023, 462) 161
(1021, 462) 162
(1020, 462) 163
(1019, 463) 164
(1018, 463) 165
(1017, 463) 166
(1016, 463) 167
(1016, 464) 168
(1017, 464) 169
(1018, 465) 170
(1015, 465) 171
(1015, 465) 172
(1016, 466) 173
(1022, 466) 174
(1028, 466) 175
(1030, 466) 176
(1032, 467) 177
(1033, 467) 178
(1034, 467) 179
(1034, 467) 180
(1030, 467) 181
(1027, 467) 182
(1026, 468) 183
(1025, 468) 184
(1024, 468) 185
(1024, 469) 186
(1023, 469) 187
(1020, 469) 188
(1018, 470) 189
(1014, 470) 190
(1011, 471) 191
(1008, 471) 192
(1007, 471) 193
(1006, 471) 194
(1006, 472) 195
(1006, 472) 196
(1006, 472) 197
(1006, 473) 198
(1005, 473) 199
(1004, 473) 200
(1001, 474) 201
(1000, 473) 202
(1000, 473) 203
(999, 473) 204
(998, 472) 205
(998, 472) 206
(993, 472) 207
(990, 473) 208
(986, 473) 209
(983, 473) 210
(981, 473) 211
(983, 474) 212
(983, 474) 213
(979, 474) 214
(970, 474) 215
(963, 475) 216
(956, 475) 217
(950, 475) 218
(944, 476) 219
(939, 476) 220
(943, 476) 221
(947, 476) 222
(950, 476) 223
(950, 476) 224
(949, 476) 225
(945, 476) 226
(938, 476) 227
(927, 476) 228
(913, 476) 229
(905, 476) 230
(900, 476) 231
(895, 476) 232
(894, 476) 233
(888, 476) 234
(883, 476) 235
(877, 476) 236
(872, 476) 237
(867, 476) 238
(864, 476) 239
(860, 476) 240
(857, 475) 241
(854, 475) 242
(852, 475) 243
(849, 475) 244
(847, 475) 245
(846, 475) 246
(844, 475) 247
(842, 475) 248
(841, 475) 249
(840, 475) 250
(839, 475) 251
(838, 475) 252
(837, 475) 253
(836, 475) 254
(836, 474) 255
(840, 474) 256
(843, 473) 257
(847, 472) 258
(850, 472) 259
(852, 471) 260
(855, 471) 261
(857, 470) 262
(859, 469) 263
(861, 469) 264
(862, 468) 265
(869, 468) 266
(874, 469) 267
(878, 469) 268
(883, 469) 269
(888, 469) 270
(892, 470) 271
(891, 470) 272
(891, 470) 273
(891, 470) 273
(890, 470) 274
(890, 470) 275
(890, 470) 276
(898, 470) 277
(905, 470) 278
(912, 471) 279
(918, 471) 280
(923, 471) 281
(928, 471) 282
(933, 471) 283
(937, 471) 284
(941, 472) 285
(945, 472) 286
(948, 472) 287
(951, 472) 288
(954, 472) 289
(956, 472) 290
(959, 472) 291
(961, 472) 292
(963, 472) 293
(965, 472) 294
(966, 472) 295
(968, 472) 296
(969, 473) 297
(974, 472) 298
(977, 472) 299
(978, 471) 300
(981, 472) 301
(983, 472) 302
(983, 472) 303
(984, 472) 304
(983, 472) 305
(984, 472) 306
(985, 472) 307
(987, 472) 308
(989, 472) 309
(991, 472) 310
(991, 472) 311
(989, 472) 312
(990, 472) 313
(990, 472) 314
(994, 472) 315
(997, 471) 316
(1002, 471) 317
(1011, 471) 318
(1019, 471) 319
(1023, 471) 320
(1031, 471) 321
(1036, 471) 322
(1040, 471) 323
(1044, 471) 324
(1050, 470) 325
(1055, 470) 326
(1061, 470) 327
(1061, 469) 328
(1062, 469) 329
(1067, 469) 330
(1072, 469) 331
(1072, 468) 332
(1068, 468) 333
(1057, 468) 334
(1049, 469) 335
(1042, 469) 336
(1037, 469) 337
(1028, 469) 338
(1022, 469) 339
(1021, 469) 340
(1019, 470) 341
(1020, 470) 342
(1019, 470) 343
(1019, 471) 344
(1019, 471) 345
(1023, 471) 346
(1031, 471) 347
(1030, 472) 348
(1030, 472) 349
(1027, 472) 350
(1025, 472) 351
(1023, 472) 352
(1025, 472) 353
(1027, 473) 354
(1029, 473) 355
(1031, 473) 356
(1033, 473) 357
(1035, 473) 358
(1035, 474) 359
(1030, 474) 360
(1020, 474) 361
(1012, 474) 362
(1001, 474) 363
(997, 474) 364
(991, 474) 365
(986, 474) 366
(982, 474) 367
(978, 474) 368
(972, 474) 369
(966, 474) 370
(961, 474) 371
(962, 474) 372
(967, 474) 373
(967, 474) 374
(975, 474) 375
(982, 474) 376
(990, 474) 377
(995, 474) 378
(1000, 474) 379
(1001, 474) 380
(1004, 474) 381
(1010, 473) 382
(1017, 473) 383
(1023, 473) 384
(1028, 472) 385
(1037, 472) 386
(1044, 471) 387
(1047, 471) 388
(1048, 470) 389
(1053, 470) 390
(1059, 470) 391
(1067, 469) 392
(1074, 469) 393
(1074, 468) 394
(1071, 468) 395
(1066, 468) 396
(1061, 468) 397
(1057, 468) 398
(1053, 468) 399
(1047, 469) 400
(1042, 469) 401
(1038, 469) 402
(1035, 470) 403
(1032, 470) 404
(1030, 470) 405
(1026, 470) 406
(1023, 471) 407
(1019, 471) 408
(1020, 471) 409
(1022, 471) 410
(1026, 471) 411
(1030, 471) 412
(1033, 471) 413
(1036, 471) 414
(1039, 471) 415
(1042, 471) 416
(1044, 471) 417
(1046, 471) 418
(1048, 471) 419
(1052, 471) 420
(1047, 471) 421
(1043, 471) 422
(1039, 472) 423
(1036, 472) 424
(1036, 472) 425
(1032, 473) 426
(1030, 473) 427
(1027, 473) 428
(1028, 473) 429
(1028, 474) 430
(1028, 474) 431
(1026, 474) 432
(1025, 474) 433
(1024, 474) 434
(1019, 474) 435
(1016, 474) 436
(1013, 474) 437
(1010, 474) 438
(1008, 474) 439
(1009, 474) 440
(1009, 475) 441
(1010, 475) 442
(1010, 475) 443
(1003, 474) 444
(1000, 473) 445
(1002, 473) 446
(1003, 474) 447
(1005, 474) 448
(1005, 474) 449
(1006, 475) 450
(1006, 475) 451
(1006, 476) 452
(1006, 476) 453
(1006, 476) 454
(1006, 477) 455
(1006, 477) 456
(1001, 477) 457
(1000, 476) 458
(1000, 476) 459
(999, 476) 460
(999, 476) 461
(999, 475) 462
(998, 475) 463
(998, 475) 464
(998, 475) 465
(998, 475) 466
(998, 474) 467
(998, 474) 468
(998, 474) 469
(1005, 474) 470
(1010, 474) 471
(1021, 474) 472
(1030, 473) 473
(1038, 473) 474
(1046, 473) 475
(1053, 473) 476
(1064, 473) 477
(1074, 474) 478
(1080, 475) 479
(1091, 475) 480
(1100, 475) 481
(1108, 475) 482
(1115, 475) 483
(1127, 475) 484
(1137, 475) 485
(1147, 476) 486
(1155, 476) 487
(1162, 476) 488
(1167, 476) 489
(1171, 476) 490
(1173, 476) 491
(1175, 477) 492
(1174, 477) 493
(1173, 477) 494
(1172, 478) 495
(1171, 478) 496
(1171, 478) 497
(1170, 478) 498
(1162, 479) 499
(1154, 480) 500
(1147, 480) 501
(1141, 481) 502
(1136, 481) 503
(1139, 481) 504
(1141, 481) 505
(1143, 482) 506
(1145, 482) 507
(1147, 482) 508
(1149, 482) 509
(1150, 482) 510
(1159, 482) 511
(1165, 482) 512
(1171, 482) 513
(1176, 482) 514
(1181, 482) 515
(1186, 482) 516
(1190, 482) 517
(1191, 482) 518
(1192, 482) 519
(1193, 482) 520
(1194, 482) 521
(1195, 482) 522
(1195, 482) 523
(1196, 482) 524
(1197, 483) 525
(1197, 483) 526
(1197, 483) 527
(1196, 483) 528
(1196, 484) 529
(1195, 484) 530
(1195, 484) 531
(1195, 484) 532
(1194, 485) 533
(1194, 485) 534
(1194, 485) 535
(1196, 485) 536
(1196, 484) 537
(1197, 484) 538
(1200, 484) 539
(1203, 484) 540
(1205, 484) 541
(1208, 484) 542
(1212, 484) 543
(1215, 484) 544
(1216, 484) 545
(1218, 484) 546
(1220, 485) 547
(1221, 485) 548
(1229, 485) 549
(1236, 485) 550
(1244, 485) 551
(1260, 485) 552
(1273, 485) 553
(1286, 486) 554
(1297, 486) 555
(289, 454) 46
(289, 454) 47
(289, 454) 48
(289, 454) 49
(289, 454) 50
(289, 454) 51
(289, 454) 52
(289, 454) 53
(293, 454) 54
(297, 454) 55
(301, 454) 56
(304, 454) 57
(314, 453) 58
(323, 453) 59
(331, 453) 60
(339, 453) 61
(346, 453) 62
(353, 453) 63
(359, 452) 64
(358, 452) 65
(356, 452) 66
(356, 452) 67
(361, 452) 68
(366, 453) 69
(370, 453) 70
(374, 453) 71
(379, 453) 72
(376, 453) 73
(373, 454) 74
(368, 454) 75
(369, 454) 76
(369, 454) 77
(365, 454) 78
(362, 454) 79
(361, 454) 80
(359, 454) 81
(358, 454) 82
(357, 454) 83
(355, 454) 84
(354, 454) 85
(354, 454) 86
(353, 453) 87
(353, 453) 88
(359, 454) 89
(366, 454) 90
(372, 454) 91
(377, 455) 92
(382, 455) 93
(386, 455) 94
(390, 456) 95
(393, 456) 96
(396, 456) 97
(407, 456) 98
(417, 456) 99
(427, 456) 100
(435, 456) 101
(443, 455) 102
(456, 456) 103
(467, 456) 104
(478, 456) 105
(487, 456) 106
(498, 457) 107
(508, 457) 108
(517, 457) 109
(526, 458) 110
(533, 459) 111
(539, 461) 112
(545, 462) 113
(550, 464) 114
(554, 465) 115
(559, 466) 116
(562, 468) 117
(566, 469) 118
(569, 470) 119
(571, 471) 120
(574, 473) 121
(576, 474) 122
(578, 475) 123
(579, 476) 124
(578, 478) 125
(576, 479) 126
(570, 479) 127
(563, 480) 128
(554, 478) 129
(548, 477) 130
(542, 477) 131
(530, 476) 132
(518, 475) 133
(508, 474) 134
(504, 473) 135
(495, 473) 136
(486, 472) 137
(477, 471) 138
(469, 471) 139
(460, 470) 140
(451, 470) 141
(449, 469) 142
(443, 469) 143
(431, 468) 144
(424, 469) 145
(418, 469) 146
(412, 469) 147
(403, 469) 148
(387, 469) 149
(372, 468) 150
(359, 468) 151
(348, 467) 152
(337, 467) 153
(320, 466) 154
(305, 466) 155
(295, 465) 156
(289, 465) 157
(288, 465) 158
(286, 466) 159
(283, 466) 160
(280, 466) 161
(277, 466) 162
(271, 466) 163
(264, 465) 164
(259, 465) 165
(256, 464) 166
(254, 464) 167
(251, 463) 168
(249, 462) 169
(249, 462) 170
(249, 462) 171
(258, 462) 172
(265, 461) 173
(272, 461) 174
(279, 461) 175
(285, 461) 176
(291, 460) 177
(301, 460) 178
(309, 460) 179
(316, 461) 180
(324, 461) 181
(333, 462) 182
(338, 461) 183
(343, 462) 184
(348, 463) 185
(354, 465) 186
(353, 465) 187
(353, 465) 188
(350, 466) 189
(346, 466) 190
(345, 467) 191
(344, 468) 192
(344, 468) 193
(347, 469) 194
(353, 469) 195
(359, 470) 196
(363, 470) 197
(371, 471) 198
(373, 472) 199
(375, 472) 200
(383, 473) 201
(383, 473) 202
(385, 473) 203
(396, 474) 204
(409, 474) 205
(422, 474) 206
(426, 474) 207
(430, 475) 208
(431, 475) 209
(431, 476) 210
(431, 476) 211
(431, 476) 212
(431, 477) 213
(432, 477) 214
(424, 478) 215
(417, 478) 216
(419, 479) 217
(420, 479) 218
(422, 479) 219
(423, 480) 220
(425, 480) 221
(427, 480) 222
(428, 480) 223
(429, 481) 224
(434, 481) 225
(440, 481) 226
(439, 482) 227
(439, 482) 228
(440, 483) 229
(441, 483) 230
(441, 484) 231
(442, 485) 232
(446, 485) 233
(449, 484) 234
(452, 484) 235
(455, 484) 236
(457, 484) 237
(459, 484) 238
(461, 484) 239
(463, 484) 240
(465, 484) 241
(466, 484) 242
(467, 484) 243
(469, 483) 244
(470, 483) 245
(471, 483) 246
(471, 483) 247
(472, 483) 248
(473, 483) 249
(473, 483) 250
(475, 483) 251
(476, 483) 252
(477, 483) 253
(479, 482) 254
(480, 482) 255
(480, 482) 256
(1291, 450) 63
(1292, 450) 64
(1292, 450) 65
(1292, 450) 66
(1293, 450) 67
(1295, 449) 68
(1297, 449) 69
(1299, 449) 70
(1301, 449) 71
(1303, 449) 72
(1304, 449) 73
(1306, 449) 74
(1310, 450) 75
(1312, 451) 76
(1311, 452) 77
(1310, 453) 78
(1316, 454) 79
(1326, 454) 80
(1338, 455) 81
(1352, 455) 82
(1365, 455) 83
(1376, 455) 84
(1389, 455) 85
(1401, 455) 86
(1408, 456) 87
(1416, 456) 88
(1423, 456) 89
(1430, 456) 90
(1438, 456) 91
(1445, 457) 92
(1453, 457) 93
(1462, 457) 94
(1470, 458) 95
(1471, 458) 96
(1472, 459) 97
(1474, 459) 98
(1484, 460) 99
(1490, 460) 100
(1489, 461) 101
(1485, 461) 102
(1481, 461) 103
(1477, 462) 104
(1472, 462) 105
(1466, 462) 106
(1464, 463) 107
(1463, 463) 108
(1461, 464) 109
(1461, 464) 110
(1461, 465) 111
(1460, 466) 112
(1460, 466) 113
(1460, 467) 114
(1460, 467) 115
(1463, 468) 116
(1466, 469) 117
(1475, 469) 118
(1483, 469) 119
(1491, 470) 120
(1505, 470) 121
(1517, 470) 122
(1528, 469) 123
(1540, 469) 124
(1551, 468) 125
(1560, 468) 126
(1566, 467) 127
(1564, 467) 128
(1562, 467) 129
(1560, 468) 130
(1558, 469) 131
(1557, 470) 132
(1555, 470) 133
(1555, 471) 134
(1558, 471) 135
(1562, 472) 136
(1567, 472) 137
(1571, 473) 138
(1568, 474) 139
(1566, 475) 140
(1562, 476) 141
(1558, 476) 142
(1550, 476) 143
(1544, 476) 144
(1532, 476) 145
(1524, 476) 146
(1516, 476) 147
(1509, 477) 148
(1503, 477) 149
(1498, 478) 150
(1495, 479) 151
(1492, 479) 152
(1490, 480) 153
(1488, 480) 154
(1486, 481) 155
(1485, 481) 156
(1484, 481) 157
(1483, 481) 158
(1482, 481) 159
(1481, 481) 160
(1477, 481) 161
(1469, 481) 162
(1461, 481) 163
(1455, 482) 164
(1448, 482) 165
(1443, 482) 166
(1438, 482) 167
(1433, 483) 168
(1421, 483) 169
(1411, 482) 170
(1403, 482) 171
(1395, 482) 172
(1389, 482) 173
(1383, 482) 174
(1377, 482) 175
(1372, 482) 176
(1368, 482) 177
(1364, 482) 178
(1360, 482) 179
(1357, 482) 180
(1354, 482) 181
(1352, 482) 182
(1349, 482) 183
(1347, 482) 184
(1339, 481) 185
(1333, 481) 186
(1330, 481) 187
(1329, 480) 188
(1328, 480) 189
(1327, 479) 190
(1328, 479) 191
(1328, 478) 192
(1329, 478) 193
(1330, 477) 194
(1330, 477) 195
(1330, 477) 196
(1330, 476) 197
(1330, 476) 198
(1330, 476) 199
(1330, 475) 200
(1330, 475) 201
(1325, 475) 202
(1322, 475) 203
(1320, 476) 204
(1319, 476) 205
(1318, 476) 206
(1318, 476) 207
(1317, 477) 208
(1317, 477) 209
(1317, 477) 210
(1312, 477) 211
(1307, 478) 212
(1305, 478) 213
(1301, 478) 214
(1297, 477) 215
(1294, 477) 216
(1291, 477) 217
(1289, 477) 218
(1288, 477) 219
(1287, 477) 220
(1287, 477) 221
(1289, 476) 222
(1291, 476) 223
(1293, 476) 224
(1295, 476) 225
(1296, 475) 226
(1297, 475) 227
(1300, 476) 228
(114, 479) 65
(109, 479) 66
(104, 479) 67
(101, 479) 68
(95, 480) 69
(87, 480) 70
(82, 480) 71
(76, 481) 72
(73, 481) 73
(70, 481) 74
(68, 481) 75
(63, 481) 76
(58, 482) 77
(53, 482) 78
(51, 482) 79
(47, 482) 80
(43, 482) 81
(39, 482) 82
(36, 483) 83
(33, 483) 84
(31, 483) 85
(29, 482) 86
(29, 482) 87
(33, 482) 88
(33, 482) 89
(32, 481) 90
(32, 481) 91
(30, 481) 92
(29, 481) 93
(27, 481) 94
(25, 481) 95
(23, 481) 96
(22, 480) 97
(20, 480) 98
(19, 480) 99
(18, 480) 100
(18, 480) 101
(20, 480) 102
(23, 479) 103
(25, 479) 104
(26, 480) 105
(26, 480) 106
(27, 480) 107
(27, 480) 108
(27, 481) 109
(25, 481) 110
(17, 481) 111
(11, 481) 112
(11, 481) 113
(1930, 481) 114
(1924, 481) 115
(1919, 481) 116
(1915, 481) 117
(1906, 481) 118
(1897, 481) 119
(1889, 482) 120
(1881, 482) 121
(1874, 482) 122
(1867, 482) 123
(1861, 482) 124
(1854, 482) 125
(1849, 482) 126
(1845, 482) 127
(1843, 482) 128
(1840, 482) 129
(1835, 482) 130
(1833, 482) 131
(1832, 481) 132
(1831, 481) 133
(1830, 481) 134
(1829, 481) 135
(1828, 481) 136
(1827, 481) 137
(1827, 480) 138
(1826, 480) 139
(1818, 480) 140
(1810, 480) 141
(1801, 480) 142
(1793, 480) 143
(1789, 481) 144
(1785, 481) 145
(1782, 481) 146
(1779, 481) 147
(1776, 481) 148
(1773, 482) 149
(1771, 482) 150
(1769, 482) 151
(1769, 482) 152
(1769, 481) 153
(1761, 481) 154
(1747, 481) 155
(1740, 480) 156
(1735, 480) 157
(1730, 479) 158
(1721, 479) 159
(1710, 478) 160
(1699, 477) 161
(1692, 477) 162
(1677, 477) 163
(1661, 477) 164
(1647, 477) 165
(1637, 477) 166
(1628, 477) 167
(1617, 477) 168
(1612, 477) 169
(1606, 477) 170
(1597, 477) 171
(1588, 478) 172
(1580, 478) 173
(1576, 479) 174
(1571, 479) 175
(1567, 480) 176
(1564, 481) 177
(1560, 482) 178
(1557, 482) 179
(1555, 482) 180
(1551, 482) 181
(1548, 482) 182
(1546, 482) 183
(1544, 482) 184
(1543, 481) 185
(1540, 481) 186
(1538, 481) 187
(1537, 481) 188
(1534, 481) 189
(1532, 480) 190
(1530, 480) 191
(1530, 480) 192
(1536, 480) 193
(1540, 480) 194
(1540, 480) 195
(1540, 480) 196
(1539, 481) 197
(1538, 481) 198
(1538, 481) 199
(1537, 481) 200
(1535, 481) 201
(1534, 481) 202
(1532, 481) 203
(1533, 481) 204
(1532, 481) 205
(1533, 481) 206
(1529, 482) 207
(1526, 482) 208
(1522, 482) 209
(1515, 482) 210
(1513, 482) 211
(1508, 482) 212
(1508, 482) 213
(1508, 482) 214
(1501, 482) 215
(1497, 482) 216
(1488, 482) 217
(1479, 482) 218
(1473, 482) 219
(1468, 482) 220
(1471, 482) 221
(1475, 482) 222
(1481, 483) 223
(1485, 483) 224
(1491, 483) 225
(1497, 484) 226
(1502, 484) 227
(1501, 484) 228
(1501, 484) 229
(1501, 484) 230
(1503, 484) 231
(1508, 484) 232
(1508, 485) 233
(1513, 485) 234
(1518, 485) 235
(1516, 486) 236
(1516, 486) 237
(1520, 486) 238
(1524, 486) 239
(1528, 486) 240
(1531, 486) 241
(1535, 486) 242
(1535, 486) 243
(1537, 486) 244
(1539, 486) 245
(1541, 486) 246
(1541, 486) 247
(1541, 486) 248
(1540, 486) 249
(1536, 486) 250
(1534, 487) 251
(1534, 487) 252
(1537, 487) 253
(1543, 487) 254
(1549, 487) 255
(1555, 487) 256
(1554, 487) 257
(1559, 486) 258
(1556, 486) 259
(1555, 487) 260
(1553, 487) 261
(1552, 487) 262
(1550, 487) 263
(1547, 487) 264
(1546, 487) 265
(1549, 488) 266
(1553, 488) 267
(1557, 488) 268
(1561, 488) 269
(1564, 489) 270
(1570, 489) 271
(1575, 489) 272
(1579, 489) 273
(1576, 489) 274
(1574, 489) 275
(1573, 489) 276
(1573, 490) 277
(1566, 489) 278
(1558, 489) 279
(1553, 489) 280
(1548, 489) 281
(1544, 489) 282
(1540, 489) 283
(1536, 489) 284
(1538, 489) 285
(1536, 489) 286
(1532, 488) 287
(1526, 488) 288
(1521, 488) 289
(1518, 489) 290
(1514, 489) 291
(1511, 489) 292
(1509, 489) 293
(1509, 490) 294
(1509, 490) 295
(1513, 490) 296
(1516, 490) 297
(1516, 490) 298
(1518, 490) 299
(1521, 490) 300
(1524, 490) 301
(1530, 491) 302
(1529, 491) 303
(1527, 491) 304
(1526, 492) 305
(1523, 492) 306
(1524, 492) 307
(1524, 492) 308
(1524, 492) 309
(1523, 492) 310
(1522, 492) 311
(1519, 493) 312
(1517, 493) 313
(1514, 494) 314
(1513, 494) 315
(1514, 494) 316
(1515, 495) 317
(1515, 495) 318
(1515, 495) 319
(1511, 495) 320
(1507, 496) 321
(1503, 496) 322
(1499, 496) 323
(1497, 497) 324
(1494, 497) 325
(1491, 497) 326
(1491, 497) 327
(1490, 497) 328
(1489, 498) 329
(1485, 498) 330
(1486, 498) 331
(1488, 498) 332
(1491, 499) 333
(1492, 499) 334
(1493, 499) 335
(1493, 499) 336
(1496, 499) 337
(1494, 499) 338
(1496, 499) 339
(1496, 499) 340
(1500, 499) 341
(1502, 498) 342
(1502, 498) 343
(1502, 498) 344
(1503, 499) 345
(1506, 499) 346
(1511, 499) 347
(1522, 499) 348
(1532, 499) 349
(1543, 499) 350
(1553, 500) 351
(1562, 500) 352
(1570, 500) 353
(1577, 500) 354
(1584, 500) 355
(1589, 500) 356
(1595, 500) 357
(1600, 500) 358
(1604, 500) 359
(1605, 500) 360
(1606, 500) 361
(1606, 500) 362
(1609, 500) 363
(1611, 500) 364
(1612, 500) 365
(1614, 499) 366
(1615, 499) 367
(1616, 499) 368
(1611, 499) 369
(1603, 499) 370
(1598, 498) 371
(1593, 498) 372
(1584, 498) 373
(1582, 498) 374
(1573, 498) 375
(1567, 497) 376
(1562, 496) 377
(1558, 495) 378
(1553, 495) 379
(1547, 494) 380
(1535, 494) 381
(1524, 494) 382
(1514, 494) 383
(1505, 494) 384
(1496, 493) 385
(1491, 493) 386
(1486, 494) 387
(1484, 494) 388
(1481, 494) 389
(1479, 494) 390
(1475, 494) 391
(1472, 495) 392
(1468, 495) 393
(1466, 495) 394
(1463, 495) 395
(1461, 496) 396
(1459, 496) 397
(1458, 496) 398
(1457, 496) 399
(1456, 496) 400
(1454, 496) 401
(1453, 496) 402
(1451, 496) 403
(1450, 496) 404
(1449, 496) 405
(1444, 496) 406
(1439, 496) 407
(1436, 496) 408
(1425, 495) 409
(1417, 495) 410
(1409, 494) 411
(1402, 494) 412
(1395, 493) 413
(1390, 492) 414
(1385, 492) 415
(1380, 491) 416
(1368, 491) 417
(1357, 491) 418
(1348, 491) 419
(1339, 490) 420
(1332, 490) 421
(1325, 490) 422
(1318, 490) 423
(1313, 490) 424
(1309, 489) 425
(1305, 489) 426
(1301, 488) 427
(1298, 488) 428
(1295, 487) 429
(1294, 487) 430
(1293, 487) 431
(1292, 486) 432
(1291, 486) 433
(1290, 486) 434
(1290, 485) 435
(1289, 485) 436
(1286, 484) 437
(1284, 484) 438
(1279, 484) 439
(1273, 484) 440
(1268, 483) 441
(1268, 483) 442
(1266, 483) 443
(1266, 483) 444
(1270, 483) 445
(1276, 483) 446
(1281, 482) 447
(1285, 482) 448
(1289, 482) 449
(1292, 482) 450
(1296, 482) 451
(1294, 481) 452
(1287, 480) 453
(1276, 481) 454
(1266, 481) 455
(1265, 481) 456
(1262, 480) 457
(1262, 481) 458
(1261, 481) 459
(1260, 481) 460
(1260, 481) 461
(1259, 481) 462
(1259, 481) 463
(1259, 482) 464
(1258, 482) 465
(1258, 482) 466
(1258, 482) 467
(1257, 482) 468
(1257, 482) 469
(1257, 483) 470
(1256, 482) 471
(1258, 482) 472
(1261, 482) 473
(1263, 482) 474
(1266, 482) 475
(1268, 482) 476
(1269, 482) 477
(1271, 482) 478
(1272, 482) 479
(1273, 482) 480
(1273, 482) 481
(1279, 482) 482
(1281, 482) 483
(1283, 482) 484
(1285, 482) 485
(1286, 483) 486
(1287, 483) 487
(1288, 483) 488
(1289, 484) 489
(1290, 484) 490
(1291, 484) 491
(1292, 484) 492
(1293, 485) 493
(1293, 485) 494
(1294, 485) 495
(1294, 485) 496
(1290, 485) 497
(1288, 485) 498
(1286, 485) 499
(1286, 485) 500
(1292, 484) 501
(1297, 485) 502
(1304, 484) 503
(1312, 484) 504
(1319, 484) 505
(1325, 483) 506
(1331, 483) 507
(1336, 483) 508
(1341, 482) 509
(1345, 482) 510
(1349, 482) 511
(1352, 481) 512
(1361, 482) 513
(1369, 482) 514
(1377, 482) 515
(1377, 481) 516
(1377, 481) 517
(1377, 481) 518
(1377, 481) 519
(1377, 480) 520
(1377, 480) 521
(1377, 480) 522
(1377, 480) 523
(1377, 479) 524
(1377, 479) 525
(1377, 479) 526
(1377, 479) 527
(1377, 479) 528
(1377, 478) 529
(1384, 479) 530
(1390, 479) 531
(1395, 479) 532
(1401, 479) 533
(1405, 479) 534
(1405, 479) 535
(1405, 479) 536
(1404, 480) 537
(1401, 480) 538
(1401, 481) 539
(1400, 481) 540
(1400, 482) 541
(1400, 483) 542
(1400, 483) 543
(1400, 484) 544
(1400, 485) 545
(1400, 485) 546
(1400, 485) 547
(1402, 485) 548
(1405, 485) 549
(1408, 485) 550
(1411, 485) 551
(1413, 485) 552
(1415, 485) 553
(1417, 485) 554
(1419, 485) 555
(1420, 485) 556
(1422, 485) 557
(1423, 485) 558
(1424, 485) 559
(1425, 485) 560
(1434, 485) 561
(1442, 485) 562
(1449, 485) 563
(1456, 485) 564
(1463, 485) 565
(1469, 486) 566
(1476, 486) 567
(1479, 486) 568
(1482, 487) 569
(1484, 487) 570
(1487, 487) 571
(1489, 487) 572
(1492, 487) 573
(1495, 487) 574
(717, 466) 92
(718, 465) 93
(718, 465) 94
(719, 466) 95
(721, 466) 96
(724, 467) 97
(725, 467) 98
(727, 467) 99
(727, 468) 100
(722, 468) 101
(723, 468) 102
(730, 468) 103
(736, 468) 104
(741, 469) 105
(741, 469) 106
(743, 469) 107
(750, 469) 108
(756, 470) 108
(762, 470) 109
(767, 470) 110
(768, 470) 111
(770, 471) 112
(773, 471) 113
(774, 471) 114
(776, 472) 115
(778, 472) 116
(781, 472) 117
(782, 473) 118
(781, 473) 119
(781, 474) 120
(782, 474) 121
(788, 474) 121
(794, 474) 122
(795, 475) 123
(797, 475) 124
(797, 476) 125
(797, 476) 126
(800, 476) 127
(799, 477) 128
(798, 478) 129
(797, 479) 130
(797, 480) 131
(797, 481) 132
(800, 481) 133
(801, 482) 134
(805, 482) 135
(808, 482) 136
(807, 483) 137
(801, 483) 138
(797, 483) 139
(792, 483) 140
(787, 483) 141
(782, 484) 142
(779, 484) 143
(774, 484) 144
(770, 484) 145
(766, 484) 146
(757, 484) 147
(745, 485) 148
(734, 485) 149
(723, 485) 150
(715, 486) 151
(709, 486) 152
(702, 486) 153
(696, 487) 154
(690, 487) 155
(684, 488) 156
(683, 489) 157
(683, 490) 158
(684, 491) 159
(684, 491) 160
(684, 492) 161
(684, 493) 162
(680, 494) 163
(675, 496) 164
(672, 497) 165
(668, 498) 166
(665, 499) 167
(666, 500) 168
(667, 500) 169
(668, 501) 170
(672, 501) 171
(674, 500) 172
(676, 499) 173
(677, 499) 174
(679, 498) 175
(678, 496) 176
(677, 494) 177
(676, 493) 178
(675, 491) 179
(674, 489) 180
(673, 487) 181
(673, 486) 182
(672, 484) 183
(672, 483) 184
(672, 481) 185
(676, 479) 186
(680, 477) 187
(1643, 461) 96
(1645, 461) 97
(1646, 462) 98
(1647, 462) 99
(1647, 462) 100
(1645, 463) 101
(1641, 463) 102
(1638, 464) 103
(1634, 464) 104
(1630, 465) 105
(1626, 465) 106
(1623, 466) 107
(1620, 466) 108
(1617, 467) 109
(1614, 467) 110
(1607, 467) 111
(1605, 467) 112
(1603, 468) 113
(1602, 468) 114
(1600, 468) 115
(1601, 469) 116
(1600, 469) 117
(1600, 469) 118
(1601, 470) 119
(1601, 470) 120
(1601, 471) 121
(1602, 471) 122
(1602, 471) 123
(1601, 472) 124
(1596, 472) 125
(1590, 472) 126
(1579, 472) 127
(1568, 472) 128
(1557, 472) 129
(1546, 472) 130
(1536, 472) 131
(1528, 472) 132
(1520, 472) 133
(1513, 472) 134
(1507, 472) 135
(1501, 472) 136
(1496, 472) 137
(1492, 472) 138
(1487, 472) 139
(1484, 472) 140
(1481, 473) 141
(1478, 473) 142
(1474, 473) 143
(1465, 474) 144
(1457, 475) 145
(1449, 476) 146
(1442, 477) 147
(1436, 478) 148
(1431, 479) 149
(1426, 479) 150
(1422, 480) 151
(1418, 481) 152
(1414, 482) 153
(1411, 483) 154
(1408, 483) 155
(1405, 484) 156
(1403, 485) 157
(1401, 486) 158
(1399, 486) 159
(1397, 487) 160
(1388, 487) 161
(1380, 487) 162
(1373, 487) 163
(1366, 487) 164
(1360, 487) 165
(1355, 487) 166
(1350, 487) 167
(1346, 487) 168
(1342, 487) 169
(1339, 486) 170
(1336, 486) 171
(1333, 486) 172
(1331, 486) 173
(1329, 485) 174
(1327, 485) 175
(1325, 485) 176
(1323, 485) 177
(1322, 484) 178
(1321, 484) 179
(1320, 484) 180
(1318, 484) 181
(1318, 484) 182
(1308, 483) 183
(1301, 483) 184
(1295, 483) 185
(1289, 483) 186
(1283, 483) 187
(1279, 482) 188
(1274, 482) 189
(1270, 482) 190
(1262, 482) 191
(1256, 481) 192
(1250, 481) 193
(1245, 481) 194
(1241, 481) 195
(1238, 480) 196
(1235, 480) 197
(1234, 480) 198
(1232, 479) 199
(1231, 479) 200
(1229, 479) 201
(1228, 479) 202
(1218, 479) 203
(1212, 479) 204
(1206, 479) 205
(1203, 479) 206
(1200, 480) 207
(1199, 481) 208
(1198, 482) 209
(1197, 482) 210
(1196, 483) 211
(1195, 484) 212
(1194, 484) 213
(1193, 485) 214
(1193, 486) 215
(1192, 486) 216
(1192, 487) 217
(1191, 488) 218
(1191, 488) 219
(1190, 489) 220
(1190, 489) 221
(1190, 490) 222
(1189, 491) 223
(1189, 491) 224
(1189, 492) 225
(1189, 492) 226
(1187, 492) 227
(1183, 492) 228
(1179, 491) 229
(1175, 491) 230
(1171, 491) 231
(1168, 491) 232
(1166, 491) 233
(88, 667) 142
(88, 667) 143
(89, 667) 144
(89, 667) 145
(89, 667) 146
(89, 666) 147
(87, 666) 148
(85, 666) 149
(82, 666) 150
(79, 666) 151
(77, 666) 152
(74, 666) 153
(71, 664) 154
(69, 662) 155
(66, 661) 156
(65, 659) 157
(63, 657) 158
(62, 656) 159
(60, 654) 160
(55, 651) 161
(50, 648) 162
(46, 646) 163
(42, 643) 164
(39, 640) 165
(36, 638) 166
(33, 635) 167
(30, 633) 168
(32, 629) 169
(33, 626) 170
(35, 623) 171
(37, 620) 172
(38, 617) 173
(38, 614) 174
(38, 612) 175
(37, 609) 176
(37, 606) 177
(39, 603) 178
(39, 600) 179
(39, 598) 180
(38, 595) 181
(36, 592) 182
(36, 590) 183
(36, 587) 184
(42, 585) 185
(47, 583) 186
(47, 581) 187
(47, 578) 188
(46, 576) 189
(46, 574) 190
(45, 572) 191
(42, 570) 192
(41, 568) 193
(41, 567) 194
(42, 565) 195
(42, 564) 196
(42, 562) 197
(44, 560) 198
(45, 559) 199
(45, 557) 200
(46, 556) 201
(46, 554) 202
(39, 553) 203
(34, 551) 204
(27, 550) 205
(24, 548) 206
(17, 547) 207
(17, 545) 208
(1928, 543) 209
(1923, 542) 210
(7, 540) 211
(13, 538) 212
(22, 537) 213
(30, 535) 214
(38, 534) 215
(44, 532) 216
(50, 531) 217
(56, 530) 218
(61, 528) 219
(65, 527) 220
(70, 526) 221
(75, 525) 222
(80, 524) 223
(85, 523) 224
(89, 522) 225
(93, 521) 226
(95, 520) 227
(101, 519) 228
(106, 518) 229
(111, 517) 230
(115, 517) 231
(119, 516) 232
(124, 516) 233
(129, 515) 234
(137, 515) 235
(143, 515) 236
(149, 515) 237
(155, 515) 238
(160, 514) 239
(164, 514) 240
(168, 514) 241
(172, 514) 242
(175, 514) 243
(178, 513) 244
(181, 513) 245
(183, 513) 246
(185, 513) 247
(185, 512) 248
(183, 512) 249
(179, 512) 250
(181, 511) 251
(182, 511) 252
(183, 510) 253
(184, 509) 254
(183, 508) 255
(180, 508) 256
(180, 507) 257
(180, 507) 258
(180, 507) 259
(178, 507) 260
(170, 506) 261
(158, 506) 262
(153, 505) 263
(148, 505) 264
(144, 504) 265
(138, 504) 266
(131, 503) 267
(125, 502) 268
(116, 502) 269
(106, 501) 270
(104, 501) 271
(101, 500) 272
(98, 499) 273
(95, 498) 274
(87, 497) 275
(79, 497) 276
(73, 496) 277
(72, 495) 278
(72, 495) 279
(71, 494) 280
(71, 494) 281
(70, 493) 282
(70, 492) 283
(67, 492) 284
(64, 492) 285
(62, 491) 286
(60, 491) 287
(59, 490) 288
(57, 490) 289
(49, 490) 290
(42, 490) 291
(36, 490) 292
(30, 489) 293
(25, 489) 294
(21, 489) 295
(16, 489) 296
(13, 489) 297
(9, 489) 298
(9, 489) 299
(9, 488) 300
(5, 489) 301
(6, 489) 302
(6, 489) 303
(7, 489) 304
(7, 490) 305
(13, 489) 306
(14, 489) 307
(16, 489) 308
(19, 489) 309
(21, 489) 310
(21, 489) 311
(22, 488) 312
(24, 488) 313
(27, 488) 314
(28, 488) 315
(32, 488) 316
(35, 487) 317
(38, 487) 318
(38, 487) 319
(39, 486) 320
(38, 486) 321
(39, 485) 322
(39, 485) 323
(40, 485) 324
(40, 485) 325
(40, 484) 326
(37, 484) 327
(35, 484) 328
(33, 484) 329
(32, 483) 330
(31, 483) 331
(30, 483) 332
(29, 483) 333
(28, 483) 334
(29, 483) 335
(28, 482) 336
(28, 482) 337
(28, 482) 338
(28, 482) 339
(30, 481) 340
(31, 481) 341
(32, 481) 342
(38, 481) 343
(38, 481) 344
(38, 481) 345
(38, 480) 346
(37, 480) 347
(37, 480) 348
(37, 480) 349
(36, 480) 350
(35, 479) 351
(35, 479) 352
(34, 479) 353
(34, 478) 354
(33, 478) 355
(33, 478) 356
(33, 478) 357
(32, 477) 358
(32, 477) 359
(32, 477) 360
(32, 476) 361
(38, 476) 362
(45, 475) 363
(56, 474) 364
(64, 474) 365
(63, 474) 366
(61, 474) 367
(60, 474) 368
(58, 474) 369
(57, 474) 370
(55, 474) 371
(53, 474) 372
(50, 474) 373
(48, 473) 374
(45, 473) 375
(41, 473) 376
(38, 473) 377
(35, 473) 378
(33, 473) 379
(33, 473) 380
(35, 473) 381
(45, 473) 382
(57, 472) 383
(68, 472) 384
(79, 471) 385
(84, 471) 386
(86, 471) 387
(89, 471) 388
(90, 471) 389
(91, 471) 390
(92, 471) 391
(93, 471) 392
(98, 471) 393
(102, 472) 394
(99, 472) 395
(93, 472) 396
(88, 472) 397
(85, 472) 398
(81, 472) 399
(77, 472) 400
(77, 472) 401
(75, 472) 402
(71, 472) 403
(68, 472) 404
(68, 471) 405
(68, 471) 406
(67, 471) 407
(66, 471) 408
(66, 471) 409
(69, 471) 410
(71, 471) 411
(72, 471) 412
(72, 471) 413
(72, 471) 414
(66, 471) 415
(60, 471) 416
(55, 471) 417
(51, 471) 418
(47, 470) 419
(43, 470) 420
(39, 470) 421
(36, 470) 422
(34, 470) 423
(34, 470) 424
(35, 470) 425
(39, 470) 426
(42, 470) 427
(45, 469) 428
(48, 469) 429
(50, 469) 430
(52, 469) 431
(55, 469) 432
(58, 469) 433
(60, 469) 434
(62, 469) 435
(61, 469) 436
(60, 469) 437
(60, 469) 438
(52, 469) 439
(44, 469) 440
(38, 469) 441
(34, 468) 442
(30, 468) 443
(25, 468) 444
(22, 468) 445
(19, 468) 446
(16, 469) 447
(16, 469) 448
(18, 469) 449
(24, 469) 450
(24, 469) 451
(27, 469) 452
(32, 469) 453
(36, 469) 454
(39, 470) 455
(42, 470) 456
(50, 470) 457
(56, 470) 458
(62, 469) 459
(68, 469) 460
(73, 469) 461
(77, 469) 462
(81, 469) 463
(85, 469) 464
(88, 469) 465
(91, 468) 466
(93, 468) 467
(96, 468) 468
(98, 468) 469
(98, 468) 470
(95, 468) 471
(94, 468) 472
(94, 468) 473
(95, 469) 474
(97, 469) 475
(97, 469) 476
(95, 469) 477
(91, 469) 478
(87, 469) 479
(88, 470) 480
(88, 470) 481
(87, 470) 482
(80, 470) 483
(82, 470) 484
(85, 470) 485
(84, 470) 486
(79, 471) 487
(82, 471) 488
(84, 471) 489
(85, 471) 490
(85, 471) 491
(85, 471) 492
(83, 471) 493
(77, 472) 494
(71, 472) 495
(66, 472) 496
(65, 472) 497
(65, 472) 498
(65, 473) 499
(65, 473) 500
(63, 473) 501
(60, 473) 502
(60, 473) 503
(61, 474) 504
(63, 474) 505
(64, 474) 506
(64, 474) 507
(64, 474) 508
(61, 474) 509
(59, 473) 510
(52, 473) 511
(46, 473) 512
(42, 472) 513
(37, 472) 514
(34, 472) 515
(33, 472) 516
(34, 472) 517
(34, 472) 518
(34, 472) 519
(35, 472) 520
(35, 472) 521
(35, 472) 522
(35, 473) 523
(35, 473) 524
(36, 473) 525
(36, 473) 526
(36, 473) 527
(39, 473) 528
(39, 473) 529
(40, 474) 530
(40, 474) 531
(41, 474) 532
(43, 474) 533
(47, 473) 534
(54, 473) 535
(58, 473) 536
(54, 473) 537
(51, 473) 538
(50, 474) 539
(49, 474) 540
(48, 474) 541
(47, 474) 542
(46, 474) 543
(46, 474) 544
(48, 474) 545
(51, 474) 546
(53, 474) 547
(55, 474) 548
(55, 474) 549
(55, 474) 550
(53, 475) 551
(51, 475) 552
(49, 475) 553
(47, 475) 554
(45, 475) 555
(45, 475) 556
(46, 475) 557
(46, 475) 558
(43, 475) 559
(40, 475) 560
(38, 475) 561
(36, 475) 562
(34, 475) 563
(33, 475) 564
(31, 475) 565
(27, 475) 566
(23, 475) 567
(16, 475) 568
(9, 475) 569
(10, 475) 570
(1930, 475) 571
(1922, 475) 572
(1916, 475) 573
(1911, 475) 574
(1913, 475) 575
(1916, 475) 576
(1918, 475) 577
(1921, 475) 578
(1923, 475) 579
(1924, 475) 580
(1924, 475) 581
(6, 475) 582
(8, 475) 583
(1928, 475) 584
(1924, 475) 585
(1918, 475) 586
(1911, 475) 587
(1907, 475) 588
(1903, 475) 589
(1900, 475) 590
(1898, 476) 591
(1896, 476) 592
(1894, 476) 593
(1894, 476) 594
(1897, 476) 595
(1900, 476) 596
(1902, 476) 597
(1904, 476) 598
(1905, 476) 599
(1907, 476) 600
(1909, 476) 601
(1914, 476) 602
(1915, 476) 603
(1920, 476) 604
(1919, 476) 605
(9, 476) 606
(13, 476) 607
(17, 476) 608
(20, 476) 609
(23, 476) 610
(26, 476) 611
(28, 476) 612
(30, 476) 613
(32, 476) 614
(33, 476) 615
(33, 476) 616
(34, 476) 617
(35, 476) 618
(1804, 474) 219
(1804, 474) 220
(1800, 474) 221
(1797, 474) 222
(1795, 474) 223
(1794, 474) 224
(1793, 474) 225
(1793, 474) 226
(1789, 474) 227
(1786, 473) 228
(1785, 473) 229
(1784, 473) 230
(1783, 473) 231
(1783, 473) 232
(1783, 472) 233
(1784, 472) 234
(1785, 472) 235
(1786, 472) 236
(1787, 472) 237
(1787, 472) 238
(1788, 471) 239
(1788, 471) 240
(1789, 471) 241
(1789, 471) 242
(1790, 471) 243
(1790, 471) 244
(1790, 471) 245
(1791, 470) 246
(1791, 470) 247
(1791, 470) 248
(1792, 470) 249
(1792, 470) 250
(1792, 470) 251
(1792, 470) 252
(1787, 470) 253
(1783, 470) 254
(1779, 470) 255
(1776, 470) 256
(1773, 471) 257
(1770, 471) 258
(1770, 471) 259
(1771, 471) 260
(1774, 471) 261
(1776, 472) 262
(1779, 472) 263
(1781, 472) 264
(1789, 472) 265
(1796, 472) 266
(1803, 472) 267
(1808, 472) 268
(1814, 472) 269
(1819, 473) 270
(1823, 473) 271
(1827, 473) 272
(1830, 473) 273
(1833, 473) 274
(1836, 473) 275
(1839, 473) 276
(1841, 473) 277
(1843, 473) 278
(1845, 472) 279
(1846, 472) 280
(1848, 472) 281
(1849, 472) 282
(1850, 473) 283
(1852, 473) 284
(1853, 473) 285
(1854, 473) 286
(1854, 473) 287
(1855, 474) 288
(1856, 474) 289
(1856, 474) 290
(1856, 474) 291
(1849, 474) 292
(1843, 474) 293
(1836, 475) 294
(1831, 475) 295
(1826, 475) 296
(1821, 475) 297
(1821, 476) 298
(1819, 476) 299
(1818, 477) 300
(1817, 477) 301
(1816, 478) 302
(1815, 478) 303
(1814, 479) 304
(1813, 479) 305
(1812, 480) 306
(1812, 481) 307
(1811, 481) 308
(1810, 482) 309
(1810, 482) 310
(1809, 483) 311
(1809, 483) 312
(1808, 484) 313
(1808, 484) 314
(1808, 485) 315
(1805, 485) 316
(1803, 485) 317
(1801, 486) 318
(1800, 486) 319
(1798, 486) 320
(1797, 486) 321
(1795, 487) 322
(1794, 487) 323
(1793, 487) 324
(1792, 487) 325
(1791, 488) 326
(1791, 488) 327
(1790, 487) 328
(1788, 487) 329
(1786, 487) 330
(1783, 487) 331
(1781, 487) 332
(1778, 486) 333
(1776, 486) 334
(1775, 486) 335
(1773, 486) 336
(1771, 486) 337
(1770, 485) 338
(1769, 485) 339
(1769, 485) 340
(1772, 486) 341
(1776, 486) 342
(1779, 486) 343
(1781, 486) 344
(1783, 486) 345
(1785, 486) 346
(1786, 486) 347
(1786, 486) 348
(1793, 486) 349
(1793, 486) 350
(1800, 485) 351
(1806, 485) 352
(1806, 485) 353
(1806, 485) 354
(1806, 485) 355
(1805, 485) 356
(1804, 484) 357
(1803, 484) 358
(1801, 484) 359
(1802, 484) 360
(1801, 484) 361
(1801, 484) 362
(1800, 484) 363
(1795, 484) 364
(1790, 483) 365
(1784, 483) 366
(1781, 483) 367
(1777, 483) 368
(1775, 483) 369
(1772, 483) 370
(1770, 483) 371
(1767, 483) 372
(1766, 483) 373
(1764, 483) 374
(1762, 483) 375
(1761, 483) 376
(1759, 483) 377
(1758, 483) 378
(1757, 483) 379
(1757, 483) 380
(1758, 483) 381
(1765, 483) 382
(1770, 483) 383
(1770, 483) 384
(1774, 483) 385
(1778, 483) 386
(1779, 482) 387
(1780, 481) 388
(1781, 481) 389
(1783, 480) 390
(1789, 480) 391
(1795, 479) 392
(1796, 479) 393
(1795, 478) 394
(1787, 478) 395
(1780, 478) 396
(1774, 479) 397
(1768, 479) 398
(1763, 479) 399
(1759, 480) 400
(1757, 480) 401
(1756, 480) 402
(1754, 480) 403
(1753, 481) 404
(1752, 481) 405
(1751, 481) 406
(1750, 481) 407
(1749, 481) 408
(1748, 481) 409
(1748, 481) 410
(1749, 482) 411
(1752, 481) 412
(1753, 482) 413
(1754, 482) 414
(1756, 482) 415
(1756, 482) 416
(1757, 482) 417
(1758, 482) 418
(1759, 482) 419
(1759, 482) 420
(1760, 482) 421
(1760, 482) 422
(1761, 482) 423
(1761, 482) 424
(1762, 482) 425
(1762, 483) 426
(1762, 483) 427
(1763, 483) 428
(1763, 483) 429
(1763, 483) 430
(1768, 483) 431
(1772, 483) 432
(1776, 483) 433
(1779, 483) 434
(1782, 483) 435
(1785, 482) 436
(1793, 482) 437
(1800, 482) 438
(1806, 482) 439
(1812, 481) 440
(1817, 481) 441
(1821, 481) 442
(1825, 481) 443
(1829, 480) 444
(1832, 480) 445
(1835, 480) 446
(1838, 480) 447
(1840, 479) 448
(1842, 479) 449
(1842, 479) 450
(1842, 479) 451
(1840, 478) 452
(1838, 478) 453
(1836, 477) 454
(1835, 477) 455
(1834, 476) 456
(1832, 476) 457
(1120, 482) 266
(1119, 482) 267
(1119, 482) 268
(1118, 482) 269
(1119, 482) 270
(1121, 482) 271
(1122, 482) 272
(1124, 482) 273
(1125, 483) 274
(1126, 483) 275
(1127, 483) 276
(1128, 483) 277
(1129, 483) 278
(1129, 483) 279
(1130, 483) 280
(1131, 483) 281
(1131, 483) 282
(1132, 484) 283
(1132, 484) 284
(1133, 484) 285
(1133, 484) 286
(1133, 484) 287
(1133, 484) 288
(1134, 484) 289
(1140, 484) 290
(1146, 484) 291
(1155, 484) 292
(1163, 484) 293
(1171, 484) 294
(1178, 484) 295
(1184, 484) 296
(1189, 484) 297
(1194, 484) 298
(1198, 484) 299
(1207, 484) 300
(1214, 484) 301
(1218, 484) 302
(1222, 483) 303
(1226, 482) 304
(1229, 482) 305
(1232, 482) 306
(1232, 481) 307
(1232, 481) 308
(1231, 480) 309
(1231, 480) 310
(1230, 479) 311
(1229, 479) 312
(1229, 479) 313
(1227, 479) 314
(1225, 478) 315
(1223, 478) 316
(1220, 478) 317
(1218, 478) 318
(1216, 477) 319
(1216, 477) 320
(1216, 477) 321
(1216, 477) 322
(1216, 477) 323
(1220, 476) 324
(1224, 476) 325
(1228, 475) 326
(1231, 475) 327
(1234, 475) 328
(1235, 475) 329
(1237, 475) 330
(1239, 475) 331
(1238, 475) 332
(1235, 474) 333
(1233, 475) 334
(1233, 475) 335
(1232, 476) 336
(1231, 476) 337
(1231, 476) 338
(1231, 477) 339
(1232, 477) 340
(1234, 477) 341
(1236, 477) 342
(1236, 478) 343
(1235, 478) 344
(1235, 478) 345
(1235, 478) 346
(1235, 478) 347
(1234, 478) 348
(1232, 478) 349
(1230, 478) 350
(1229, 478) 351
(1228, 479) 352
(1226, 479) 353
(1225, 479) 354
(1224, 479) 355
(1223, 479) 356
(1223, 479) 357
(1222, 479) 358
(1221, 479) 359
(1221, 479) 360
(1219, 479) 361
(1217, 478) 362
(1215, 477) 363
(1215, 475) 364
(1217, 475) 365
(1218, 474) 366
(1218, 473) 367
(1215, 473) 368
(1217, 472) 369
(1218, 471) 370
(1220, 471) 371
(1221, 470) 372
(1222, 469) 373
(1223, 468) 374
(1224, 468) 375
(1225, 467) 376
(1226, 466) 377
(1226, 466) 378
(1227, 465) 379
(1226, 466) 380
(1225, 466) 381
(1224, 467) 382
(1223, 467) 383
(1218, 467) 384
(1213, 467) 385
(1209, 466) 386
(1205, 466) 387
(1202, 466) 388
(1199, 466) 389
(1196, 465) 390
(1193, 465) 391
(1191, 465) 392
(1189, 465) 393
(1189, 465) 394
(1191, 464) 395
(1195, 463) 396
(1198, 463) 397
(1201, 462) 398
(1203, 462) 399
(1204, 462) 400
(1206, 461) 401
(1207, 461) 402
(1209, 461) 403
(1212, 461) 404
(1215, 461) 405
(1217, 461) 406
(1217, 461) 407
(1216, 461) 408
(1214, 462) 409
(1214, 462) 410
(1216, 462) 411
(1214, 461) 412
(1213, 461) 413
(1212, 461) 414
(1206, 462) 415
(1200, 462) 416
(1195, 462) 417
(1191, 462) 418
(1187, 462) 419
(1184, 463) 420
(1180, 463) 421
(1178, 463) 422
(1175, 463) 423
(1169, 464) 424
(1163, 464) 425
(1158, 464) 426
(1153, 465) 427
(1149, 465) 428
(1145, 465) 429
(1141, 466) 430
(1138, 466) 431
(1136, 466) 432
(1133, 467) 433
(1131, 467) 434
(1129, 467) 435
(1127, 468) 436
(1125, 468) 437
(1124, 468) 438
(1122, 469) 439
(1121, 469) 440
(1120, 469) 441
(1121, 470) 442
(1121, 470) 443
(1122, 471) 444
(1123, 471) 445
(1123, 471) 446
(1123, 472) 447
(1124, 472) 448
(1124, 473) 449
(1124, 473) 450
(1125, 474) 451
(1130, 474) 452
(213, 421) 329
(213, 420) 330
(214, 420) 331
(214, 421) 332
(213, 421) 333
(205, 421) 334
(196, 422) 335
(188, 422) 336
(187, 423) 337
(186, 424) 338
(186, 424) 339
(193, 425) 340
(198, 425) 341
(198, 426) 342
(198, 427) 343
(197, 428) 344
(197, 428) 345
(196, 429) 346
(196, 429) 347
(196, 430) 348
(196, 430) 349
(193, 430) 350
(191, 431) 351
(188, 431) 352
(186, 431) 353
(184, 431) 354
(182, 432) 355
(181, 432) 356
(179, 432) 357
(178, 432) 358
(177, 433) 359
(173, 433) 360
(173, 433) 361
(173, 433) 362
(176, 434) 363
(179, 434) 364
(182, 434) 365
(185, 435) 366
(187, 435) 367
(190, 436) 368
(193, 436) 369
(196, 437) 370
(199, 437) 371
(202, 437) 372
(206, 438) 373
(209, 438) 374
(211, 438) 375
(214, 439) 376
(216, 439) 377
(218, 439) 378
(219, 439) 379
(218, 440) 380
(216, 440) 381
(214, 440) 382
(212, 441) 383
(211, 441) 384
(209, 441) 385
(208, 441) 386
(207, 442) 387
(207, 442) 388
(212, 441) 389
(218, 441) 390
(224, 440) 391
(230, 440) 392
(237, 440) 393
(248, 440) 394
(259, 440) 395
(269, 440) 396
(280, 440) 397
(289, 440) 398
(300, 440) 399
(310, 440) 400
(322, 440) 401
(333, 440) 402
(344, 440) 403
(355, 440) 404
(362, 440) 405
(369, 440) 406
(375, 441) 407
(385, 441) 408
(395, 442) 409
(405, 441) 410
(415, 441) 411
(570, 476) 329
(576, 476) 330
(584, 476) 331
(597, 476) 332
(615, 476) 333
(631, 477) 334
(643, 477) 335
(652, 477) 336
(660, 477) 337
(667, 477) 338
(673, 477) 339
(679, 476) 340
(684, 476) 341
(682, 475) 342
(681, 474) 343
(678, 473) 344
(676, 473) 345
(676, 472) 346
(676, 471) 347
(678, 470) 348
(681, 469) 349
(684, 468) 350
(687, 467) 351
(689, 466) 352
(691, 465) 353
(693, 464) 354
(695, 463) 355
(697, 462) 356
(698, 461) 357
(699, 460) 358
(700, 459) 359
(702, 459) 360
(704, 459) 361
(705, 460) 362
(707, 460) 363
(708, 460) 364
(709, 460) 365
(710, 460) 366
(711, 460) 367
(712, 461) 368
(712, 461) 369
(713, 461) 370
(714, 461) 371
(714, 461) 372
(718, 461) 373
(722, 462) 374
(724, 462) 375
(724, 462) 376
(723, 461) 377
(721, 461) 378
(718, 460) 379
(714, 459) 380
(709, 458) 381
(705, 456) 382
(698, 454) 383
(692, 451) 384
(690, 449) 385
(688, 447) 386
(686, 445) 387
(685, 443) 388
(683, 441) 389
(676, 440) 390
(670, 438) 391
(665, 437) 392
(660, 435) 393
(656, 434) 394
(653, 432) 395
(649, 431) 396
(645, 430) 397
(646, 428) 398
(646, 427) 399
(646, 426) 400
(646, 424) 401
(645, 423) 402
(645, 422) 403
(644, 420) 404
(643, 419) 405
(643, 418) 406
(641, 417) 407
(640, 416) 408
(637, 415) 409
(635, 413) 410
(633, 412) 411
(631, 411) 412
(631, 410) 413
(634, 410) 414
(637, 410) 415
(640, 410) 416
(642, 410) 417
(645, 410) 418
(647, 410) 419
(648, 410) 420
(650, 409) 421
(651, 409) 422
(653, 409) 423
(653, 409) 424
(651, 410) 425
(648, 411) 426
(645, 411) 427
(643, 412) 428
(641, 412) 429
(639, 413) 430
(639, 414) 431
(643, 414) 432
(648, 414) 433
(654, 414) 434
(657, 414) 435
(661, 414) 436
(661, 415) 436
(666, 415) 437
(670, 415) 438
(667, 415) 439
(665, 414) 440
(664, 414) 441
(661, 414) 442
(658, 414) 443
(659, 413) 444
(660, 413) 445
(661, 413) 446
(664, 412) 447
(667, 412) 448
(673, 412) 449
(682, 412) 450
(692, 412) 451
(701, 412) 452
(710, 412) 453
(717, 412) 454
(724, 411) 455
(730, 411) 456
(736, 411) 457
(741, 411) 458
(745, 411) 459
(749, 411) 460
(753, 411) 461
(756, 411) 462
(759, 411) 463
(761, 411) 464
(764, 411) 465
(766, 411) 466
(768, 411) 467
(770, 411) 468
(771, 411) 469
(772, 411) 470
(774, 412) 471
(779, 413) 472
(782, 413) 473
(785, 414) 474
(787, 414) 475
(790, 414) 476
(792, 415) 477
(799, 416) 478
(807, 418) 479
(816, 419) 480
(826, 420) 481
(837, 421) 482
(846, 422) 483
(856, 423) 484
(864, 423) 485
(871, 424) 486
(878, 424) 487
(883, 425) 488
(885, 426) 489
(888, 426) 490
(890, 426) 491
(892, 427) 492
(891, 427) 493
(890, 427) 494
(889, 427) 495
(888, 428) 496
(886, 428) 497
(879, 429) 498
(880, 429) 499
(880, 430) 500
(880, 430) 501
(881, 431) 502
(881, 431) 503
(887, 432) 504
(898, 433) 505
(910, 434) 506
(918, 434) 507
(924, 434) 508
(927, 435) 509
(933, 435) 510
(935, 436) 511
(935, 436) 512
(940, 437) 513
(943, 438) 514
(952, 438) 515
(960, 439) 516
(969, 440) 517
(977, 441) 518
(984, 442) 519
(991, 443) 520
(994, 444) 521
(993, 444) 522
(992, 445) 523
(987, 446) 524
(984, 446) 525
(982, 447) 526
(982, 447) 527
(983, 448) 528
(985, 448) 529
(986, 449) 530
(982, 449) 531
(983, 450) 532
(983, 451) 533
(981, 451) 534
(980, 452) 535
(973, 453) 536
(969, 453) 537
(970, 454) 538
(972, 455) 539
(974, 455) 540
(975, 456) 541
(977, 457) 542
(978, 457) 543
(981, 458) 544
(985, 458) 545
(988, 459) 546
(988, 459) 547
(988, 460) 548
(989, 460) 549
(989, 461) 550
(989, 461) 551
(989, 462) 552
(984, 462) 553
(979, 462) 554
(982, 463) 555
(985, 463) 556
(985, 463) 557
(991, 464) 558
(996, 464) 559
(999, 464) 560
(1003, 464) 561
(1006, 465) 562
(1005, 465) 563
(1005, 465) 564
(1007, 465) 565
(1012, 465) 566
(1017, 465) 567
(1015, 464) 568
(1014, 464) 569
(1013, 464) 570
(1011, 464) 571
(1010, 463) 572
(1010, 463) 573
(1013, 464) 574
(1012, 464) 575
(1005, 464) 576
(1000, 464) 577
(994, 465) 578
(994, 465) 579
(1002, 465) 580
(1008, 465) 581
(1013, 466) 582
(1013, 466) 583
(1012, 465) 584
(1004, 465) 585
(997, 465) 586
(991, 465) 587
(985, 465) 588
(979, 464) 589
(975, 464) 590
(962, 464) 591
(951, 465) 592
(941, 465) 593
(929, 465) 594
(918, 465) 595
(908, 466) 596
(901, 467) 597
(896, 467) 598
(891, 468) 599
(883, 468) 600
(876, 468) 601
(869, 468) 602
(865, 469) 603
(859, 469) 604
(854, 469) 605
(850, 469) 606
(845, 470) 607
(842, 470) 608
(838, 470) 609
(835, 470) 610
(832, 471) 611
(830, 471) 612
(828, 471) 613
(826, 471) 614
(824, 472) 615
(822, 472) 616
(821, 472) 617
(819, 472) 618
(1574, 429) 382
(1574, 429) 383
(1574, 429) 384
(1574, 429) 385
(1574, 429) 386
(1574, 429) 387
(1574, 429) 388
(1574, 429) 389
(1574, 429) 390
(1574, 429) 391
(1577, 430) 392
(1579, 430) 393
(1582, 431) 394
(1584, 432) 395
(1586, 432) 396
(1588, 433) 397
(1588, 434) 398
(1589, 435) 399
(1597, 436) 400
(1600, 437) 401
(1608, 438) 402
(1616, 440) 403
(1625, 441) 404
(1632, 442) 405
(1639, 443) 406
(1644, 444) 407
(1649, 445) 408
(1654, 446) 409
(1654, 447) 410
(1653, 448) 411
(1652, 449) 412
(1654, 450) 413
(1659, 450) 414
(1665, 451) 415
(1668, 452) 416
(1671, 453) 417
(1674, 454) 418
(1677, 454) 419
(1682, 455) 420
(1687, 456) 421
(1694, 457) 422
(1694, 457) 423
(1694, 458) 424
(1693, 459) 425
(1694, 459) 426
(1696, 460) 427
(1703, 460) 428
(1705, 461) 429
(1707, 462) 430
(1708, 463) 431
(1710, 463) 432
(1711, 464) 433
(1712, 465) 434
(1712, 465) 435
(1713, 466) 436
(1714, 466) 437
(1714, 467) 438
(1715, 468) 439
(1715, 468) 440
(1714, 469) 441
(1714, 469) 442
(1705, 470) 443
(1695, 470) 444
(1686, 471) 445
(1676, 471) 446
(1667, 471) 447
(1658, 472) 448
(1655, 472) 449
(1649, 472) 450
(1640, 473) 451
(1633, 474) 452
(1624, 474) 453
(1617, 475) 454
(1610, 475) 455
(1604, 475) 456
(1599, 476) 457
(1600, 476) 458
(1604, 477) 459
(1608, 477) 460
(1610, 477) 461
(1612, 477) 462
(1617, 477) 463
(1622, 478) 464
(1627, 478) 465
(1631, 478) 466
(1635, 479) 467
(1637, 479) 468
(1638, 479) 469
(1638, 479) 470
(1632, 480) 471
(1627, 480) 472
(1620, 479) 473
(1614, 479) 474
(1609, 479) 475
(1604, 479) 476
(1600, 479) 477
(1594, 479) 478
(1590, 479) 479
(1587, 478) 480
(1583, 478) 481
(1584, 477) 482
(1583, 477) 483
(1581, 477) 484
(1579, 477) 485
(1579, 477) 486
(1577, 477) 487
(1575, 477) 488
(1574, 477) 489
(1572, 476) 490
(1574, 476) 491
(1576, 477) 492
(1577, 476) 493
(1584, 477) 494
(1589, 478) 495
(1593, 478) 496
(1598, 479) 497
(1601, 479) 498
(1604, 479) 499
(1606, 480) 500
(1607, 480) 501
(1609, 480) 502
(1610, 481) 503
(1610, 481) 504
(1608, 481) 505
(1602, 481) 506
(1599, 481) 507
(1596, 482) 508
(1593, 482) 509
(1590, 482) 510
(1588, 483) 511
(1584, 483) 512
(1580, 483) 513
(1577, 484) 514
(1574, 484) 515
(1574, 484) 516
(1574, 485) 517
(1570, 485) 518
(1565, 485) 519
(1560, 485) 520
(1558, 485) 521
(1555, 485) 522
(1552, 485) 523
(1550, 485) 524
(1548, 485) 525
(1544, 485) 526
(1540, 485) 527
(1535, 485) 528
(1531, 485) 529
(1528, 485) 530
(1525, 485) 531
(1522, 485) 532
(1520, 485) 533
(1518, 486) 534
(1518, 486) 535
(1521, 486) 536
(1521, 486) 537
(1525, 486) 538
(1530, 486) 539
(1534, 486) 540
(1538, 486) 541
(1542, 485) 542
(1547, 485) 543
(1553, 485) 544
(1554, 485) 545
(1554, 485) 546
(1555, 485) 547
(1557, 486) 548
(1560, 485) 549
(1563, 485) 550
(1565, 485) 551
(1568, 485) 552
(1570, 485) 553
(1573, 485) 554
(1576, 485) 555
(1576, 485) 556
(1576, 485) 557
(1577, 485) 558
(1575, 486) 559
(496, 442) 487
(496, 442) 488
(498, 442) 489
(498, 442) 490
(494, 442) 491
(488, 443) 492
(483, 444) 493
(478, 445) 494
(474, 446) 495
(470, 446) 496
(465, 447) 497
(463, 448) 498
(461, 448) 499
(459, 449) 500
(456, 449) 501
(452, 450) 502
(441, 450) 503
(429, 451) 504
(417, 451) 505
(406, 451) 506
(396, 452) 507
(386, 452) 508
(380, 452) 509
(375, 453) 510
(363, 453) 511
(353, 453) 512
(343, 453) 513
(334, 452) 514
(326, 452) 515
(321, 452) 516
(314, 452) 517
(308, 451) 518
(302, 451) 519
(297, 451) 520
(297, 451) 521
(297, 450) 522
(296, 450) 523
(287, 450) 524
(275, 451) 525
(264, 452) 526
(253, 452) 527
(242, 453) 528
(233, 454) 529
(225, 454) 530
(218, 455) 531
(211, 456) 532
(205, 456) 533
(200, 457) 534
(195, 458) 535
(191, 458) 536
(190, 459) 537
(188, 459) 538
(188, 460) 539
(196, 460) 540
(207, 460) 541
(219, 460) 542
(227, 460) 543
(235, 460) 544
(243, 460) 545
(250, 460) 546
(257, 460) 547
(259, 459) 548
(262, 459) 549
(264, 458) 550
(267, 457) 551
(270, 457) 552
(270, 456) 553
(270, 456) 554
(274, 456) 555
(457, 484) 516
(460, 484) 517
(463, 484) 518
(465, 484) 519
(468, 484) 520
(470, 484) 521
(478, 483) 522
(484, 483) 523
(485, 481) 524
(484, 480) 525
(483, 480) 526
(482, 479) 527
(481, 479) 528
(478, 479) 529
(475, 479) 530
(469, 479) 531
(464, 479) 532
(458, 479) 533
(453, 479) 534
(453, 479) 535
(455, 479) 536
(458, 479) 537
(462, 480) 538
(469, 480) 539
(479, 480) 540
(488, 480) 541
(495, 481) 542
(503, 481) 543
(509, 481) 544
(515, 481) 545
(520, 481) 546
(524, 481) 547
(529, 482) 548
(532, 482) 549
(536, 482) 550
(539, 482) 551
(541, 482) 552
(544, 482) 553
(546, 482) 554
(548, 483) 555
(550, 483) 556
(552, 481) 557
(554, 480) 558
(556, 479) 559
(556, 478) 560
(559, 477) 561
(562, 477) 562
(565, 476) 563
(567, 476) 564
(570, 475) 565
(571, 474) 566
(573, 474) 567
(577, 474) 568
(581, 475) 569
(589, 475) 570
(595, 473) 571
(606, 472) 572
(616, 471) 573
(625, 470) 574
(639, 470) 575
(651, 469) 576
(663, 469) 577
(673, 468) 578
(688, 468) 579
(702, 468) 580
(712, 468) 581
(722, 467) 582
(731, 467) 583
(1227, 488) 552
(1226, 488) 553
(1224, 487) 554
(1222, 487) 555
(1221, 486) 556
(1219, 486) 557
(1218, 485) 558
(1217, 485) 559
(1216, 484) 560
(1215, 484) 561
(1214, 484) 562
(1214, 483) 563
(1213, 483) 564
(1212, 482) 565
(1212, 482) 566
(1211, 482) 567
(1208, 482) 568
(1205, 482) 569
(1203, 482) 570
(1202, 482) 571
(1201, 482) 572
(1200, 481) 573
(1199, 481) 574
(1196, 481) 575
(1193, 481) 576
(1190, 481) 577
(1191, 481) 578
(1188, 481) 579
(1184, 481) 580
(1180, 481) 581
(1176, 481) 582
(1176, 481) 583
(1173, 481) 584
(1170, 481) 585
(1172, 482) 586
(1174, 482) 587
(1183, 484) 588
(1191, 484) 589
(1198, 485) 590
(1204, 486) 591
(1210, 487) 592
(1215, 488) 593
(1226, 487) 594
(1236, 487) 595
(1245, 486) 596
(1253, 486) 597
(1255, 486) 598
(1264, 486) 599
(1273, 485) 600
(1281, 485) 601
(1289, 485) 602
(1297, 484) 603
(1304, 484) 604
(1310, 484) 605
(1315, 483) 606
(1320, 483) 607
(1325, 483) 608
(1329, 482) 609
(1332, 482) 610
(1336, 482) 611
(1339, 481) 612
(1341, 481) 613
(1344, 481) 614
