(872, 483) 20
(870, 483) 21
(870, 483) 22
(869, 483) 23
(868, 483) 24
(867, 483) 25
(874, 483) 26
(881, 483) 27
(886, 483) 28
(891, 483) 29
(897, 483) 30
(901, 483) 31
(905, 483) 32
(911, 483) 33
(916, 483) 34
(922, 483) 35
(928, 483) 36
(933, 482) 37
(937, 482) 38
(943, 482) 39
(947, 482) 40
(950, 482) 41
(953, 482) 42
(957, 482) 43
(957, 482) 44
(957, 482) 45
(954, 482) 46
(952, 482) 47
(949, 483) 48
(948, 483) 49
(945, 483) 50
(942, 483) 51
(943, 483) 52
(945, 483) 53
(946, 483) 54
(946, 483) 55
(946, 483) 56
(945, 483) 57
(946, 483) 58
(946, 483) 59
(947, 483) 60
(947, 483) 61
(948, 483) 62
(949, 482) 63
(950, 482) 64
(951, 483) 65
(955, 482) 66
(958, 482) 67
(958, 482) 68
(959, 482) 69
(960, 482) 70
(960, 482) 71
(961, 482) 72
(964, 481) 73
(965, 481) 74
(969, 481) 75
(973, 481) 76
(970, 481) 77
(968, 481) 78
(967, 481) 79
(960, 481) 80
(954, 481) 81
(948, 481) 82
(943, 481) 83
(944, 480) 84
(947, 480) 85
(950, 480) 86
(953, 480) 87
(953, 480) 88
(955, 480) 89
(955, 480) 90
(961, 480) 91
(963, 480) 92
(969, 481) 93
(973, 481) 94
(977, 481) 95
(980, 481) 96
(980, 481) 97
(977, 481) 98
(973, 481) 99
(966, 481) 100
(967, 481) 101
(966, 481) 102
(966, 481) 103
(965, 481) 104
(966, 481) 105
(969, 482) 106
(966, 482) 107
(968, 482) 108
(970, 482) 109
(970, 482) 110
(970, 482) 111
(971, 482) 112
(971, 482) 113
(974, 482) 114
(975, 482) 115
(982, 482) 116
(982, 482) 117
(983, 482) 118
(982, 482) 119
(982, 482) 120
(979, 483) 121
(977, 483) 122
(975, 483) 123
(974, 483) 124
(974, 483) 125
(974, 483) 126
(972, 483) 127
(972, 484) 128
(968, 484) 129
(965, 484) 130
(962, 484) 131
(959, 484) 132
(961, 484) 133
(959, 484) 134
(955, 484) 135
(952, 485) 136
(944, 485) 137
(938, 485) 138
(937, 485) 139
(934, 485) 140
(933, 485) 141
(930, 484) 142
(927, 485) 143
(927, 485) 144
(927, 485) 145
(925, 485) 146
(922, 485) 147
(915, 485) 148
(908, 485) 149
(902, 485) 150
(896, 485) 151
(898, 485) 152
(900, 485) 153
(900, 485) 154
(900, 485) 155
(901, 485) 156
(905, 485) 157
(908, 485) 158
(911, 485) 159
(914, 485) 160
(916, 485) 161
(914, 485) 162
(915, 485) 163
(917, 485) 164
(919, 485) 165
(922, 485) 166
(923, 485) 167
(929, 485) 168
(929, 485) 169
(929, 485) 170
(934, 485) 171
(936, 485) 172
(935, 485) 173
(934, 486) 174
(933, 486) 175
(933, 486) 176
(936, 486) 177
(939, 485) 178
(940, 485) 179
(941, 485) 180
(941, 486) 181
(941, 485) 182
(948, 485) 183
(946, 485) 184
(947, 485) 185
(947, 485) 186
(949, 485) 187
(948, 485) 188
(945, 485) 189
(945, 485) 190
(944, 485) 191
(942, 485) 192
(939, 485) 193
(932, 485) 194
(920, 485) 195
(910, 485) 196
(896, 485) 197
(883, 484) 198
(872, 484) 199
(862, 483) 200
(856, 483) 201
(858, 483) 202
(860, 483) 203
(866, 483) 204
(866, 484) 205
(866, 484) 206
(870, 484) 207
(871, 484) 208
(872, 483) 209
(874, 483) 210
(875, 483) 211
(875, 482) 212
(874, 483) 213
(875, 482) 214
(875, 483) 215
(875, 483) 216
(880, 484) 217
(885, 484) 218
(887, 485) 219
(887, 486) 220
(884, 487) 221
(879, 488) 222
(874, 489) 223
(870, 490) 224
(867, 491) 225
(863, 492) 226
(860, 492) 227
(860, 493) 228
(860, 494) 229
(859, 494) 230
(859, 495) 231
(859, 496) 232
(858, 496) 233
(858, 497) 234
(858, 497) 235
(858, 498) 236
(858, 499) 237
(857, 499) 238
(857, 500) 239
(857, 500) 240
(857, 501) 241
(857, 501) 242
(857, 502) 243
(857, 502) 244
(857, 503) 245
(857, 503) 246
(857, 504) 247
(855, 503) 248
(442, 486) 162
(442, 486) 163
(442, 486) 164
(445, 485) 165
(448, 485) 166
(451, 485) 167
(453, 485) 168
(455, 485) 169
(458, 485) 170
(460, 485) 171
(459, 485) 172
(457, 485) 173
(456, 485) 174
(455, 485) 175
(449, 485) 176
(445, 485) 177
(440, 484) 178
(436, 484) 179
(433, 484) 180
(430, 483) 181
(427, 483) 182
(425, 483) 183
(422, 482) 184
(420, 482) 185
(418, 482) 186
(417, 482) 187
(415, 481) 188
(414, 481) 189
(414, 481) 190
(414, 481) 191
(415, 481) 192
(421, 481) 193
(426, 481) 194
(431, 481) 195
(435, 482) 196
(439, 482) 197
(443, 482) 198
(446, 482) 199
(449, 482) 200
(451, 483) 201
(454, 483) 202
(456, 483) 203
(458, 483) 204
(459, 483) 205
(461, 483) 206
(462, 483) 207
(463, 484) 208
(464, 484) 209
(465, 484) 210
(466, 484) 211
(467, 484) 212
(468, 484) 213
(468, 484) 214
(466, 485) 215
(460, 485) 216
(455, 486) 217
(452, 486) 218
(449, 486) 219
(448, 486) 220
(447, 486) 221
(448, 486) 222
(449, 487) 223
(451, 487) 224
(451, 487) 225
(452, 487) 226
(452, 487) 227
(452, 488) 228
(452, 488) 229
(453, 488) 230
(453, 488) 231
(453, 488) 232
(453, 488) 233
(453, 488) 234
(453, 488) 235
(454, 488) 236
(454, 488) 237
(460, 489) 238
(464, 491) 239
(469, 491) 240
(472, 493) 241
(474, 494) 242
(477, 496) 243
(479, 497) 244
(481, 497) 245
(479, 498) 246
(478, 500) 247
(478, 502) 248
(478, 503) 249
(479, 505) 250
(479, 506) 251
(479, 508) 252
(485, 510) 253
(492, 511) 254
(499, 513) 255
(505, 514) 256
(509, 516) 257
(513, 518) 258
(516, 520) 259
(520, 521) 260
(524, 523) 261
(528, 524) 262
(535, 525) 263
(541, 527) 264
(545, 527) 265
(549, 528) 266
(554, 528) 267
(555, 529) 268
(557, 529) 269
(558, 530) 270
(559, 530) 271
(561, 530) 272
(562, 531) 273
(563, 531) 274
(563, 531) 275
(560, 532) 276
(556, 532) 277
(552, 532) 278
(544, 531) 279
(537, 531) 280
(531, 530) 281
(525, 530) 282
(519, 530) 283
(513, 530) 284
(515, 530) 285
(516, 530) 286
(525, 530) 287
(533, 530) 288
(540, 530) 289
(538, 530) 290
(537, 530) 291
(535, 530) 292
(530, 530) 293
(524, 531) 294
(512, 531) 295
(501, 531) 296
(491, 532) 297
(487, 533) 298
(486, 534) 299
(484, 535) 300
(482, 536) 301
(480, 537) 302
(476, 536) 303
(472, 536) 304
(471, 536) 305
(468, 536) 306
(468, 537) 307
(468, 537) 308
(462, 536) 309
(455, 537) 310
(449, 537) 311
(444, 539) 312
(438, 539) 313
(431, 539) 314
(425, 539) 315
(418, 538) 316
(420, 539) 317
(420, 540) 318
(416, 540) 319
(411, 541) 320
(407, 542) 321
(403, 543) 322
(399, 544) 323
(396, 544) 324
(393, 545) 325
(390, 546) 326
(388, 547) 327
(386, 547) 328
(384, 548) 329
(384, 549) 330
(386, 549) 331
(390, 549) 332
(394, 549) 333
(397, 549) 334
(400, 549) 335
(402, 549) 336
(404, 549) 337
(407, 549) 338
(411, 548) 339
(418, 548) 340
(422, 547) 341
(428, 546) 342
(433, 546) 343
(439, 545) 344
(444, 544) 345
(449, 543) 346
(450, 543) 347
(451, 542) 348
(452, 542) 349
(452, 541) 350
(452, 541) 351
(1141, 470) 197
(1141, 470) 198
(1141, 470) 199
(1141, 470) 200
(1140, 470) 201
(1144, 469) 202
(1147, 468) 203
(1150, 468) 204
(1153, 467) 205
(1156, 466) 206
(1158, 466) 207
(1160, 465) 208
(1162, 464) 209
(1163, 464) 210
(1165, 463) 211
(1166, 462) 212
(1167, 462) 213
(1168, 461) 214
(1169, 461) 215
(1170, 460) 216
(1171, 459) 217
(1172, 460) 218
(1181, 461) 219
(1189, 462) 220
(1196, 463) 221
(1194, 464) 222
(1193, 465) 223
(1192, 466) 224
(1190, 467) 225
(1189, 468) 226
(1188, 469) 227
(1188, 470) 228
(1187, 471) 229
(1187, 472) 230
(1193, 473) 231
(1198, 474) 232
(1201, 476) 233
(1205, 477) 234
(1208, 479) 235
(1211, 480) 236
(1213, 481) 237
(1216, 483) 238
(1225, 484) 239
(1235, 485) 240
(1245, 486) 241
(1251, 487) 242
(1258, 488) 243
(1264, 489) 244
(1269, 490) 245
(1273, 491) 246
(1278, 491) 247
(1281, 492) 248
(1285, 493) 249
(1288, 494) 250
(1290, 495) 251
(1291, 496) 252
(1290, 496) 253
(1290, 497) 254
(1291, 498) 255
(1295, 498) 256
(1298, 499) 257
(1301, 500) 258
(1303, 500) 259
(1305, 501) 260
(1307, 502) 261
(1309, 502) 262
(1313, 503) 263
(1318, 504) 264
(1322, 505) 265
(1326, 505) 266
(1334, 505) 267
(806, 528) 273
(805, 528) 274
(804, 527) 275
(803, 527) 276
(803, 527) 277
(796, 527) 278
(790, 526) 279
(785, 526) 280
(780, 526) 281
(776, 525) 282
(772, 525) 283
(768, 525) 284
(765, 525) 285
(762, 524) 286
(760, 524) 287
(750, 524) 288
(738, 524) 289
(728, 525) 290
(719, 525) 291
(710, 525) 292
(702, 525) 293
(695, 524) 294
(688, 524) 295
(682, 524) 296
(677, 523) 297
(672, 523) 298
(668, 523) 299
(664, 522) 300
(660, 522) 301
(660, 522) 302
(659, 522) 303
(658, 522) 304
(657, 522) 305
(652, 522) 306
(647, 523) 307
(643, 523) 308
(635, 524) 309
(628, 525) 310
(624, 526) 311
(624, 526) 312
(623, 526) 313
(622, 526) 314
(621, 526) 315
(619, 526) 316
(617, 525) 317
(616, 525) 318
(616, 525) 319
(614, 525) 320
(608, 526) 321
(600, 527) 322
(585, 529) 323
(570, 530) 324
(558, 531) 325
(546, 532) 326
(532, 533) 327
(521, 534) 328
(504, 535) 329
(490, 536) 330
(470, 536) 331
(456, 537) 332
(445, 538) 333
(434, 539) 334
(424, 540) 335
(418, 541) 336
(417, 541) 337
(417, 541) 338
(410, 541) 339
(403, 540) 340
(397, 540) 341
(391, 540) 342
(386, 540) 343
(381, 540) 344
(376, 540) 345
(372, 539) 346
(369, 539) 347
(365, 539) 348
(363, 539) 349
(360, 539) 350
(360, 539) 351
(363, 539) 352
(368, 539) 353
(372, 540) 354
(375, 540) 355
(379, 542) 356
(382, 542) 357
(380, 542) 358
(380, 542) 359
(380, 542) 360
(374, 543) 361
(368, 544) 362
(362, 545) 363
(364, 545) 364
(365, 546) 365
(367, 546) 366
(368, 547) 367
(368, 547) 368
(370, 549) 369
(373, 550) 370
(372, 551) 371
(365, 553) 372
(353, 554) 373
(337, 555) 374
(327, 556) 375
(323, 557) 376
(318, 559) 377
(308, 562) 378
(303, 563) 379
(299, 565) 380
(295, 566) 381
(292, 568) 382
(289, 569) 383
(286, 571) 384
(284, 572) 385
(282, 573) 386
(284, 575) 387
(286, 577) 388
(286, 579) 389
(286, 580) 390
(286, 582) 391
(286, 584) 392
(285, 585) 393
(285, 587) 394
(284, 589) 395
(284, 590) 396
(290, 592) 397
(295, 595) 398
(300, 597) 399
(298, 600) 400
(292, 602) 401
(287, 605) 402
(282, 607) 403
(278, 609) 404
(274, 612) 405
(271, 614) 406
(268, 616) 407
(265, 618) 408
(262, 620) 409
(260, 622) 410
(258, 624) 411
(256, 626) 412
(255, 628) 413
(253, 630) 414
(252, 632) 415
(251, 634) 416
(251, 636) 417
(252, 638) 418
(253, 638) 419
(255, 639) 420
(256, 641) 421
(257, 643) 422
(1523, 560) 282
(1523, 560) 283
(1527, 560) 284
(1530, 560) 285
(1533, 561) 286
(1536, 561) 287
(1538, 562) 288
(1535, 563) 289
(1535, 564) 290
(1535, 564) 291
(1535, 564) 292
(1535, 564) 293
(1536, 565) 294
(1536, 565) 295
(1536, 565) 296
(1536, 565) 297
(1531, 565) 298
(1526, 565) 299
(1521, 564) 300
(1516, 565) 301
(1511, 566) 302
(1506, 567) 303
(1502, 568) 304
(1499, 569) 305
(1496, 570) 306
(1493, 571) 307
(1490, 572) 308
(1488, 573) 309
(1488, 574) 310
(1488, 575) 311
(1492, 575) 312
(1498, 575) 313
(1504, 576) 314
(1510, 576) 315
(1516, 578) 316
(1520, 579) 317
(1523, 580) 318
(1530, 582) 319
(1536, 583) 320
(1541, 585) 321
(1546, 586) 322
(1553, 587) 323
(1560, 587) 324
(1562, 588) 325
(1568, 588) 326
(1567, 589) 327
(1567, 590) 328
(1567, 592) 329
(1570, 592) 330
(1573, 593) 331
(1577, 594) 332
(1576, 595) 333
(1574, 597) 334
(1573, 598) 335
(1573, 600) 336
(1580, 601) 337
(1582, 602) 338
(1583, 603) 339
(1585, 604) 340
(1587, 606) 341
(1592, 607) 342
(1591, 607) 343
(1594, 608) 344
(1603, 610) 345
(1612, 612) 346
(1619, 613) 347
(1626, 615) 348
(1632, 616) 349
(1637, 618) 350
(1643, 619) 351
(1649, 620) 352
(1653, 621) 353
(1658, 622) 354
(1662, 623) 355
(1664, 623) 356
(1666, 624) 357
(1669, 625) 358
(1672, 625) 359
(1675, 626) 360
(1677, 626) 361
(1679, 626) 362
(1686, 626) 363
(1692, 627) 364
(1698, 626) 365
(1703, 626) 366
(1708, 626) 367
(1713, 626) 368
(1718, 625) 369
(1723, 625) 370
(1728, 624) 371
(1733, 623) 372
(1738, 622) 373
(1743, 620) 374
(1748, 619) 375
(1753, 617) 376
(1757, 616) 377
(1767, 614) 378
(1775, 613) 379
(1782, 611) 380
(1787, 610) 381
(1786, 608) 382
(1785, 607) 383
(1782, 605) 384
(1780, 603) 385
(1778, 602) 386
(1772, 599) 387
(1767, 596) 388
(1762, 593) 389
(1757, 590) 390
(1753, 588) 391
(1749, 585) 392
(1746, 582) 393
(1744, 580) 394
(1743, 577) 395
(1737, 575) 396
(940, 443) 306
(938, 443) 307
(937, 443) 308
(934, 443) 309
(929, 444) 310
(930, 444) 311
(930, 444) 312
(930, 445) 313
(930, 446) 314
(930, 446) 315
(928, 447) 316
(926, 447) 317
(925, 448) 318
(924, 448) 319
(923, 449) 320
(923, 450) 321
(924, 450) 322
(924, 451) 323
(924, 451) 324
(923, 452) 325
(922, 452) 326
(921, 453) 327
(921, 454) 328
(924, 454) 329
(929, 453) 330
(933, 453) 331
(935, 453) 332
(936, 453) 333
(941, 453) 334
(945, 452) 335
(948, 452) 336
(951, 451) 337
(953, 451) 338
(954, 451) 339
(956, 451) 340
(958, 451) 341
(959, 450) 342
(959, 451) 343
(960, 452) 344
(960, 452) 345
(962, 452) 346
(960, 453) 347
(959, 454) 348
(954, 454) 349
(948, 455) 350
(945, 455) 351
(942, 455) 352
(942, 456) 353
(947, 455) 354
(959, 454) 355
(968, 454) 356
(974, 455) 357
(982, 455) 358
(990, 455) 359
(996, 454) 360
(1000, 454) 361
(1001, 453) 362
(1001, 453) 363
(1000, 452) 364
(992, 452) 365
(985, 452) 366
(982, 452) 367
(980, 453) 368
(978, 453) 369
(976, 453) 370
(975, 454) 371
(974, 454) 372
(972, 455) 373
(966, 455) 374
(964, 456) 375
(962, 456) 376
(958, 456) 377
(958, 456) 378
(957, 456) 379
(958, 457) 380
(959, 457) 381
(959, 457) 382
(959, 458) 383
(959, 458) 384
(958, 459) 385
(955, 459) 386
(953, 460) 387
(953, 460) 388
(953, 461) 389
(954, 461) 390
(958, 460) 391
(958, 460) 392
(959, 461) 393
(959, 461) 394
(960, 462) 395
(961, 462) 396
(960, 462) 397
(960, 462) 398
(960, 462) 399
(955, 461) 400
(951, 461) 401
(953, 460) 402
(954, 460) 403
(955, 460) 404
(956, 459) 405
(956, 460) 406
(955, 462) 407
(955, 463) 408
(955, 464) 409
(954, 465) 410
(954, 466) 411
(954, 467) 412
(950, 467) 413
(946, 467) 414
(940, 466) 415
(937, 466) 416
(934, 467) 417
(934, 467) 418
(932, 467) 419
(929, 468) 420
(927, 468) 421
(926, 469) 422
(922, 469) 423
(922, 470) 424
(921, 470) 425
(918, 470) 426
(913, 471) 427
(911, 471) 428
(902, 472) 429
(893, 472) 430
(886, 472) 431
(879, 472) 432
(873, 472) 433
(867, 473) 434
(862, 473) 435
(858, 473) 436
(854, 473) 437
(850, 473) 438
(847, 474) 439
(844, 474) 440
(842, 474) 441
(839, 474) 442
(837, 474) 443
(835, 475) 444
(834, 475) 445
(832, 475) 446
(831, 475) 447
(831, 476) 448
(1486, 603) 451
(1486, 603) 452
(1486, 603) 453
(1486, 603) 454
(1486, 603) 455
(1486, 603) 456
(1486, 603) 457
(1486, 603) 458
(1486, 603) 459
(1486, 603) 460
(1486, 603) 461
(1486, 603) 462
(1486, 603) 463
(1486, 603) 464
(1486, 603) 465
(1486, 603) 466
(1486, 603) 467
(1483, 603) 468
(1480, 604) 469
(1479, 604) 470
(1478, 605) 471
(1477, 606) 472
(1474, 605) 473
(1471, 604) 474
(1468, 604) 475
(1467, 603) 476
(1467, 603) 477
(1466, 602) 478
(1465, 602) 479
(1464, 602) 480
(1463, 602) 481
(1461, 602) 482
(1460, 602) 483
(1459, 603) 484
(1458, 603) 485
(1457, 603) 486
(1457, 604) 487
(1456, 604) 488
(1454, 605) 489
(1454, 604) 490
(1451, 604) 491
(1448, 604) 492
(1451, 604) 493
(1451, 604) 494
(1445, 603) 495
(1439, 602) 496
(1434, 602) 497
(1434, 601) 498
(1434, 601) 499
(1433, 600) 500
(1433, 600) 501
(1431, 599) 502
(1434, 598) 503
(1436, 597) 504
(1437, 596) 505
(1432, 596) 506
(1423, 594) 507
(1416, 593) 508
(1409, 592) 509
(1406, 590) 510
(1404, 589) 511
(1403, 588) 512
(1397, 586) 513
(1391, 584) 514
(1393, 582) 515
(1394, 579) 516
(1395, 577) 517
(1395, 575) 518
(1392, 573) 519
(1389, 571) 520
(1385, 570) 521
(1385, 568) 522
(1385, 566) 523
(1384, 565) 524
(1384, 563) 525
(1384, 561) 526
(1384, 560) 527
(1383, 558) 528
(1383, 557) 529
(1383, 555) 530
(1383, 554) 531
(1383, 553) 532
(1383, 551) 533
(1382, 550) 534
(1382, 549) 535
(1382, 547) 536
(1382, 546) 537
(1382, 545) 538
(1376, 544) 539
(1370, 544) 540
(1366, 543) 541
(1364, 543) 542
(1360, 543) 543
(1356, 543) 544
(1353, 543) 545
(1343, 543) 546
(1340, 543) 547
(1338, 543) 548
(1335, 542) 549
(1333, 542) 550
(1331, 542) 551
(1330, 541) 552
(1328, 541) 553
(1327, 541) 554
(1326, 540) 555
(1325, 540) 556
(1324, 540) 557
(1321, 539) 558
(1317, 539) 559
(1312, 539) 560
(1308, 538) 561
(1304, 538) 562
(1300, 538) 563
(1288, 538) 564
(1284, 537) 565
(1280, 537) 566
(1276, 537) 567
(1273, 537) 568
(1269, 537) 569
(1266, 537) 570
(1264, 536) 571
(1260, 537) 572
(1257, 537) 573
(1252, 537) 574
(1245, 537) 575
(1239, 537) 576
(1233, 537) 577
(1227, 538) 578
(1221, 538) 579
(1217, 538) 580
(1212, 538) 581
(1209, 538) 582
(1210, 537) 583
(1211, 536) 584
(1212, 535) 585
(1213, 534) 586
(1213, 533) 587
(1214, 532) 588
(1214, 531) 589
(1215, 530) 590
(1215, 530) 591
(1215, 529) 592
(1215, 528) 593
(1215, 526) 594
(1215, 524) 595
(1215, 522) 596
(1215, 520) 597
(1215, 518) 598
(1215, 516) 599
(1215, 514) 600
(1215, 513) 601
(1215, 511) 602
(1215, 509) 603
(1215, 507) 604
(1215, 506) 605
(1215, 504) 606
(1215, 502) 607
(1214, 501) 608
(1213, 501) 609
(1212, 500) 610
(1211, 499) 611
(1210, 498) 612
(1205, 497) 613
(1201, 496) 614
(1197, 495) 615
(1194, 495) 616
(1192, 495) 617
(1190, 495) 618
(1189, 495) 619
(1188, 495) 620
(1187, 495) 621
(1185, 496) 622
(1184, 496) 623
(1184, 496) 624
(1183, 496) 625
(1182, 496) 626
(1181, 497) 627
(1180, 497) 628
(185, 699) 457
(185, 699) 458
(185, 699) 459
(185, 699) 460
(186, 699) 461
(186, 699) 462
(186, 699) 463
(187, 699) 464
(187, 699) 465
(187, 699) 466
(187, 699) 467
(187, 699) 468
(188, 699) 469
(188, 700) 470
(184, 701) 471
(181, 703) 472
(178, 704) 473
(174, 704) 474
(170, 705) 475
(167, 705) 476
(163, 706) 477
(162, 707) 478
(161, 708) 479
(160, 709) 480
(158, 708) 481
(156, 707) 482
(155, 706) 483
(153, 706) 484
(151, 705) 485
(150, 704) 486
(148, 704) 487
(140, 704) 488
(134, 703) 489
(133, 703) 490
(128, 702) 491
(123, 702) 492
(118, 701) 493
(114, 701) 494
(111, 700) 495
(99, 700) 496
(89, 700) 497
(80, 700) 498
(72, 700) 499
(66, 700) 500
(60, 700) 501
(54, 699) 502
(50, 699) 503
(47, 699) 504
(44, 699) 505
(44, 699) 506
(39, 699) 507
(35, 699) 508
(31, 699) 509
(28, 699) 510
(24, 699) 511
(22, 698) 512
(19, 698) 513
(16, 698) 514
(14, 698) 515
(12, 698) 516
(10, 697) 517
(10, 697) 518
(11, 697) 519
(12, 697) 520
(11, 696) 521
(8, 696) 522
(9, 696) 523
(1931, 695) 524
(1925, 695) 525
(1921, 695) 526
(1918, 694) 527
(1916, 693) 528
(1916, 691) 529
(1915, 689) 530
(1915, 687) 531
(1915, 686) 532
(1915, 684) 533
(1915, 681) 534
(1914, 679) 535
(1913, 677) 536
(1913, 676) 537
(1913, 674) 538
(1912, 672) 539
(406, 551) 498
(406, 550) 499
(405, 550) 500
(404, 550) 501
(403, 550) 502
(400, 548) 503
(399, 545) 504
(399, 543) 505
(399, 541) 506
(401, 540) 507
(403, 539) 508
(404, 539) 509
(408, 538) 510
(415, 537) 511
(423, 536) 512
(427, 534) 513
(428, 533) 514
(434, 532) 515
(439, 531) 516
(444, 530) 517
(452, 529) 518
(454, 529) 519
(459, 527) 520
(464, 526) 521
(471, 526) 522
(478, 526) 523
(481, 526) 524
(487, 526) 525
(492, 526) 526
(496, 527) 527
(500, 527) 528
(505, 526) 529
(509, 526) 530
(508, 527) 531
(509, 529) 532
(510, 530) 533
(509, 531) 534
(509, 532) 535
(509, 534) 536
(508, 535) 537
(508, 536) 538
(506, 537) 539
(505, 538) 540
(504, 539) 541
(501, 540) 542
(497, 541) 543
(494, 541) 544
(491, 542) 545
(489, 543) 546
(486, 543) 547
(486, 544) 548
(485, 545) 549
(483, 546) 550
(473, 547) 551
(462, 546) 552
(451, 546) 553
(440, 546) 554
(423, 545) 555
(406, 543) 556
(385, 541) 557
(364, 540) 558
(346, 538) 559
(328, 536) 560
(313, 534) 561
(298, 532) 562
(281, 531) 563
(264, 530) 564
(247, 530) 565
(1330, 275) 501
(1330, 275) 502
(1332, 275) 503
(1332, 276) 504
(1336, 276) 505
(1337, 277) 506
(1338, 277) 507
(1339, 278) 508
(1340, 279) 509
(1342, 280) 510
(1344, 281) 511
(1346, 283) 512
(1349, 284) 513
(1351, 285) 514
(1353, 286) 515
(1355, 287) 516
(1356, 289) 517
(1357, 290) 518
(1359, 291) 519
(1360, 292) 520
(1361, 293) 521
(1362, 294) 522
(1369, 296) 523
(1377, 298) 524
(1385, 299) 525
(1392, 301) 526
(1399, 303) 527
(1407, 304) 528
(1415, 306) 529
(1422, 307) 530
(1429, 309) 531
(1437, 310) 532
(1444, 312) 533
(1451, 313) 534
(1458, 315) 535
(1464, 316) 536
(1471, 318) 537
(1477, 319) 538
(1483, 320) 539
(1490, 322) 540
(1496, 323) 541
(1503, 325) 542
(1510, 326) 543
(1516, 327) 544
(1523, 328) 545
(1530, 329) 546
(1537, 331) 547
(1544, 332) 548
(1551, 333) 549
(1557, 334) 550
(1563, 335) 551
(1570, 336) 552
(1576, 336) 553
(1581, 337) 554
(1586, 338) 555
(1591, 339) 556
(1594, 340) 557
(1598, 341) 558
(1601, 342) 559
(1604, 343) 560
(1607, 344) 561
(1609, 346) 562
(1611, 347) 563
(1612, 348) 564
(1613, 349) 565
(1614, 350) 566
(1614, 351) 567
(1614, 352) 568
(1618, 352) 569
(1617, 353) 570
(1616, 354) 571
(1615, 355) 572
(1613, 356) 573
(1611, 357) 574
(1610, 357) 575
(1608, 358) 576
(1604, 361) 577
(1601, 363) 578
(1597, 365) 579
(1594, 367) 580
(1592, 369) 581
(1587, 373) 582
(1585, 375) 583
(1580, 378) 584
(1576, 382) 585
(1572, 385) 586
(1568, 389) 587
(1565, 392) 588
(1562, 395) 589
(1560, 398) 590
(1557, 401) 591
(1555, 404) 592
(1556, 408) 593
(1555, 412) 594
(1555, 416) 595
(1555, 420) 596
(1555, 423) 597
(1555, 427) 598
(1556, 431) 599
(1555, 435) 600
(1554, 438) 601
(1551, 442) 602
(739, 583) 541
(739, 583) 542
(739, 583) 543
(739, 583) 544
(739, 583) 545
(739, 583) 546
(739, 583) 547
(745, 582) 548
(750, 581) 549
(755, 580) 550
(767, 578) 551
(776, 576) 552
(785, 574) 553
(800, 572) 554
(814, 570) 555
(825, 568) 556
(839, 566) 557
(851, 563) 558
(863, 560) 559
(873, 557) 560
(881, 554) 561
(889, 552) 562
(896, 549) 563
(903, 547) 564
(910, 545) 565
(915, 543) 566
(919, 540) 567
(923, 538) 568
(927, 536) 569
(930, 534) 570
(933, 531) 571
(936, 529) 572
(938, 527) 573
(939, 525) 574
(942, 523) 575
(944, 521) 576
(946, 519) 577
(949, 517) 578
(951, 515) 579
(953, 512) 580
(955, 511) 581
(956, 509) 582
(957, 507) 583
(957, 504) 584
(956, 502) 585
(956, 500) 586
(956, 498) 587
(956, 495) 588
(956, 493) 589
(957, 492) 590
(960, 491) 591
(959, 490) 592
(959, 489) 593
(959, 487) 594
(959, 487) 595
(959, 487) 596
(963, 487) 597
(967, 486) 598
(969, 485) 599
(971, 484) 600
(972, 484) 601
(973, 483) 602
(974, 482) 603
(974, 481) 604
(980, 480) 605
(987, 480) 606
(991, 479) 607
(987, 479) 608
(982, 479) 609
(975, 479) 610
(969, 479) 611
(970, 480) 612
(969, 480) 613
(970, 481) 614
(969, 481) 615
(962, 481) 616
(959, 481) 617
(957, 482) 618
(957, 482) 619
(957, 483) 620
(960, 483) 621
(968, 484) 622
(973, 484) 623
(979, 484) 624
(985, 485) 625
(989, 485) 626
(985, 486) 627
(982, 486) 628
(982, 486) 629
(985, 487) 630
(983, 487) 631
(983, 487) 632
(986, 487) 633
(989, 487) 634
(992, 488) 635
(996, 489) 636
(1000, 489) 637
(1003, 490) 638
(1004, 491) 639
(1004, 491) 640
(1008, 492) 641
(1013, 493) 642
(1015, 493) 643
(1017, 494) 644
(1022, 495) 645
(1023, 495) 646
(1024, 495) 647
(1030, 496) 648
(1030, 497) 649
(1023, 497) 650
(1016, 496) 651
(1011, 496) 652
(1005, 495) 653
(1001, 495) 654
(997, 495) 655
(998, 494) 656
(998, 494) 657
(998, 494) 658
(998, 493) 659
(999, 493) 660
(999, 492) 661
(999, 492) 662
(999, 492) 663
(1007, 491) 664
(1015, 492) 665
(1022, 492) 666
(1029, 493) 667
(1035, 493) 668
(1039, 493) 669
(1044, 494) 670
(1047, 493) 671
(1052, 493) 672
(1064, 493) 673
(1075, 493) 674
(1085, 493) 675
(1094, 493) 676
(1102, 493) 677
(1109, 493) 678
(1116, 493) 679
(1122, 493) 680
(1127, 493) 681
(1132, 493) 682
(1136, 493) 683
(1140, 493) 684
(1143, 493) 685
(1146, 493) 686
(1147, 493) 687
(1144, 493) 688
(1134, 493) 689
(1124, 493) 690
(1115, 493) 691
(1111, 493) 692
(1103, 493) 693
(1096, 493) 694
(1092, 492) 695
(1089, 492) 696
(1086, 492) 697
(1084, 492) 698
(1081, 492) 699
(1079, 492) 700
(1078, 491) 701
(1075, 492) 702
(1074, 492) 703
(1072, 492) 704
(1070, 492) 705
(1069, 492) 706
(1068, 493) 707
(1067, 493) 708
(1066, 493) 709
(1065, 493) 710
(1064, 494) 711
(1063, 494) 712
(1062, 494) 713
(1062, 494) 714
(1061, 494) 715
(1061, 494) 716
(1060, 495) 717
(1060, 495) 718
(1060, 495) 719
(1059, 495) 720
(1052, 495) 721
(1046, 495) 722
(1040, 494) 723
(1035, 494) 724
(1023, 494) 725
(1018, 494) 726
(1013, 494) 727
(1005, 495) 728
(1000, 494) 729
(995, 494) 730
(991, 493) 731
(987, 492) 732
(984, 492) 733
(981, 491) 734
(974, 491) 735
(972, 490) 736
(968, 491) 737
(964, 491) 738
(961, 491) 739
(955, 492) 740
(947, 492) 741
(945, 492) 742
(947, 491) 743
(946, 491) 744
(945, 492) 745
(944, 492) 746
(943, 492) 747
(943, 492) 748
(942, 492) 749
(941, 493) 750
(940, 493) 751
(940, 493) 752
(937, 493) 753
(937, 493) 754
(932, 493) 755
(930, 492) 756
(925, 492) 757
(921, 492) 758
(917, 492) 759
(921, 491) 760
(925, 491) 761
(928, 491) 762
(932, 490) 763
(935, 490) 764
(937, 490) 765
(939, 490) 766
(939, 490) 767
(936, 489) 768
(937, 488) 769
(937, 487) 770
(939, 486) 771
(941, 485) 772
(942, 485) 773
(943, 484) 774
(945, 483) 775
(946, 482) 776
(947, 482) 777
(949, 481) 778
(950, 481) 779
(952, 480) 780
(953, 479) 781
(955, 479) 782
(956, 478) 783
(957, 478) 784
(959, 477) 785
(960, 477) 786
(962, 477) 787
(961, 476) 788
(960, 475) 789
(959, 474) 790
(959, 473) 791
(960, 472) 792
(961, 470) 793
(963, 469) 794
(965, 467) 795
(972, 467) 796
(979, 468) 797
(986, 468) 798
(992, 468) 799
(997, 468) 800
(1002, 468) 801
(1006, 468) 802
(1010, 468) 803
(1010, 469) 804
(1005, 469) 805
(1001, 468) 806
(1001, 468) 807
(1004, 468) 808
(1009, 468) 809
(1015, 468) 810
(1014, 468) 811
(1014, 467) 812
(1014, 467) 813
(1013, 467) 814
(1012, 467) 815
(1007, 466) 816
(1005, 466) 817
(1000, 466) 818
(998, 466) 819
(999, 466) 820
(999, 466) 821
(1000, 466) 822
(1001, 466) 823
(1009, 467) 824
(1019, 467) 825
(1029, 467) 826
(1038, 467) 827
(1047, 467) 828
(1054, 468) 829
(1061, 468) 830
(1067, 468) 831
(1073, 468) 832
(1078, 468) 833
(1082, 468) 834
(1086, 469) 835
(1090, 469) 836
(1093, 469) 837
(1099, 470) 838
(427, 495) 582
(427, 495) 583
(429, 496) 584
(433, 497) 585
(435, 499) 586
(440, 500) 587
(445, 502) 588
(451, 503) 589
(456, 505) 590
(461, 506) 591
(466, 507) 592
(470, 509) 593
(473, 510) 594
(476, 511) 595
(479, 513) 596
(490, 514) 597
(500, 515) 598
(512, 516) 599
(529, 516) 600
(544, 515) 601
(558, 515) 602
(571, 515) 603
(580, 516) 604
(587, 516) 605
(591, 515) 606
(595, 514) 607
(599, 513) 608
(602, 512) 609
(605, 511) 610
(608, 510) 611
(610, 509) 612
(619, 508) 613
(627, 507) 614
(634, 506) 615
(640, 504) 616
(646, 503) 617
(651, 502) 618
(655, 501) 619
(659, 500) 620
(663, 499) 621
(666, 497) 622
(669, 496) 623
(672, 495) 624
(675, 494) 625
(677, 493) 626
(679, 492) 627
(681, 491) 628
(682, 490) 629
(682, 490) 630
(681, 490) 631
(680, 490) 632
(676, 490) 633
(672, 490) 634
(668, 490) 635
(664, 490) 636
(660, 490) 637
(655, 489) 638
(651, 489) 639
(648, 488) 640
(645, 488) 641
(640, 487) 642
(636, 487) 643
(1583, 404) 582
(1583, 404) 583
(1582, 404) 584
(1580, 405) 585
(1580, 406) 586
(1580, 408) 587
(1580, 407) 588
(1578, 407) 589
(1576, 407) 590
(1574, 407) 591
(1572, 407) 592
(1570, 407) 593
(1568, 407) 594
(1566, 407) 595
(1564, 407) 596
(1562, 407) 597
(1559, 407) 598
(1557, 407) 599
(1555, 406) 600
(1553, 406) 601
(1551, 406) 602
(1550, 406) 603
(1549, 406) 604
(1548, 406) 605
(1547, 406) 606
(1547, 406) 607
(1546, 406) 608
(1546, 406) 609
(1545, 406) 610
(1543, 406) 611
(1541, 406) 612
(1542, 406) 613
(1543, 406) 614
(1543, 406) 615
(1544, 406) 616
(1545, 406) 617
(1546, 406) 618
(1547, 406) 619
(1548, 406) 620
(1548, 406) 621
(1549, 406) 622
(1549, 405) 623
(1549, 405) 624
(1550, 405) 625
(1550, 405) 626
(1550, 405) 627
(1550, 405) 628
(1550, 405) 629
(1549, 405) 630
(1548, 405) 631
(1547, 405) 632
(1546, 405) 633
(1545, 405) 634
(1544, 404) 635
(1543, 404) 636
(1541, 404) 637
(1540, 404) 638
(1539, 404) 639
(1538, 404) 640
(1537, 404) 641
(1536, 403) 642
(1536, 403) 643
(1536, 403) 644
(1535, 403) 645
(1535, 403) 646
(1535, 403) 647
(1535, 403) 648
(1534, 403) 649
(1534, 403) 650
(1535, 403) 651
(1536, 403) 652
(1536, 403) 653
(1537, 403) 654
(1538, 403) 655
(1539, 404) 656
(1540, 404) 657
(1542, 404) 658
(1542, 404) 659
(1543, 404) 660
(1544, 404) 661
(1544, 404) 662
(1545, 404) 663
(1545, 404) 664
(1545, 404) 665
(1544, 405) 666
(1544, 405) 667
(1544, 405) 668
(1544, 405) 669
(1543, 405) 670
(1543, 405) 671
(1543, 405) 672
(1542, 405) 673
(1542, 405) 674
(1542, 405) 675
(1537, 406) 676
(1537, 406) 677
(1537, 406) 678
(1537, 406) 679
(1538, 406) 680
(1538, 406) 681
(1533, 407) 682
(1529, 408) 683
(1525, 409) 684
(1526, 411) 685
(161, 536) 677
(156, 537) 678
(145, 538) 679
(137, 539) 680
(126, 540) 681
(116, 540) 682
(107, 540) 683
(98, 541) 684
(86, 540) 685
(74, 538) 686
(63, 537) 687
(53, 536) 688
(43, 535) 689
(35, 534) 690
(27, 533) 691
(20, 532) 692
(12, 532) 693
(12, 532) 694
(1929, 531) 695
(1923, 531) 696
(1919, 529) 697
(1915, 528) 698
(1913, 526) 699
(1910, 524) 700
(1908, 522) 701
(1906, 519) 702
(1902, 518) 703
(1899, 517) 704
(1897, 516) 705
(1896, 516) 706
(1896, 515) 707
(1896, 515) 708
(1896, 515) 709
(1898, 514) 710
(1900, 514) 711
(1903, 513) 712
(1906, 512) 713
(1909, 512) 714
(1913, 510) 715
(1918, 509) 716
(1918, 508) 717
(6, 506) 718
(10, 505) 719
(11, 504) 720
(12, 503) 721
(12, 502) 722
(13, 500) 723
(14, 499) 724
(17, 498) 725
(20, 496) 726
(23, 495) 727
(26, 493) 728
(28, 492) 729
(30, 491) 730
(32, 489) 731
(34, 488) 732
(35, 486) 733
(37, 485) 734
(38, 484) 735
(39, 483) 736
(40, 481) 737
(41, 480) 738
(42, 479) 739
(42, 478) 740
(43, 477) 741
(44, 476) 742
(44, 475) 743
(37, 474) 744
(30, 473) 745
(24, 472) 746
(19, 471) 747
(14, 470) 748
(10, 469) 749
(10, 468) 750
(1925, 468) 751
(1922, 468) 752
(1919, 468) 753
(1916, 468) 754
(1912, 468) 755
(1908, 468) 756
(1904, 468) 757
(1900, 467) 758
(1901, 468) 759
(1902, 469) 760
(1903, 470) 761
(1904, 470) 762
(1905, 471) 763
(1906, 472) 764
(1907, 472) 765
(1907, 473) 766
(1912, 474) 767
(1916, 475) 768
(1920, 476) 769
(1921, 477) 770
(6, 478) 771
(9, 479) 772
(12, 480) 773
(14, 481) 774
(16, 481) 775
(17, 482) 776
(19, 483) 777
(21, 484) 778
(22, 485) 779
(23, 486) 780
(24, 487) 781
(25, 487) 782
(26, 488) 783
(27, 489) 784
(27, 490) 785
(22, 490) 786
(18, 491) 787
(14, 491) 788
(11, 491) 789
(10, 491) 790
(9, 492) 791
(8, 492) 792
(7, 492) 793
(6, 493) 794
(6, 493) 795
(5, 493) 796
(1925, 494) 797
(1923, 494) 798
(1922, 494) 799
(1920, 494) 800
(1919, 495) 801
(1918, 495) 802
(1917, 495) 803
(1916, 495) 804
(1915, 495) 805
(1915, 496) 806
(1914, 496) 807
(1913, 496) 808
(1913, 496) 809
(1912, 496) 810
(1912, 497) 811
(1912, 497) 812
(1911, 497) 813
(1912, 498) 814
(1913, 500) 815
(1913, 501) 816
(1914, 502) 817
(1915, 504) 818
(1916, 505) 819
(1917, 506) 820
(1919, 507) 821
(1921, 507) 822
(1922, 508) 823
(1922, 508) 824
(4, 508) 825
(5, 509) 826
(6, 509) 827
(7, 509) 828
(763, 530) 744
(763, 530) 745
(763, 530) 746
(763, 530) 747
(763, 530) 748
(763, 530) 749
(763, 530) 750
(763, 530) 751
(763, 530) 752
(763, 530) 753
(763, 530) 754
(763, 530) 755
(758, 530) 756
(753, 531) 757
(754, 530) 758
(755, 530) 759
(755, 530) 760
(755, 529) 761
(755, 529) 762
(756, 529) 763
(756, 528) 764
(756, 528) 765
(756, 528) 766
(756, 527) 767
(756, 527) 768
(754, 527) 769
(753, 528) 770
(748, 528) 771
(743, 528) 772
(738, 529) 773
(734, 529) 774
(730, 530) 775
(726, 530) 776
(729, 531) 777
(732, 531) 778
(730, 531) 779
(728, 532) 780
(726, 532) 781
(723, 531) 782
(720, 531) 783
(719, 531) 784
(718, 531) 785
(717, 531) 786
(716, 531) 787
(716, 531) 788
(715, 531) 789
(714, 531) 790
(714, 531) 791
(713, 531) 792
(713, 530) 793
(708, 531) 794
(703, 532) 795
(700, 532) 796
(699, 532) 797
(698, 533) 798
(700, 533) 799
(703, 532) 800
(705, 532) 801
(706, 532) 802
(708, 532) 803
(709, 531) 804
(711, 531) 805
(712, 531) 806
(713, 531) 807
(714, 531) 808
(714, 531) 809
(715, 530) 810
(716, 530) 811
(717, 530) 812
(716, 530) 813
(713, 530) 814
(715, 530) 815
(717, 531) 816
(1342, 625) 769
(1342, 625) 770
(1342, 625) 771
(1342, 625) 772
(1343, 625) 773
(1343, 626) 774
(1343, 626) 775
(1344, 626) 776
(1344, 626) 777
(1345, 626) 778
(1345, 626) 779
(1346, 627) 780
(1346, 626) 781
(1346, 626) 782
(1346, 626) 783
(1346, 626) 784
(1347, 626) 785
(1347, 626) 786
(1347, 626) 787
(1350, 625) 788
(1350, 625) 789
(1351, 624) 790
(1351, 624) 791
(1352, 624) 792
(1352, 624) 793
(1352, 624) 794
(1352, 623) 795
(1353, 622) 796
(1352, 621) 797
(1352, 620) 798
(1352, 620) 799
(1352, 620) 800
(1352, 620) 801
(1347, 620) 802
(1341, 619) 803
(1342, 619) 804
(1343, 619) 805
(1343, 620) 806
(1343, 618) 807
(1343, 617) 808
(1343, 616) 809
(1343, 615) 810
(1343, 613) 811
(1342, 611) 812
(1345, 611) 813
(1350, 611) 814
(1354, 611) 815
(1357, 612) 816
(1360, 612) 817
(1363, 613) 818
(1365, 614) 819
(1367, 615) 820
(1366, 615) 821
(1366, 613) 822
(1366, 612) 823
(1366, 611) 824
(1366, 610) 825
(1366, 609) 826
(1364, 609) 827
(1363, 608) 828
(1361, 609) 829
(1360, 609) 830
(1360, 609) 831
(1359, 610) 832
(1358, 610) 833
(1358, 611) 834
(1357, 611) 835
(1357, 611) 836
(1357, 612) 837
(1357, 612) 838
(1356, 611) 839
(1358, 609) 840
(1360, 607) 841
(1361, 606) 842
(1361, 604) 843
(1361, 602) 844
(27, 495) 928
(27, 495) 929
(28, 495) 930
(25, 496) 931
(23, 496) 932
(22, 497) 933
(21, 499) 934
(17, 501) 935
(11, 502) 936
(11, 503) 937
(11, 505) 938
(5, 506) 939
(7, 507) 940
(8, 507) 941
(9, 508) 942
(10, 509) 943
(10, 509) 944
(10, 510) 945
(9, 510) 946
(8, 511) 947
(5, 512) 948
(5, 514) 949
(1924, 515) 950
(1922, 516) 951
(1920, 517) 952
(1918, 519) 953
(1917, 520) 954
(1915, 521) 955
(1914, 522) 956
(1913, 525) 957
(1913, 527) 958
(1912, 530) 959
(1911, 532) 960
(1911, 534) 961
(1911, 536) 962
(1910, 538) 963
(1910, 540) 964
(1910, 542) 965
(1909, 544) 966
(1909, 546) 967
(1909, 548) 968
(1909, 550) 969
(1909, 551) 970
(1908, 553) 971
(1908, 555) 972
(1908, 557) 973
(1908, 558) 974
(1908, 560) 975
(1908, 561) 976
(1908, 563) 977
(1908, 564) 978
(1908, 566) 979
(1912, 567) 980
(1916, 569) 981
(1919, 570) 982
(1919, 571) 983
(5, 573) 984
(7, 574) 985
(10, 575) 986
(12, 577) 987
(14, 578) 988
(15, 579) 989
(17, 580) 990
(18, 581) 991
(19, 582) 992
(20, 584) 993
(21, 585) 994
(26, 586) 995
(23, 588) 996
(20, 589) 997
(17, 591) 998
(15, 592) 999
(12, 594) 1000
(1455, 503) 929
(1451, 504) 930
(1448, 505) 931
(1447, 506) 932
(1444, 508) 933
(1440, 509) 934
(1437, 511) 935
(1433, 512) 936
(1430, 514) 937
(1428, 515) 938
(1425, 516) 939
(1423, 518) 940
(1421, 519) 941
(1420, 520) 942
(1419, 522) 943
(1417, 523) 944
(1416, 524) 945
(1415, 526) 946
(1414, 527) 947
(1414, 528) 948
(1413, 529) 949
(1412, 530) 950
(1412, 531) 951
(1411, 532) 952
(1411, 534) 953
(1410, 535) 954
(1410, 536) 955
(1410, 537) 956
(1409, 538) 957
(1409, 540) 958
(1409, 542) 959
(1410, 544) 960
(1411, 546) 961
(1412, 548) 962
(1413, 550) 963
(1414, 552) 964
(1415, 554) 965
(1416, 556) 966
(1417, 557) 967
(1417, 559) 968
(1418, 561) 969
(1418, 563) 970
(1419, 564) 971
(1419, 566) 972
(1419, 567) 973
(1420, 569) 974
(1420, 570) 975
(1420, 572) 976
(1420, 573) 977
(1421, 575) 978
(1421, 576) 979
(1421, 577) 980
(1422, 578) 981
(1422, 579) 982
(1423, 580) 983
(1423, 581) 984
(1424, 582) 985
(1424, 583) 986
(1424, 584) 987
(1424, 585) 988
(1421, 585) 989
(1416, 586) 990
(232, 293) 934
(231, 293) 935
(231, 293) 936
(231, 293) 937
(231, 294) 938
(231, 294) 939
(231, 294) 940
(231, 294) 941
(231, 294) 942
(231, 294) 943
(231, 295) 944
(230, 295) 945
(230, 295) 946
(228, 296) 947
(227, 297) 948
(226, 299) 949
(225, 300) 950
(224, 301) 951
(223, 303) 952
(222, 304) 953
(221, 305) 954
(221, 307) 955
(220, 308) 956
(218, 310) 957
(215, 312) 958
(211, 314) 959
(207, 316) 960
(203, 317) 961
(198, 319) 962
(194, 321) 963
(190, 322) 964
(187, 324) 965
(184, 326) 966
(181, 327) 967
(179, 329) 968
(176, 330) 969
(174, 332) 970
(173, 333) 971
(171, 334) 972
(170, 336) 973
(168, 337) 974
(167, 338) 975
(166, 340) 976
(165, 341) 977
(164, 342) 978
(163, 343) 979
(159, 343) 980
(155, 343) 981
(151, 342) 982
(148, 342) 983
(145, 342) 984
(143, 341) 985
(140, 341) 986
(138, 341) 987
(136, 341) 988
(134, 340) 989
(133, 340) 990
(132, 340) 991
(130, 340) 992
(129, 339) 993
(129, 339) 994
(133, 338) 995
(138, 338) 996
(143, 337) 997
(147, 337) 998
(151, 336) 999
(160, 336) 1000
(170, 335) 1001
(180, 335) 1002
(190, 336) 1003
(199, 336) 1004
(207, 336) 1005
(216, 337) 1006
(225, 337) 1007
(232, 338) 1008
(239, 338) 1009
(246, 339) 1010
(251, 339) 1011
(256, 340) 1012
(261, 340) 1013
(265, 341) 1014
(268, 341) 1015
(271, 341) 1016
(273, 342) 1017
(275, 342) 1018
(277, 342) 1019
(278, 342) 1020
(278, 342) 1021
(278, 341) 1022
(642, 503) 989
(642, 503) 990
(642, 503) 991
(642, 503) 992
(642, 503) 993
(634, 503) 994
(627, 501) 995
(619, 500) 996
(614, 500) 997
(610, 500) 998
(606, 501) 999
(600, 501) 1000
(596, 501) 1001
(593, 501) 1002
(589, 501) 1003
(586, 500) 1004
(582, 500) 1005
(579, 500) 1006
(577, 500) 1007
(572, 500) 1008
(567, 500) 1009
(562, 500) 1010
(559, 499) 1011
(555, 499) 1012
(553, 499) 1013
(549, 499) 1014
(546, 498) 1015
(543, 498) 1016
(541, 498) 1017
(539, 498) 1018
(537, 497) 1019
(530, 497) 1020
(523, 496) 1021
(518, 495) 1022
(512, 494) 1023
(508, 494) 1024
(504, 493) 1025
(500, 492) 1026
(496, 492) 1027
(493, 491) 1028
(491, 490) 1029
(488, 490) 1030
(486, 489) 1031
(484, 488) 1032
(482, 488) 1033
(481, 487) 1034
(479, 487) 1035
(478, 486) 1036
(477, 485) 1037
(476, 485) 1038
(476, 484) 1039
(478, 485) 1040
(487, 485) 1041
(495, 486) 1042
(503, 486) 1043
(503, 487) 1044
(510, 487) 1045
(515, 488) 1046
(520, 488) 1047
(525, 488) 1048
(529, 489) 1049
(533, 489) 1050
(536, 489) 1051
(539, 490) 1052
(542, 490) 1053
(544, 491) 1054
(547, 491) 1055
(549, 491) 1056
(550, 492) 1057
(552, 492) 1058
(552, 492) 1059
(549, 492) 1060
(544, 492) 1061
(540, 493) 1062
(536, 493) 1063
(533, 493) 1064
(531, 493) 1065
(529, 493) 1066
(527, 493) 1067
(526, 493) 1068
(524, 494) 1069
(523, 494) 1070
(521, 494) 1071
(520, 494) 1072
(519, 494) 1073
(518, 495) 1074
(517, 495) 1075
(516, 495) 1076
(516, 495) 1077
(515, 495) 1078
(515, 496) 1079
(519, 496) 1080
(523, 497) 1081
(526, 497) 1082
(529, 498) 1083
(532, 498) 1084
(535, 498) 1085
(537, 499) 1086
(539, 499) 1087
(540, 500) 1088
(542, 500) 1089
(543, 501) 1090
(544, 501) 1091
(545, 502) 1092
(546, 502) 1093
(547, 502) 1094
(548, 503) 1095
(549, 503) 1096
(549, 503) 1097
(550, 504) 1098
(558, 504) 1099
(535, 519) 1132
(535, 519) 1133
(535, 519) 1134
(535, 519) 1135
(533, 519) 1136
(532, 519) 1137
(531, 519) 1138
(529, 519) 1139
(529, 519) 1140
(531, 520) 1141
(531, 521) 1142
(530, 521) 1143
(530, 522) 1144
(531, 523) 1145
(532, 523) 1146
(532, 522) 1147
(531, 522) 1148
(529, 523) 1149
(527, 524) 1150
(527, 524) 1151
(527, 524) 1152
(533, 525) 1153
(537, 525) 1154
(541, 526) 1155
(540, 526) 1156
(534, 526) 1157
(527, 527) 1158
(520, 527) 1159
(517, 527) 1160
(517, 528) 1161
(518, 529) 1162
(518, 530) 1163
(515, 531) 1164
(507, 532) 1165
(507, 532) 1166
(500, 533) 1167
(493, 534) 1168
(492, 535) 1169
(489, 536) 1170
(490, 536) 1171
(491, 537) 1172
(492, 538) 1173
(492, 539) 1174
(494, 539) 1175
(494, 540) 1176
(494, 541) 1177
(493, 541) 1178
(491, 542) 1179
(491, 543) 1180
(491, 544) 1181
(498, 545) 1182
(505, 546) 1183
(510, 547) 1184
(516, 548) 1185
(520, 549) 1186
(517, 550) 1187
(514, 552) 1188
(515, 553) 1189
(520, 554) 1190
(526, 555) 1191
(530, 555) 1192
(533, 556) 1193
(539, 556) 1194
(544, 556) 1195
(554, 558) 1196
(562, 559) 1197
(570, 560) 1198
(578, 561) 1199
(579, 561) 1200
(582, 561) 1201
(581, 561) 1202
(580, 561) 1203
(577, 561) 1204
(574, 561) 1205
(571, 560) 1206
(571, 560) 1207
(573, 560) 1208
(578, 560) 1209
(577, 559) 1210
(573, 559) 1211
(574, 559) 1212
(573, 559) 1213
(575, 559) 1214
(576, 558) 1215
(577, 558) 1216
(576, 558) 1217
(575, 558) 1218
(574, 558) 1219
(573, 558) 1220
(567, 559) 1221
(561, 559) 1222
(556, 559) 1223
(553, 560) 1224
(553, 560) 1225
(553, 561) 1226
(555, 561) 1227
(556, 562) 1228
(557, 562) 1229
(557, 562) 1230
(558, 562) 1231
(558, 562) 1232
(558, 562) 1233
(552, 563) 1234
(545, 563) 1235
(539, 563) 1236
(533, 563) 1237
(528, 563) 1238
(524, 563) 1239
(523, 563) 1240
(523, 563) 1241
(523, 562) 1242
(523, 561) 1243
(528, 561) 1244
(533, 562) 1245
(538, 562) 1246
(542, 562) 1247
(545, 562) 1248
(548, 562) 1249
(551, 562) 1250
(554, 562) 1251
(556, 562) 1252
(558, 562) 1253
(560, 562) 1254
(562, 562) 1255
(564, 562) 1256
(564, 563) 1257
(558, 562) 1258
(552, 562) 1259
(546, 562) 1260
(539, 562) 1261
(533, 562) 1262
(528, 563) 1263
(523, 563) 1264
(519, 563) 1265
(515, 563) 1266
(512, 564) 1267
(509, 564) 1268
(506, 564) 1269
(504, 564) 1270
(501, 564) 1271
(499, 565) 1272
(498, 565) 1273
(493, 564) 1274
(488, 564) 1275
(486, 564) 1276
(483, 563) 1277
(481, 563) 1278
(480, 562) 1279
(479, 562) 1280
(478, 561) 1281
(478, 561) 1282
(477, 560) 1283
(476, 560) 1284
(476, 559) 1285
(478, 559) 1286
(487, 559) 1287
(495, 559) 1288
(505, 559) 1289
(513, 559) 1290
(521, 560) 1291
(528, 560) 1292
(535, 560) 1293
(541, 560) 1294
(546, 561) 1295
(551, 561) 1296
(552, 561) 1297
(554, 561) 1298
(553, 560) 1299
(551, 559) 1300
(550, 559) 1301
(550, 559) 1302
(551, 559) 1303
(553, 559) 1304
(561, 559) 1305
(573, 560) 1306
(578, 561) 1307
(583, 561) 1308
(587, 562) 1309
(591, 562) 1310
(594, 563) 1311
(591, 562) 1312
(590, 562) 1313
(590, 562) 1314
(590, 562) 1315
(590, 562) 1316
(590, 562) 1317
(590, 562) 1318
(589, 561) 1319
(588, 561) 1320
(588, 560) 1321
(589, 559) 1322
(589, 559) 1323
(591, 558) 1324
(593, 558) 1325
(594, 557) 1326
(596, 557) 1327
(598, 556) 1328
(600, 556) 1329
(601, 555) 1330
(603, 555) 1331
(608, 554) 1332
(606, 553) 1333
(606, 553) 1334
(605, 553) 1335
(603, 553) 1336
(604, 552) 1337
(604, 552) 1338
(600, 552) 1339
(596, 551) 1340
(595, 551) 1341
(594, 550) 1342
(591, 549) 1343
(590, 549) 1344
(593, 548) 1345
(597, 548) 1346
(602, 548) 1347
(600, 548) 1348
(599, 548) 1349
(598, 547) 1350
(597, 547) 1351
(595, 547) 1352
(593, 546) 1353
(594, 546) 1354
(594, 545) 1355
(596, 545) 1356
(594, 544) 1357
(591, 544) 1358
(588, 544) 1359
(584, 543) 1360
(579, 543) 1361
(575, 543) 1362
(575, 543) 1363
(577, 542) 1364
(579, 542) 1365
(580, 542) 1366
(583, 542) 1367
(583, 542) 1368
(581, 542) 1369
(580, 542) 1370
(580, 541) 1371
(579, 541) 1372
(576, 541) 1373
(574, 540) 1374
(571, 540) 1375
(567, 540) 1376
(563, 541) 1377
(560, 541) 1378
(557, 541) 1379
(555, 541) 1380
(552, 541) 1381
(549, 540) 1382
(549, 540) 1383
(548, 540) 1384
(546, 540) 1385
(544, 541) 1386
(543, 541) 1387
(542, 541) 1388
(541, 541) 1389
(541, 541) 1390
(539, 541) 1391
(538, 541) 1392
(538, 541) 1393
(540, 541) 1394
(544, 540) 1395
(548, 540) 1396
(552, 540) 1397
(556, 540) 1398
(563, 540) 1399
(563, 540) 1400
(563, 540) 1401
(563, 540) 1402
(563, 540) 1403
(564, 539) 1404
(567, 539) 1405
(567, 539) 1406
(566, 540) 1407
(566, 539) 1408
(564, 540) 1409
(562, 540) 1410
(559, 541) 1411
(557, 541) 1412
(555, 542) 1413
(553, 542) 1414
(553, 542) 1415
(554, 543) 1416
(554, 543) 1417
(553, 544) 1418
(552, 545) 1419
(551, 545) 1420
(549, 545) 1421
(548, 546) 1422
(547, 546) 1423
(546, 547) 1424
(546, 547) 1425
(546, 548) 1426
(547, 548) 1427
(550, 548) 1428
(550, 549) 1429
(551, 549) 1430
(553, 549) 1431
(553, 548) 1432
(554, 548) 1433
(556, 549) 1434
(558, 549) 1435
(558, 549) 1436
(559, 549) 1437
(561, 549) 1438
(562, 549) 1439
(565, 549) 1440
(567, 550) 1441
(569, 550) 1442
(572, 550) 1443
(574, 551) 1444
(576, 551) 1445
(577, 551) 1446
(578, 551) 1447
(578, 551) 1448
(577, 552) 1449
(577, 552) 1450
(576, 552) 1451
(576, 553) 1452
(575, 553) 1453
(568, 554) 1454
(559, 554) 1455
(554, 554) 1456
(547, 554) 1457
(542, 554) 1458
(537, 554) 1459
(532, 554) 1460
(528, 554) 1461
(524, 554) 1462
(521, 554) 1463
(518, 554) 1464
(519, 555) 1465
(520, 555) 1466
(521, 556) 1467
(522, 556) 1468
(523, 557) 1469
(524, 558) 1470
(525, 559) 1471
(526, 559) 1472
(531, 560) 1473
(537, 560) 1474
(542, 560) 1475
(546, 560) 1476
(550, 560) 1477
(554, 559) 1478
(556, 560) 1479
(557, 560) 1480
(557, 560) 1481
(557, 560) 1482
(557, 561) 1483
(558, 560) 1484
(561, 560) 1485
(563, 560) 1486
(563, 560) 1487
(563, 560) 1488
(563, 559) 1489
(564, 558) 1490
(565, 557) 1491
(564, 556) 1492
(563, 555) 1493
(561, 555) 1494
(560, 554) 1495
(556, 554) 1496
(559, 554) 1497
(562, 554) 1498
(562, 554) 1499
(562, 555) 1500
(561, 555) 1501
(561, 555) 1502
(560, 556) 1503
(559, 556) 1504
(558, 556) 1505
(557, 556) 1506
(554, 556) 1507
(551, 555) 1508
(549, 555) 1509
(546, 555) 1510
(544, 554) 1511
(541, 554) 1512
(540, 554) 1513
(537, 554) 1514
(534, 554) 1515
(535, 554) 1516
(535, 554) 1517
(533, 553) 1518
(526, 553) 1519
(526, 552) 1520
(527, 552) 1521
(529, 551) 1522
(527, 551) 1523
(527, 551) 1524
(527, 551) 1525
(522, 551) 1526
(515, 550) 1527
(509, 550) 1528
(503, 550) 1529
(497, 549) 1530
(494, 549) 1531
(491, 548) 1532
(489, 548) 1533
(486, 547) 1534
(484, 547) 1535
(483, 546) 1536
(481, 546) 1537
(479, 545) 1538
(476, 545) 1539
(473, 544) 1540
(470, 544) 1541
(467, 544) 1542
(465, 543) 1543
(465, 543) 1544
(467, 543) 1545
(468, 543) 1546
(469, 543) 1547
(470, 543) 1548
(470, 543) 1549
(471, 543) 1550
(471, 543) 1551
(467, 543) 1552
(464, 543) 1553
(464, 543) 1554
(461, 543) 1555
(458, 543) 1556
(455, 543) 1557
(453, 543) 1558
(451, 543) 1559
(450, 543) 1560
(450, 543) 1561
(452, 543) 1562
(455, 543) 1563
(456, 542) 1564
(458, 542) 1565
(459, 542) 1566
(461, 543) 1567
(465, 542) 1568
(465, 543) 1569
(467, 543) 1570
(468, 543) 1571
(468, 544) 1572
(468, 544) 1573
(469, 544) 1574
(469, 544) 1575
(470, 545) 1576
(470, 545) 1577
(470, 545) 1578
(471, 546) 1579
(473, 546) 1580
(476, 545) 1581
(479, 545) 1582
(488, 544) 1583
(490, 544) 1584
(491, 544) 1585
(494, 543) 1586
(500, 543) 1587
(504, 543) 1588
(504, 542) 1589
(501, 542) 1590
(498, 542) 1591
(499, 541) 1592
(498, 540) 1593
(495, 538) 1594
(491, 536) 1595
(783, 536) 1192
(781, 535) 1193
(778, 535) 1194
(775, 535) 1195
(772, 535) 1196
(772, 534) 1197
(772, 534) 1198
(771, 534) 1199
(770, 534) 1200
(768, 534) 1201
(767, 533) 1202
(766, 533) 1203
(765, 533) 1204
(765, 533) 1205
(764, 533) 1206
(763, 533) 1207
(763, 532) 1208
(762, 532) 1209
(762, 532) 1210
(761, 532) 1211
(761, 532) 1212
(761, 532) 1213
(760, 532) 1214
(760, 531) 1215
(760, 531) 1216
(760, 531) 1217
(760, 531) 1218
(759, 532) 1219
(757, 532) 1220
(756, 533) 1221
(754, 533) 1222
(754, 534) 1223
(754, 534) 1224
(754, 534) 1225
(754, 534) 1226
(754, 535) 1227
(754, 535) 1228
(754, 535) 1229
(754, 535) 1230
(754, 536) 1231
(754, 536) 1232
(753, 536) 1233
(751, 536) 1234
(750, 536) 1235
(750, 536) 1236
(749, 536) 1237
(747, 536) 1238
(746, 535) 1239
(745, 535) 1240
(744, 535) 1241
(742, 535) 1242
(741, 535) 1243
(740, 535) 1244
(739, 535) 1245
(738, 535) 1246
(737, 535) 1247
(737, 535) 1248
(737, 535) 1249
(736, 535) 1250
(733, 534) 1251
(731, 534) 1252
(730, 535) 1253
(728, 534) 1254
(728, 534) 1255
(729, 534) 1256
(730, 533) 1257
(730, 533) 1258
(731, 533) 1259
(731, 532) 1260
(731, 532) 1261
(732, 532) 1262
(740, 531) 1263
(1354, 508) 1196
(1354, 508) 1197
(1355, 508) 1198
(1354, 508) 1199
(1352, 508) 1200
(1352, 508) 1201
(1352, 508) 1202
(1353, 509) 1203
(1355, 510) 1204
(1356, 511) 1205
(1357, 511) 1206
(1362, 511) 1207
(1365, 511) 1208
(1367, 511) 1209
(1366, 511) 1210
(1357, 512) 1211
(1350, 513) 1212
(1344, 514) 1213
(1340, 515) 1214
(1339, 515) 1215
(1338, 516) 1216
(1338, 516) 1217
(1339, 517) 1218
(1342, 517) 1219
(1344, 517) 1220
(1346, 518) 1221
(1348, 518) 1222
(1348, 519) 1223
(1345, 519) 1224
(1341, 520) 1225
(1338, 520) 1226
(1335, 520) 1227
(1333, 521) 1228
(1331, 521) 1229
(1328, 521) 1230
(1325, 522) 1231
(1322, 522) 1232
(1322, 522) 1233
(1322, 522) 1234
(1320, 523) 1235
(1317, 523) 1236
(1315, 523) 1237
(1310, 523) 1238
(1306, 524) 1239
(1303, 524) 1240
(1303, 524) 1241
(1307, 523) 1242
(1308, 523) 1243
(1309, 523) 1244
(1310, 523) 1245
(1311, 522) 1246
(1311, 522) 1247
(1311, 522) 1248
(1307, 522) 1249
(1305, 522) 1250
(1304, 522) 1251
(1301, 522) 1252
(1298, 522) 1253
(1293, 522) 1254
(1291, 522) 1255
(1290, 522) 1256
(1288, 523) 1257
(1285, 523) 1258
(1280, 523) 1259
(1279, 523) 1260
(1277, 523) 1261
(1276, 523) 1262
(1275, 523) 1263
(1269, 522) 1264
(1264, 522) 1265
(1260, 522) 1266
(1256, 521) 1267
(1253, 521) 1268
(1253, 521) 1269
(1253, 521) 1270
(1257, 520) 1271
(1261, 520) 1272
(1257, 520) 1273
(1258, 520) 1274
(1259, 520) 1275
(1259, 519) 1276
(1260, 519) 1277
(1260, 519) 1278
(1261, 519) 1279
(1261, 519) 1280
(1262, 519) 1281
(1263, 519) 1282
(1265, 518) 1283
(1266, 518) 1284
(1267, 518) 1285
(1268, 518) 1286
(1268, 518) 1287
(1268, 518) 1288
(1269, 518) 1289
(1270, 518) 1290
(1274, 517) 1291
(1278, 517) 1292
(1286, 516) 1293
(1293, 515) 1294
(1300, 515) 1295
(1305, 514) 1296
(1311, 513) 1297
(1315, 513) 1298
(1316, 512) 1299
(1316, 512) 1300
(1315, 512) 1301
(1313, 511) 1302
(1311, 511) 1303
(1312, 511) 1304
(1311, 511) 1305
(1309, 511) 1306
(1306, 510) 1307
(1305, 511) 1308
(1304, 511) 1309
(1303, 511) 1310
(1302, 512) 1311
(1302, 512) 1312
(1301, 512) 1313
(1301, 512) 1314
(1301, 512) 1315
(1303, 513) 1316
(1304, 513) 1317
(1305, 514) 1318
(1306, 514) 1319
(1301, 514) 1320
(1298, 515) 1321
(1296, 515) 1322
(1295, 515) 1323
(1296, 515) 1324
(1297, 515) 1325
(1299, 515) 1326
(1300, 515) 1327
(1300, 516) 1328
(1299, 516) 1329
(1300, 516) 1330
(1299, 516) 1331
(1298, 516) 1332
(1297, 516) 1333
(1297, 516) 1334
(1299, 516) 1335
(1310, 516) 1336
(1320, 516) 1337
(1329, 516) 1338
(1337, 515) 1339
(1344, 515) 1340
(1347, 515) 1341
(1346, 515) 1342
(1344, 515) 1343
(1339, 515) 1344
(1335, 515) 1345
(1335, 516) 1346
(1335, 516) 1347
(1334, 516) 1348
(1330, 516) 1349
(1327, 517) 1350
(1324, 517) 1351
(1322, 518) 1352
(1319, 518) 1353
(1317, 519) 1354
(1316, 519) 1355
(1316, 519) 1356
(1319, 520) 1357
(1324, 521) 1358
(1328, 522) 1359
(1331, 522) 1360
(1334, 523) 1361
(1336, 524) 1362
(1338, 524) 1363
(1340, 525) 1364
(1342, 526) 1365
(1343, 526) 1366
(1343, 527) 1367
(1343, 527) 1368
(1343, 528) 1369
(1343, 528) 1370
(1343, 529) 1371
(1347, 529) 1372
(1349, 530) 1373
(1355, 530) 1374
(1360, 531) 1375
(1782, 587) 1203
(1782, 587) 1204
(1782, 587) 1205
(1782, 587) 1206
(1782, 587) 1207
(1782, 587) 1208
(1782, 587) 1209
(1782, 587) 1210
(1782, 587) 1211
(1783, 588) 1212
(1784, 589) 1213
(1786, 590) 1214
(1787, 590) 1215
(1788, 591) 1216
(1789, 592) 1217
(1789, 593) 1218
(1788, 593) 1219
(1787, 592) 1220
(1786, 592) 1221
(1785, 591) 1222
(1784, 591) 1223
(1783, 591) 1224
(1782, 590) 1225
(1781, 590) 1226
(1780, 589) 1227
(1779, 589) 1228
(1778, 588) 1229
(1776, 588) 1230
(1775, 587) 1231
(1773, 587) 1232
(1772, 586) 1233
(1770, 585) 1234
(1768, 585) 1235
(1766, 584) 1236
(1763, 584) 1237
(1761, 583) 1238
(1759, 583) 1239
(1757, 583) 1240
(1754, 582) 1241
(1752, 582) 1242
(1752, 581) 1243
(1752, 581) 1244
(1751, 581) 1245
(1751, 581) 1246
(1751, 580) 1247
(1751, 580) 1248
(1750, 580) 1249
(1750, 579) 1250
(1749, 579) 1251
(1749, 578) 1252
(1750, 578) 1253
(1752, 577) 1254
(1753, 576) 1255
(1758, 576) 1256
(1762, 576) 1257
(1765, 575) 1258
(1768, 575) 1259
(1770, 574) 1260
(1772, 574) 1261
(1774, 573) 1262
(1776, 573) 1263
(1777, 572) 1264
(1778, 572) 1265
(1779, 571) 1266
(1780, 571) 1267
(1780, 570) 1268
(1780, 570) 1269
(1780, 569) 1270
(1780, 568) 1271
(1779, 568) 1272
(1778, 567) 1273
(1777, 567) 1274
(1775, 566) 1275
(1774, 565) 1276
(1772, 564) 1277
(1769, 564) 1278
(1766, 563) 1279
(1763, 562) 1280
(1761, 562) 1281
(1758, 561) 1282
(749, 548) 1284
(749, 548) 1285
(755, 548) 1286
(762, 548) 1287
(767, 548) 1288
(772, 548) 1289
(777, 548) 1290
(781, 548) 1291
(784, 548) 1292
(788, 548) 1293
(791, 548) 1294
(793, 548) 1295
(796, 548) 1296
(798, 548) 1297
(800, 548) 1298
(802, 548) 1299
(803, 548) 1300
(805, 548) 1301
(806, 548) 1302
(812, 549) 1303
(818, 550) 1304
(823, 551) 1305
(828, 552) 1306
(832, 553) 1307
(836, 555) 1308
(840, 556) 1309
(843, 557) 1310
(846, 558) 1311
(848, 559) 1312
(854, 559) 1313
(860, 559) 1314
(872, 559) 1315
(883, 559) 1316
(892, 558) 1317
(901, 558) 1318
(909, 558) 1319
(919, 556) 1320
(927, 555) 1321
(928, 554) 1322
(928, 553) 1323
(928, 552) 1324
(928, 550) 1325
(931, 550) 1326
(935, 549) 1327
(935, 548) 1328
(937, 547) 1329
(939, 546) 1330
(943, 545) 1331
(947, 544) 1332
(948, 544) 1333
(948, 543) 1334
(949, 542) 1335
(949, 542) 1336
(952, 541) 1337
(952, 540) 1338
(950, 540) 1339
(946, 539) 1340
(946, 538) 1341
(947, 537) 1342
(950, 536) 1343
(953, 535) 1344
(955, 534) 1345
(959, 533) 1346
(964, 531) 1347
(969, 529) 1348
(969, 528) 1349
(969, 526) 1350
(977, 525) 1351
(985, 524) 1352
(992, 523) 1353
(1000, 521) 1354
(1007, 519) 1355
(1014, 517) 1356
(1022, 516) 1357
(1030, 515) 1358
(1037, 513) 1359
(1044, 512) 1360
(1049, 511) 1361
(1054, 510) 1362
(1059, 508) 1363
(1063, 507) 1364
(1067, 506) 1365
(1070, 505) 1366
(1078, 504) 1367
(1093, 504) 1368
(1099, 504) 1369
(1104, 504) 1370
(1109, 503) 1371
(1116, 504) 1372
(1121, 504) 1373
(1126, 504) 1374
(1130, 505) 1375
(1133, 505) 1376
(1132, 507) 1377
(1132, 508) 1378
(1132, 509) 1379
(1133, 510) 1380
(1133, 511) 1381
(1132, 512) 1382
(1132, 513) 1383
(1132, 515) 1384
(1132, 516) 1385
(1132, 517) 1386
(1131, 519) 1387
(1131, 520) 1388
(1131, 521) 1389
(1131, 522) 1390
(1131, 523) 1391
(1131, 524) 1392
(1138, 525) 1393
(1150, 525) 1394
(1161, 525) 1395
(1171, 526) 1396
(1180, 526) 1397
(1188, 526) 1398
(1196, 526) 1399
(1209, 526) 1400
(1220, 526) 1401
(1230, 527) 1402
(1240, 526) 1403
(1250, 525) 1404
(1259, 524) 1405
(1266, 523) 1406
(1273, 523) 1407
(1278, 522) 1408
(889, 308) 1357
(886, 308) 1358
(880, 307) 1359
(871, 307) 1360
(859, 307) 1361
(844, 307) 1362
(826, 306) 1363
(806, 306) 1364
(784, 305) 1365
(761, 304) 1366
(737, 304) 1367
(716, 303) 1368
(691, 303) 1369
(667, 302) 1370
(643, 301) 1371
(620, 301) 1372
(597, 300) 1373
(575, 300) 1374
(553, 299) 1375
(533, 299) 1376
(514, 298) 1377
(497, 297) 1378
(482, 297) 1379
(469, 296) 1380
(453, 295) 1381
(438, 295) 1382
(425, 294) 1383
(412, 294) 1384
(401, 293) 1385
(390, 293) 1386
(381, 292) 1387
(373, 292) 1388
(366, 291) 1389
(360, 291) 1390
(354, 290) 1391
(350, 290) 1392
(346, 290) 1393
(344, 289) 1394
(343, 289) 1395
(342, 289) 1396
(341, 290) 1397
(341, 290) 1398
(341, 290) 1399
(342, 290) 1400
(342, 290) 1401
(342, 290) 1402
(343, 291) 1403
(343, 291) 1404
(344, 291) 1405
(344, 291) 1406
(345, 291) 1407
(345, 291) 1408
(346, 292) 1409
(347, 292) 1410
(348, 292) 1411
(349, 292) 1412
(351, 292) 1413
(352, 292) 1414
(354, 292) 1415
(356, 292) 1416
(358, 292) 1417
(360, 292) 1418
(361, 292) 1419
(362, 292) 1420
(362, 292) 1421
(362, 292) 1422
(363, 291) 1423
(363, 291) 1424
(363, 291) 1425
(364, 291) 1426
(365, 291) 1427
(368, 291) 1428
(372, 291) 1429
(376, 291) 1430
(380, 290) 1431
(384, 290) 1432
(391, 290) 1433
(399, 290) 1434
(408, 290) 1435
(417, 290) 1436
(426, 290) 1437
(436, 290) 1438
(446, 291) 1439
(456, 291) 1440
(465, 291) 1441
(474, 291) 1442
(483, 291) 1443
(491, 291) 1444
(499, 291) 1445
(506, 291) 1446
(512, 291) 1447
(517, 291) 1448
(522, 291) 1449
(526, 292) 1450
(530, 292) 1451
(533, 292) 1452
(536, 292) 1453
(539, 292) 1454
(542, 293) 1455
(545, 293) 1456
(548, 293) 1457
(552, 294) 1458
(555, 294) 1459
(558, 294) 1460
(562, 294) 1461
(566, 295) 1462
(572, 295) 1463
(577, 295) 1464
(584, 295) 1465
(590, 296) 1466
(597, 296) 1467
(603, 296) 1468
(609, 296) 1469
(615, 296) 1470
(620, 297) 1471
(625, 297) 1472
(628, 297) 1473
(631, 297) 1474
(633, 297) 1475
(635, 297) 1476
(636, 297) 1477
(635, 297) 1478
(634, 298) 1479
(632, 298) 1480
(630, 298) 1481
(627, 298) 1482
(622, 298) 1483
(618, 298) 1484
(612, 297) 1485
(606, 297) 1486
(599, 297) 1487
(592, 297) 1488
(585, 297) 1489
(579, 296) 1490
(570, 296) 1491
(560, 296) 1492
(552, 296) 1493
(542, 295) 1494
(533, 295) 1495
(523, 295) 1496
(514, 294) 1497
(505, 294) 1498
(497, 294) 1499
(489, 293) 1500
(481, 293) 1501
(474, 293) 1502
(468, 292) 1503
(463, 292) 1504
(458, 292) 1505
(455, 292) 1506
(451, 292) 1507
(449, 292) 1508
(448, 292) 1509
(447, 292) 1510
(446, 292) 1511
(446, 292) 1512
(447, 292) 1513
(448, 292) 1514
(450, 293) 1515
(451, 293) 1516
(452, 293) 1517
(453, 293) 1518
(454, 293) 1519
(454, 293) 1520
(455, 293) 1521
(456, 293) 1522
(456, 293) 1523
(455, 293) 1524
(454, 293) 1525
(453, 293) 1526
(452, 293) 1527
(451, 293) 1528
(449, 293) 1529
(447, 293) 1530
(445, 292) 1531
(441, 292) 1532
(437, 292) 1533
(433, 291) 1534
(428, 291) 1535
(422, 291) 1536
(416, 290) 1537
(410, 290) 1538
(404, 289) 1539
(398, 288) 1540
(392, 288) 1541
(386, 287) 1542
(380, 287) 1543
(375, 286) 1544
(370, 286) 1545
(366, 285) 1546
(362, 285) 1547
(358, 284) 1548
(355, 284) 1549
(353, 283) 1550
(351, 283) 1551
(349, 282) 1552
(347, 282) 1553
(346, 281) 1554
(344, 281) 1555
(344, 281) 1556
(343, 280) 1557
(343, 280) 1558
(343, 280) 1559
(343, 279) 1560
(344, 279) 1561
(344, 279) 1562
(344, 278) 1563
(345, 278) 1564
(346, 278) 1565
(346, 277) 1566
(347, 277) 1567
(347, 277) 1568
(348, 277) 1569
(349, 276) 1570
(349, 276) 1571
(349, 276) 1572
(350, 276) 1573
(350, 275) 1574
(350, 275) 1575
(351, 275) 1576
(351, 275) 1577
(351, 274) 1578
(352, 274) 1579
(352, 274) 1580
(352, 274) 1581
(353, 274) 1582
(353, 274) 1583
(353, 274) 1584
(353, 273) 1585
(354, 273) 1586
(354, 273) 1587
(354, 273) 1588
(354, 273) 1589
(354, 273) 1590
(355, 273) 1591
(355, 273) 1592
(355, 273) 1593
(355, 273) 1594
(356, 273) 1595
(356, 272) 1596
(356, 272) 1597
(357, 272) 1598
(357, 272) 1599
(357, 272) 1600
(358, 272) 1601
(358, 272) 1602
(359, 272) 1603
(360, 272) 1604
(360, 272) 1605
(361, 272) 1606
(362, 272) 1607
(363, 272) 1608
(364, 272) 1609
(366, 272) 1610
(367, 272) 1611
(369, 272) 1612
(371, 272) 1613
(373, 272) 1614
(375, 272) 1615
(377, 272) 1616
(380, 272) 1617
(383, 272) 1618
(386, 272) 1619
(390, 272) 1620
(394, 272) 1621
(399, 273) 1622
(404, 273) 1623
(410, 273) 1624
(416, 273) 1625
(423, 274) 1626
(430, 274) 1627
(438, 274) 1628
(445, 275) 1629
(452, 275) 1630
(458, 275) 1631
(465, 276) 1632
(471, 276) 1633
(476, 276) 1634
(480, 276) 1635
(484, 277) 1636
(487, 277) 1637
(490, 277) 1638
(491, 277) 1639
(492, 278) 1640
(493, 278) 1641
(493, 278) 1642
(493, 278) 1643
(493, 278) 1644
(492, 278) 1645
(492, 279) 1646
(491, 279) 1647
(491, 279) 1648
(490, 279) 1649
(490, 279) 1650
(489, 280) 1651
(487, 280) 1652
(486, 280) 1653
(484, 281) 1654
(481, 281) 1655
(479, 281) 1656
(477, 282) 1657
(473, 282) 1658
(469, 282) 1659
(464, 283) 1660
(460, 283) 1661
(943, 458) 1372
(945, 457) 1373
(947, 457) 1374
(947, 457) 1375
(945, 457) 1376
(944, 458) 1377
(944, 459) 1378
(944, 460) 1379
(945, 461) 1380
(945, 462) 1381
(945, 463) 1382
(946, 463) 1383
(948, 464) 1384
(949, 465) 1385
(950, 466) 1386
(950, 466) 1387
(951, 467) 1388
(951, 468) 1389
(952, 467) 1390
(952, 467) 1391
(952, 466) 1392
(952, 466) 1393
(952, 466) 1394
(953, 465) 1395
(953, 465) 1396
(954, 464) 1397
(954, 463) 1398
(954, 463) 1399
(954, 463) 1400
(956, 463) 1401
(961, 463) 1402
(963, 465) 1403
(970, 465) 1404
(976, 466) 1405
(978, 467) 1406
(979, 468) 1407
(981, 468) 1408
(981, 469) 1409
(982, 470) 1410
(982, 470) 1411
(982, 471) 1412
(983, 472) 1413
(982, 472) 1414
(980, 472) 1415
(979, 472) 1416
(977, 472) 1417
(975, 472) 1418
(973, 473) 1419
(971, 473) 1420
(969, 473) 1421
(967, 473) 1422
(965, 473) 1423
(966, 474) 1424
(967, 474) 1425
(971, 475) 1426
(975, 475) 1427
(978, 476) 1428
(976, 476) 1429
(972, 476) 1430
(968, 476) 1431
(968, 477) 1432
(969, 478) 1433
(972, 478) 1434
(974, 479) 1435
(976, 480) 1436
(977, 480) 1437
(977, 481) 1438
(975, 481) 1439
(970, 481) 1440
(965, 480) 1441
(960, 480) 1442
(956, 480) 1443
(954, 479) 1444
(952, 479) 1445
(950, 479) 1446
(948, 479) 1447
(946, 478) 1448
(940, 479) 1449
(936, 480) 1450
(931, 481) 1451
(928, 482) 1452
(924, 483) 1453
(920, 484) 1454
(917, 485) 1455
(914, 486) 1456
(911, 487) 1457
(908, 488) 1458
(906, 489) 1459
(906, 490) 1460
(907, 489) 1461
(909, 489) 1462
(912, 489) 1463
(914, 489) 1464
(916, 489) 1465
(918, 489) 1466
(920, 488) 1467
(923, 489) 1468
(923, 489) 1469
(921, 490) 1470
(915, 490) 1471
(910, 491) 1472
(909, 491) 1473
(908, 491) 1474
(907, 492) 1475
(907, 493) 1476
(908, 494) 1477
(910, 494) 1478
(915, 495) 1479
(920, 496) 1480
(924, 497) 1481
(929, 498) 1482
(933, 499) 1483
(936, 500) 1484
(938, 501) 1485
(938, 502) 1486
(935, 502) 1487
(931, 502) 1488
(931, 503) 1489
(930, 503) 1490
(930, 503) 1491
(929, 503) 1492
(922, 503) 1493
(915, 503) 1494
(910, 503) 1495
(911, 504) 1496
(916, 504) 1497
(921, 505) 1498
(920, 506) 1499
(919, 506) 1500
(920, 507) 1501
(922, 507) 1502
(923, 508) 1503
(925, 508) 1504
(925, 509) 1505
(926, 510) 1506
(929, 510) 1507
(932, 510) 1508
(929, 509) 1509
(925, 509) 1510
(923, 509) 1511
(923, 509) 1512
(925, 509) 1513
(928, 508) 1514
(931, 508) 1515
(933, 508) 1516
(934, 507) 1517
(934, 507) 1518
(934, 507) 1519
(936, 507) 1520
(935, 507) 1521
(933, 507) 1522
(932, 506) 1523
(930, 506) 1524
(929, 505) 1525
(929, 505) 1526
(929, 504) 1527
(928, 503) 1528
(928, 502) 1529
(927, 503) 1530
(923, 503) 1531
(920, 503) 1532
(917, 503) 1533
(915, 503) 1534
(913, 503) 1535
(911, 503) 1536
(911, 503) 1537
(914, 503) 1538
(919, 502) 1539
(924, 502) 1540
(929, 501) 1541
(932, 500) 1542
(933, 500) 1543
(938, 499) 1544
(936, 498) 1545
(935, 498) 1546
(933, 498) 1547
(933, 498) 1548
(938, 498) 1549
(943, 499) 1550
(948, 499) 1551
(953, 499) 1552
(956, 499) 1553
(956, 499) 1554
(954, 499) 1555
(951, 499) 1556
(952, 499) 1557
(945, 498) 1558
(939, 498) 1559
(933, 497) 1560
(928, 496) 1561
(924, 496) 1562
(920, 495) 1563
(916, 494) 1564
(913, 494) 1565
(910, 493) 1566
(908, 493) 1567
(905, 492) 1568
(903, 491) 1569
(901, 491) 1570
(899, 490) 1571
(896, 491) 1572
(893, 491) 1573
(890, 491) 1574
(888, 491) 1575
(884, 491) 1576
(1364, 539) 1409
(1364, 538) 1410
(1364, 538) 1411
(1365, 539) 1412
(1368, 539) 1413
(1370, 539) 1414
(1371, 539) 1415
(1373, 539) 1416
(1375, 539) 1417
(1376, 539) 1418
(1377, 538) 1419
(1381, 538) 1420
(1384, 537) 1421
(1387, 537) 1422
(1390, 536) 1423
(1393, 536) 1424
(1395, 535) 1425
(1398, 533) 1426
(1400, 532) 1427
(1402, 531) 1428
(1404, 530) 1429
(1406, 529) 1430
(1408, 528) 1431
(1407, 528) 1432
(1406, 527) 1433
(1398, 527) 1434
(1391, 527) 1435
(1385, 527) 1436
(1379, 527) 1437
(1374, 527) 1438
(1369, 527) 1439
(1365, 527) 1440
(1362, 527) 1441
(1358, 527) 1442
(1355, 527) 1443
(1352, 527) 1444
(1350, 527) 1445
(1348, 527) 1446
(1346, 527) 1447
(1344, 527) 1448
(1342, 528) 1449
(1341, 528) 1450
(1340, 528) 1451
(1339, 528) 1452
(1337, 528) 1453
(1337, 528) 1454
(1336, 528) 1455
(1335, 528) 1456
(1334, 528) 1457
(1331, 528) 1458
(1327, 529) 1459
(1327, 529) 1460
(1327, 529) 1461
(1327, 530) 1462
(1327, 530) 1463
(1327, 530) 1464
(1328, 530) 1465
(1328, 530) 1466
(1327, 530) 1467
(1319, 530) 1468
(1311, 531) 1469
(1304, 531) 1470
(1298, 531) 1471
(1292, 531) 1472
(1287, 531) 1473
(1282, 532) 1474
(1278, 532) 1475
(1274, 532) 1476
(1271, 532) 1477
(1260, 532) 1478
(1251, 532) 1479
(1244, 532) 1480
(1237, 532) 1481
(1237, 533) 1482
(1237, 534) 1483
(1236, 534) 1484
(749, 567) 1438
(748, 567) 1439
(747, 567) 1440
(746, 567) 1441
(746, 567) 1442
(747, 566) 1443
(748, 566) 1444
(749, 565) 1445
(750, 564) 1446
(750, 563) 1447
(751, 562) 1448
(752, 561) 1449
(752, 560) 1450
(753, 560) 1451
(753, 559) 1452
(754, 558) 1453
(754, 557) 1454
(754, 557) 1455
(754, 556) 1456
(753, 556) 1457
(751, 556) 1458
(750, 556) 1459
(748, 556) 1460
(747, 556) 1461
(746, 556) 1462
(745, 556) 1463
(745, 556) 1464
(745, 556) 1465
(746, 556) 1466
(746, 556) 1467
(747, 556) 1468
(747, 555) 1469
(741, 554) 1470
(737, 553) 1471
(735, 553) 1472
(733, 553) 1473
(732, 553) 1474
(730, 552) 1475
(729, 552) 1476
(728, 552) 1477
(727, 552) 1478
(726, 552) 1479
(725, 551) 1480
(725, 551) 1481
(724, 551) 1482
(724, 551) 1483
(723, 551) 1484
(723, 550) 1485
(722, 550) 1486
(722, 550) 1487
(722, 550) 1488
(722, 550) 1489
(724, 549) 1490
(724, 549) 1491
(725, 549) 1492
(725, 549) 1493
(725, 549) 1494
(720, 549) 1495
(720, 548) 1496
(720, 547) 1497
(716, 547) 1498
(693, 566) 1519
(693, 566) 1520
(693, 566) 1521
(693, 566) 1522
(698, 565) 1523
(703, 565) 1524
(714, 564) 1525
(724, 563) 1526
(733, 562) 1527
(741, 562) 1528
(750, 561) 1529
(757, 561) 1530
(764, 561) 1531
(771, 560) 1532
(776, 560) 1533
(782, 560) 1534
(786, 559) 1535
(790, 559) 1536
(794, 559) 1537
(798, 558) 1538
(796, 558) 1539
(795, 557) 1540
(794, 556) 1541
(793, 556) 1542
(792, 555) 1543
(791, 554) 1544
(791, 554) 1545
(790, 553) 1546
(790, 553) 1547
(789, 552) 1548
(783, 551) 1549
(778, 550) 1550
(773, 550) 1551
(768, 549) 1552
(763, 548) 1553
(760, 547) 1554
(756, 546) 1555
(748, 545) 1556
(740, 544) 1557
(734, 543) 1558
(728, 542) 1559
(723, 541) 1560
(719, 540) 1561
(716, 539) 1562
(713, 538) 1563
(711, 537) 1564
(709, 536) 1565
(708, 535) 1566
(708, 534) 1567
(709, 533) 1568
(710, 532) 1569
(711, 531) 1570
(713, 530) 1571
(714, 529) 1572
(715, 528) 1573
(715, 528) 1574
(716, 527) 1575
(717, 526) 1576
(717, 525) 1577
(718, 524) 1578
(721, 523) 1579
(723, 522) 1580
(719, 521) 1581
(863, 530) 1604
(863, 530) 1605
(863, 530) 1606
(863, 530) 1607
(863, 530) 1608
(870, 530) 1609
(876, 530) 1610
(882, 530) 1611
(889, 530) 1612
(896, 529) 1613
(904, 528) 1614
(914, 527) 1615
(924, 526) 1616
(934, 525) 1617
(942, 524) 1618
(949, 523) 1619
(956, 522) 1620
(963, 521) 1621
(970, 520) 1622
(974, 520) 1623
(981, 518) 1624
(984, 518) 1625
(987, 517) 1626
(986, 517) 1627
(987, 517) 1628
(987, 516) 1629
(989, 516) 1630
(991, 516) 1631
(993, 515) 1632
(994, 515) 1633
(995, 515) 1634
(996, 515) 1635
(997, 515) 1636
(997, 514) 1637
(998, 514) 1638
(999, 514) 1639
(999, 514) 1640
(999, 514) 1641
(997, 513) 1642
(995, 513) 1643
(993, 513) 1644
(992, 513) 1645
(990, 513) 1646
(989, 513) 1647
(988, 513) 1648
(987, 513) 1649
(987, 513) 1650
(989, 512) 1651
(990, 512) 1652
(992, 511) 1653
(994, 511) 1654
(995, 510) 1655
(996, 510) 1656
(996, 510) 1657
(997, 510) 1658
(997, 510) 1659
(998, 510) 1660
(998, 509) 1661
(999, 509) 1662
(998, 509) 1663
(995, 509) 1664
(990, 509) 1665
(984, 510) 1666
(977, 510) 1667
(972, 510) 1668
(959, 510) 1669
(954, 511) 1670
(950, 511) 1671
(947, 511) 1672
(944, 511) 1673
(937, 511) 1674
(933, 511) 1675
(935, 510) 1676
(935, 510) 1677
(928, 510) 1678
(922, 510) 1679
(916, 510) 1680
(911, 510) 1681
(907, 510) 1682
(903, 510) 1683
(899, 510) 1684
(896, 510) 1685
(893, 510) 1686
(882, 510) 1687
(871, 511) 1688
(862, 511) 1689
(852, 512) 1690
(844, 512) 1691
(838, 512) 1692
(833, 513) 1693
(824, 513) 1694
(814, 514) 1695
(806, 515) 1696
(799, 515) 1697
(792, 516) 1698
(786, 516) 1699
(780, 517) 1700
(776, 517) 1701
(771, 518) 1702
(767, 518) 1703
(764, 519) 1704
(760, 519) 1705
(760, 520) 1706
(759, 520) 1707
(759, 521) 1708
(759, 522) 1709
(762, 522) 1710
(765, 522) 1711
(768, 523) 1712
(770, 523) 1713
(772, 523) 1714
(774, 524) 1715
(775, 524) 1716
(777, 524) 1717
(655, 490) 1607
(655, 490) 1608
(656, 490) 1609
(657, 490) 1610
(657, 490) 1611
(658, 490) 1612
(659, 490) 1613
(659, 490) 1614
(660, 490) 1615
(661, 490) 1616
(661, 490) 1617
(662, 490) 1618
(662, 490) 1619
(662, 490) 1620
(663, 490) 1621
(663, 490) 1622
(663, 490) 1623
(663, 490) 1624
(664, 490) 1625
(664, 490) 1626
(664, 490) 1627
(664, 490) 1628
(664, 490) 1629
(664, 490) 1630
(664, 490) 1631
(657, 491) 1632
(651, 492) 1633
(645, 493) 1634
(640, 494) 1635
(635, 495) 1636
(631, 496) 1637
(627, 496) 1638
(624, 497) 1639
(621, 498) 1640
(618, 499) 1641
(619, 500) 1642
(621, 501) 1643
(622, 503) 1644
(623, 504) 1645
(624, 505) 1646
(625, 506) 1647
(626, 507) 1648
(627, 508) 1649
(626, 510) 1650
(622, 510) 1651
(621, 511) 1652
(620, 513) 1653
(620, 514) 1654
(619, 515) 1655
(617, 515) 1656
(614, 516) 1657
(612, 517) 1658
(609, 518) 1659
(608, 519) 1660
(606, 519) 1661
(598, 520) 1662
(591, 520) 1663
(582, 520) 1664
(581, 520) 1665
(579, 520) 1666
(578, 520) 1667
(576, 521) 1668
(575, 521) 1669
(576, 522) 1670
(576, 523) 1671
(576, 524) 1672
(576, 524) 1673
(574, 525) 1674
(573, 525) 1675
(571, 525) 1676
(569, 525) 1677
(568, 526) 1678
(568, 526) 1679
(575, 527) 1680
(580, 527) 1681
(584, 527) 1682
(588, 527) 1683
(592, 528) 1684
(595, 528) 1685
(598, 528) 1686
(601, 528) 1687
(603, 528) 1688
(605, 528) 1689
(607, 528) 1690
(609, 528) 1691
(611, 528) 1692
(612, 529) 1693
(613, 529) 1694
(615, 529) 1695
(615, 529) 1696
(614, 529) 1697
(613, 530) 1698
(613, 530) 1699
(614, 531) 1700
(614, 531) 1701
(614, 532) 1702
(614, 532) 1703
(615, 533) 1704
(615, 533) 1705
(616, 533) 1706
(616, 534) 1707
(616, 534) 1708
(616, 534) 1709
(616, 534) 1710
(616, 535) 1711
(614, 535) 1712
(614, 536) 1713
(614, 536) 1714
(612, 536) 1715
(614, 537) 1716
(615, 537) 1717
(615, 537) 1718
(612, 537) 1719
(607, 537) 1720
