(912, 441) 20
(908, 441) 21
(908, 440) 22
(908, 441) 23
(908, 440) 24
(903, 440) 25
(894, 440) 26
(888, 440) 27
(882, 440) 28
(873, 440) 29
(864, 440) 30
(857, 440) 31
(850, 440) 32
(843, 441) 33
(830, 441) 34
(817, 441) 35
(804, 441) 36
(793, 442) 37
(786, 442) 38
(778, 442) 39
(770, 442) 40
(763, 442) 41
(756, 443) 42
(751, 443) 43
(745, 443) 44
(745, 444) 45
(745, 445) 46
(749, 446) 47
(752, 447) 48
(755, 448) 49
(762, 450) 50
(769, 451) 51
(775, 452) 52
(787, 454) 53
(797, 455) 54
(807, 456) 55
(815, 457) 56
(823, 458) 57
(830, 459) 58
(836, 460) 59
(841, 461) 60
(854, 462) 61
(865, 462) 62
(876, 462) 63
(885, 462) 64
(894, 461) 65
(901, 461) 66
(908, 461) 67
(914, 461) 68
(919, 460) 69
(923, 460) 70
(927, 460) 71
(930, 460) 72
(933, 460) 73
(936, 460) 74
(936, 459) 75
(933, 460) 76
(931, 460) 77
(930, 460) 78
(928, 460) 79
(927, 460) 80
(926, 460) 81
(925, 460) 82
(918, 460) 83
(913, 461) 84
(907, 461) 85
(902, 461) 86
(898, 462) 87
(894, 462) 88
(891, 463) 89
(887, 463) 90
(885, 463) 91
(882, 464) 92
(880, 464) 93
(880, 463) 94
(876, 462) 95
(879, 461) 96
(883, 460) 97
(886, 459) 98
(888, 459) 99
(889, 459) 100
(890, 459) 101
(891, 459) 102
(892, 459) 103
(892, 459) 104
(899, 460) 105
(906, 459) 106
(912, 459) 107
(918, 458) 108
(927, 459) 109
(935, 460) 110
(939, 459) 111
(943, 459) 112
(946, 458) 113
(949, 458) 114
(949, 457) 115
(949, 457) 116
(947, 457) 117
(947, 456) 118
(953, 457) 119
(957, 458) 120
(958, 457) 121
(965, 457) 122
(965, 456) 123
(965, 455) 124
(968, 454) 125
(968, 453) 126
(968, 453) 127
(967, 451) 128
(964, 451) 129
(962, 449) 130
(960, 448) 131
(955, 448) 132
(951, 449) 133
(946, 449) 134
(943, 449) 135
(943, 449) 136
(947, 449) 137
(952, 449) 138
(959, 449) 139
(965, 449) 140
(970, 449) 141
(975, 449) 142
(972, 448) 143
(969, 448) 144
(968, 448) 145
(964, 449) 146
(959, 450) 147
(955, 450) 148
(951, 451) 149
(948, 451) 150
(944, 451) 151
(942, 452) 152
(940, 452) 153
(941, 452) 154
(941, 452) 155
(940, 451) 156
(934, 450) 157
(930, 449) 158
(928, 447) 159
(926, 446) 160
(926, 445) 161
(926, 444) 162
(923, 444) 163
(918, 444) 164
(910, 443) 165
(902, 443) 166
(897, 444) 167
(893, 444) 168
(889, 445) 169
(882, 446) 170
(878, 446) 171
(868, 447) 172
(859, 448) 173
(851, 448) 174
(848, 449) 175
(844, 449) 176
(840, 450) 177
(837, 450) 178
(834, 450) 179
(832, 451) 180
(830, 451) 181
(830, 451) 182
(830, 451) 183
(830, 452) 184
(831, 453) 185
(832, 454) 186
(834, 454) 187
(836, 455) 188
(837, 456) 189
(838, 457) 190
(838, 457) 191
(839, 458) 192
(839, 459) 193
(840, 460) 194
(847, 460) 195
(853, 460) 196
(858, 459) 197
(861, 459) 198
(866, 459) 199
(871, 458) 200
(876, 458) 201
(875, 458) 202
(875, 459) 203
(875, 459) 204
(874, 459) 205
(874, 460) 206
(874, 460) 207
(873, 460) 208
(873, 461) 209
(873, 461) 210
(873, 461) 211
(874, 461) 212
(875, 462) 213
(875, 460) 214
(876, 459) 215
(875, 459) 216
(875, 459) 217
(874, 459) 218
(874, 459) 219
(874, 459) 220
(874, 459) 221
(874, 460) 222
(874, 460) 223
(879, 460) 224
(1460, 561) 46
(1460, 561) 47
(1459, 561) 48
(1458, 561) 49
(1455, 561) 50
(1452, 561) 51
(1450, 562) 52
(1447, 562) 53
(1445, 562) 54
(1444, 562) 55
(1442, 562) 56
(1443, 561) 57
(1444, 560) 58
(1445, 559) 59
(1446, 558) 60
(1448, 557) 61
(1448, 556) 62
(1449, 556) 63
(1450, 555) 64
(1451, 554) 65
(1451, 553) 66
(1452, 553) 67
(1452, 552) 68
(1446, 551) 69
(1442, 551) 70
(1439, 551) 71
(1436, 552) 72
(1434, 552) 73
(1431, 552) 74
(1429, 553) 75
(1428, 553) 76
(1426, 553) 77
(1424, 554) 78
(1423, 554) 79
(1422, 554) 80
(1421, 554) 81
(1421, 555) 82
(1423, 555) 83
(1426, 556) 84
(1426, 557) 85
(1427, 557) 86
(1428, 557) 87
(1428, 558) 88
(1429, 558) 89
(1429, 559) 90
(1430, 559) 91
(1430, 560) 92
(1430, 560) 93
(1431, 560) 94
(1431, 561) 95
(1431, 561) 96
(1431, 562) 97
(1432, 562) 98
(1432, 562) 99
(1432, 563) 100
(1432, 563) 101
(1436, 562) 102
(1442, 562) 103
(1450, 561) 104
(1456, 560) 105
(1460, 559) 106
(1464, 558) 107
(1463, 557) 108
(1462, 556) 109
(1459, 555) 110
(1457, 555) 111
(1456, 553) 112
(1455, 552) 113
(1455, 551) 114
(1454, 549) 115
(1454, 548) 116
(1453, 547) 117
(1453, 546) 118
(1452, 544) 119
(1452, 543) 120
(1452, 542) 121
(1455, 540) 122
(1455, 539) 123
(1455, 539) 124
(1257, 693) 47
(1256, 693) 48
(1256, 693) 49
(1256, 693) 50
(1256, 693) 51
(1256, 693) 52
(1256, 693) 53
(1256, 693) 54
(1256, 693) 55
(1256, 693) 56
(1256, 693) 57
(1255, 693) 58
(1255, 693) 59
(1255, 693) 60
(1255, 693) 61
(1255, 693) 62
(1255, 693) 63
(1255, 693) 64
(1255, 693) 65
(1255, 693) 66
(1253, 693) 67
(1253, 692) 68
(1250, 692) 69
(1248, 691) 70
(1247, 691) 71
(1246, 690) 72
(1246, 689) 73
(1245, 689) 74
(1244, 688) 75
(1244, 687) 76
(1243, 687) 77
(1243, 686) 78
(1243, 684) 79
(1243, 682) 80
(1242, 680) 81
(1241, 678) 82
(1241, 677) 83
(1240, 675) 84
(1240, 673) 85
(1239, 671) 86
(1239, 669) 87
(1239, 668) 88
(1237, 667) 89
(1235, 667) 90
(1235, 667) 91
(1235, 667) 92
(1239, 668) 93
(1248, 668) 94
(1255, 668) 95
(1263, 668) 96
(1272, 668) 97
(1279, 668) 98
(1285, 668) 99
(1291, 668) 100
(1303, 668) 101
(1313, 668) 102
(1324, 669) 103
(1329, 669) 104
(1333, 669) 105
(1338, 669) 106
(1348, 669) 107
(1355, 669) 108
(1362, 669) 109
(1368, 669) 110
(1373, 669) 111
(1376, 668) 112
(1379, 665) 113
(1381, 662) 114
(1383, 660) 115
(1385, 657) 116
(1387, 654) 117
(1390, 651) 118
(1392, 647) 119
(1395, 644) 120
(1394, 641) 121
(1391, 637) 122
(1389, 634) 123
(1389, 630) 124
(1393, 627) 125
(1400, 623) 126
(1407, 620) 127
(1413, 616) 128
(1419, 613) 129
(1424, 609) 130
(1425, 607) 131
(1427, 605) 132
(1429, 603) 133
(1434, 602) 134
(1438, 600) 135
(1441, 598) 136
(1443, 597) 137
(1443, 595) 138
(1442, 593) 139
(1438, 591) 140
(1430, 589) 141
(1423, 586) 142
(1416, 584) 143
(1409, 581) 144
(1404, 579) 145
(1406, 576) 146
(1407, 574) 147
(1409, 572) 148
(1411, 570) 149
(1412, 567) 150
(1412, 565) 151
(1410, 563) 152
(1401, 561) 153
(1397, 558) 154
(1393, 556) 155
(1391, 554) 156
(1389, 552) 157
(1384, 551) 158
(1377, 550) 159
(1371, 549) 160
(1365, 547) 161
(1360, 545) 162
(1361, 543) 163
(1361, 542) 164
(1360, 541) 165
(1358, 540) 166
(1354, 540) 167
(1354, 539) 168
(1351, 539) 169
(1353, 538) 170
(1355, 537) 171
(1360, 537) 172
(1365, 536) 173
(1369, 535) 174
(1373, 534) 175
(1376, 534) 176
(1377, 532) 177
(1377, 531) 178
(1372, 530) 179
(1368, 529) 180
(1365, 528) 181
(1362, 527) 182
(1356, 527) 183
(1350, 526) 184
(1346, 526) 185
(1341, 525) 186
(1337, 525) 187
(1328, 525) 188
(1320, 524) 189
(1315, 524) 190
(1314, 523) 191
(1314, 523) 192
(1314, 522) 193
(1316, 520) 194
(1318, 519) 195
(1317, 517) 196
(1316, 516) 197
(1315, 514) 198
(1314, 512) 199
(1313, 511) 200
(1312, 509) 201
(1311, 508) 202
(1311, 506) 203
(1310, 505) 204
(1310, 503) 205
(1309, 502) 206
(1309, 501) 207
(1308, 499) 208
(1303, 498) 209
(1298, 497) 210
(1293, 497) 211
(1288, 497) 212
(1277, 497) 213
(1267, 497) 214
(1257, 497) 215
(1249, 497) 216
(1241, 497) 217
(1228, 496) 218
(1216, 495) 219
(1206, 495) 220
(1196, 494) 221
(1188, 493) 222
(1180, 493) 223
(1170, 492) 224
(1160, 491) 225
(1152, 491) 226
(1146, 491) 227
(1141, 491) 228
(1135, 492) 229
(1132, 492) 230
(1130, 492) 231
(1129, 492) 232
(1127, 492) 233
(1126, 492) 234
(1124, 492) 235
(1123, 492) 236
(1123, 492) 237
(1127, 494) 238
(1131, 495) 239
(1135, 496) 240
(1138, 497) 241
(1141, 499) 242
(1144, 500) 243
(1146, 501) 244
(1148, 502) 245
(1150, 503) 246
(1152, 504) 247
(1154, 505) 248
(1155, 506) 249
(1156, 507) 250
(1158, 508) 251
(1159, 509) 252
(1160, 510) 253
(1160, 511) 254
(1157, 511) 255
(1155, 511) 256
(1153, 511) 257
(1150, 511) 258
(1149, 511) 259
(1147, 511) 260
(1145, 511) 261
(1144, 511) 262
(1143, 511) 263
(1142, 511) 264
(1141, 511) 265
(1140, 511) 266
(1139, 511) 267
(1138, 511) 268
(1137, 511) 269
(1137, 511) 270
(1136, 511) 271
(1132, 511) 272
(1130, 512) 273
(663, 468) 70
(665, 468) 71
(666, 468) 72
(667, 468) 73
(669, 468) 74
(670, 469) 75
(670, 469) 76
(671, 469) 77
(672, 469) 78
(673, 469) 79
(673, 470) 80
(674, 470) 81
(674, 470) 82
(675, 470) 83
(675, 470) 84
(677, 470) 85
(678, 470) 86
(679, 469) 87
(680, 469) 88
(681, 469) 89
(682, 468) 90
(683, 468) 91
(683, 468) 92
(684, 468) 93
(685, 468) 94
(685, 467) 95
(688, 467) 96
(690, 467) 97
(692, 467) 98
(693, 467) 99
(692, 466) 100
(691, 466) 101
(691, 465) 102
(690, 465) 103
(690, 464) 104
(690, 464) 105
(688, 464) 106
(686, 463) 107
(685, 463) 108
(684, 463) 109
(681, 463) 110
(671, 464) 111
(668, 463) 112
(665, 464) 113
(663, 464) 114
(661, 464) 115
(654, 465) 116
(647, 465) 117
(642, 466) 118
(637, 467) 119
(632, 467) 120
(628, 468) 121
(624, 469) 122
(614, 469) 123
(605, 469) 124
(597, 469) 125
(587, 471) 126
(578, 472) 127
(568, 473) 128
(560, 475) 129
(552, 477) 130
(545, 479) 131
(537, 480) 132
(526, 483) 133
(512, 484) 134
(501, 486) 135
(486, 487) 136
(471, 488) 137
(456, 489) 138
(441, 490) 139
(427, 491) 140
(418, 491) 141
(411, 491) 142
(404, 491) 143
(399, 490) 144
(394, 490) 145
(393, 490) 146
(390, 490) 147
(387, 491) 148
(384, 491) 149
(377, 491) 150
(365, 492) 151
(356, 493) 152
(353, 492) 153
(353, 492) 154
(351, 491) 155
(349, 491) 156
(343, 491) 157
(339, 491) 158
(334, 491) 159
(325, 491) 160
(317, 491) 161
(307, 491) 162
(298, 491) 163
(289, 491) 164
(275, 491) 165
(262, 491) 166
(250, 491) 167
(239, 491) 168
(229, 490) 169
(221, 490) 170
(213, 490) 171
(206, 490) 172
(192, 490) 173
(180, 490) 174
(168, 491) 175
(158, 491) 176
(150, 491) 177
(142, 492) 178
(135, 492) 179
(130, 493) 180
(125, 493) 181
(120, 494) 182
(117, 495) 183
(114, 495) 184
(111, 495) 185
(109, 494) 186
(107, 494) 187
(106, 495) 188
(1796, 646) 84
(1794, 646) 85
(1790, 646) 86
(1788, 646) 87
(1784, 644) 88
(1780, 643) 89
(1776, 642) 90
(1773, 641) 91
(1769, 640) 92
(1765, 639) 93
(1764, 639) 94
(1763, 639) 95
(1762, 638) 96
(1761, 638) 97
(1760, 638) 98
(1759, 638) 99
(1758, 637) 100
(1758, 637) 101
(1757, 637) 102
(1757, 637) 103
(1756, 636) 104
(1756, 636) 105
(1755, 636) 106
(1755, 636) 107
(1755, 634) 108
(1754, 633) 109
(1754, 631) 110
(1745, 630) 111
(1738, 629) 112
(1727, 628) 113
(1722, 628) 114
(1715, 627) 115
(1705, 625) 116
(1696, 623) 117
(1689, 621) 118
(1683, 620) 119
(1672, 618) 120
(1662, 616) 121
(1653, 614) 122
(1644, 612) 123
(1636, 611) 124
(1635, 610) 125
(1635, 609) 126
(1636, 608) 127
(1639, 607) 128
(1640, 606) 129
(1640, 605) 130
(1640, 604) 131
(1640, 603) 132
(1640, 602) 133
(1645, 601) 134
(1649, 600) 135
(1653, 598) 136
(1657, 597) 137
(1660, 596) 138
(1663, 595) 139
(1665, 595) 140
(1669, 593) 141
(1668, 593) 142
(1664, 592) 143
(1661, 592) 144
(1661, 591) 145
(1658, 590) 146
(1655, 589) 147
(1646, 587) 148
(1637, 586) 149
(1628, 584) 150
(1621, 582) 151
(1614, 581) 152
(1607, 580) 153
(1603, 580) 154
(1600, 580) 155
(1599, 581) 156
(1598, 581) 157
(1595, 582) 158
(1593, 583) 159
(1591, 583) 160
(1586, 584) 161
(1581, 584) 162
(1571, 586) 163
(1561, 587) 164
(1551, 588) 165
(1542, 590) 166
(1535, 591) 167
(1528, 593) 168
(1521, 594) 169
(1516, 595) 170
(1510, 597) 171
(1506, 598) 172
(1502, 599) 173
(1498, 600) 174
(1495, 602) 175
(1492, 603) 176
(1489, 604) 177
(1486, 605) 178
(1484, 606) 179
(1479, 607) 180
(1474, 608) 181
(1469, 609) 182
(1465, 609) 183
(1461, 610) 184
(1458, 611) 185
(1455, 612) 186
(1452, 612) 187
(1449, 613) 188
(1446, 614) 189
(1444, 616) 190
(1441, 617) 191
(1441, 618) 192
(1443, 620) 193
(1446, 622) 194
(1449, 623) 195
(1452, 625) 196
(1453, 626) 197
(1454, 627) 198
(1456, 627) 199
(1458, 628) 200
(1464, 629) 201
(1469, 629) 202
(1474, 630) 203
(1479, 630) 204
(1483, 631) 205
(1487, 631) 206
(1490, 632) 207
(1493, 632) 208
(1492, 632) 209
(1492, 633) 210
(1492, 633) 211
(1492, 633) 212
(1491, 633) 213
(1491, 633) 214
(1491, 633) 215
(1491, 633) 216
(1491, 633) 217
(1490, 633) 218
(1490, 633) 219
(1490, 633) 220
(1490, 634) 221
(1490, 634) 222
(1490, 634) 223
(1490, 634) 224
(1490, 633) 225
(1491, 633) 226
(1490, 634) 227
(1489, 635) 228
(1488, 636) 229
(1486, 637) 230
(1485, 638) 231
(1484, 639) 232
(265, 510) 103
(265, 510) 104
(267, 511) 105
(269, 511) 106
(271, 512) 107
(274, 512) 108
(276, 512) 109
(279, 513) 110
(282, 513) 111
(283, 512) 112
(286, 513) 113
(286, 513) 114
(285, 513) 115
(280, 513) 116
(277, 513) 117
(274, 513) 118
(272, 514) 119
(270, 514) 120
(270, 514) 121
(269, 514) 122
(265, 515) 123
(266, 515) 124
(268, 515) 125
(268, 516) 126
(270, 517) 127
(271, 517) 128
(270, 516) 129
(270, 516) 130
(269, 515) 131
(268, 514) 132
(268, 513) 133
(267, 512) 134
(266, 511) 135
(265, 510) 136
(264, 509) 137
(264, 508) 138
(263, 507) 139
(263, 507) 140
(262, 506) 141
(262, 505) 142
(261, 504) 143
(261, 503) 144
(260, 503) 145
(260, 502) 146
(260, 501) 147
(260, 500) 148
(259, 500) 149
(258, 499) 150
(257, 498) 151
(257, 497) 152
(256, 497) 153
(256, 496) 154
(255, 495) 155
(255, 495) 156
(254, 494) 157
(254, 493) 158
(254, 493) 159
(253, 492) 160
(253, 491) 161
(253, 491) 162
(253, 490) 163
(253, 490) 164
(253, 489) 165
(253, 489) 166
(252, 489) 167
(251, 489) 168
(251, 489) 169
(259, 490) 170
(268, 490) 171
(275, 490) 172
(280, 490) 173
(291, 490) 174
(301, 490) 175
(309, 490) 176
(310, 490) 177
(310, 489) 178
(314, 489) 179
(318, 489) 180
(321, 488) 181
(324, 488) 182
(324, 488) 183
(323, 488) 184
(318, 488) 185
(322, 487) 186
(326, 487) 187
(324, 487) 188
(322, 487) 189
(323, 486) 190
(324, 486) 191
(324, 486) 192
(324, 485) 193
(325, 485) 194
(329, 485) 195
(327, 485) 196
(324, 485) 197
(321, 485) 198
(319, 485) 199
(317, 485) 200
(317, 485) 201
(316, 485) 202
(316, 485) 203
(312, 484) 204
(315, 484) 205
(315, 484) 206
(312, 484) 207
(307, 483) 208
(305, 484) 209
(304, 484) 210
(303, 483) 211
(303, 483) 212
(303, 483) 213
(306, 483) 214
(310, 483) 215
(311, 483) 216
(311, 483) 217
(312, 483) 218
(311, 482) 219
(310, 482) 220
(312, 482) 221
(314, 482) 222
(313, 482) 223
(313, 482) 224
(313, 482) 225
(319, 483) 226
(319, 484) 227
(323, 484) 228
(326, 484) 229
(329, 484) 230
(332, 485) 231
(330, 485) 232
(330, 485) 233
(332, 485) 234
(333, 485) 235
(332, 485) 236
(329, 485) 237
(331, 486) 238
(330, 486) 239
(330, 486) 240
(328, 486) 241
(327, 487) 242
(326, 487) 243
(324, 487) 244
(321, 487) 245
(322, 487) 246
(323, 488) 247
(324, 488) 248
(324, 488) 249
(324, 488) 250
(324, 488) 251
(323, 488) 252
(323, 488) 253
(323, 488) 254
(322, 488) 255
(322, 488) 256
(322, 488) 257
(322, 488) 258
(322, 488) 259
(322, 488) 260
(322, 488) 261
(322, 488) 262
(323, 488) 263
(327, 487) 264
(332, 487) 265
(336, 487) 266
(334, 487) 267
(335, 487) 268
(336, 487) 269
(337, 487) 270
(337, 487) 271
(336, 487) 272
(332, 487) 273
(336, 487) 274
(339, 487) 275
(342, 488) 276
(342, 488) 277
(339, 488) 278
(338, 488) 279
(337, 488) 280
(335, 488) 281
(334, 488) 282
(332, 488) 283
(333, 488) 284
(333, 488) 285
(334, 489) 286
(335, 489) 287
(334, 489) 288
(335, 489) 289
(337, 489) 290
(339, 489) 291
(341, 489) 292
(343, 489) 293
(345, 489) 294
(346, 489) 295
(346, 489) 296
(345, 489) 297
(345, 490) 298
(351, 490) 299
(348, 490) 300
(346, 490) 301
(344, 491) 302
(342, 491) 303
(341, 491) 304
(339, 492) 305
(334, 492) 306
(330, 493) 307
(326, 494) 308
(330, 494) 309
(334, 494) 310
(337, 494) 311
(340, 494) 312
(343, 495) 313
(345, 495) 314
(343, 495) 315
(342, 494) 316
(339, 494) 317
(338, 494) 318
(339, 493) 319
(339, 493) 320
(342, 493) 321
(345, 492) 322
(348, 491) 323
(351, 491) 324
(351, 491) 325
(352, 490) 326
(353, 490) 327
(354, 490) 328
(355, 490) 329
(356, 491) 330
(357, 491) 331
(357, 491) 332
(358, 491) 333
(358, 490) 334
(366, 490) 335
(379, 489) 336
(390, 489) 337
(401, 488) 338
(410, 488) 339
(418, 488) 340
(426, 487) 341
(432, 487) 342
(439, 487) 343
(444, 486) 344
(444, 487) 345
(444, 487) 346
(444, 488) 347
(443, 489) 348
(443, 489) 349
(443, 490) 350
(443, 490) 351
(443, 491) 352
(443, 491) 353
(443, 492) 354
(443, 492) 355
(443, 493) 356
(443, 493) 357
(443, 494) 358
(443, 494) 359
(443, 494) 360
(443, 495) 361
(443, 495) 362
(443, 496) 363
(443, 496) 364
(443, 495) 365
(443, 495) 366
(446, 494) 367
(445, 494) 368
(445, 493) 369
(444, 493) 370
(444, 492) 371
(439, 493) 372
(436, 493) 373
(433, 493) 374
(429, 493) 375
(424, 494) 376
(422, 494) 377
(1228, 523) 125
(1233, 523) 126
(1237, 521) 127
(1242, 520) 128
(1246, 519) 129
(1250, 518) 130
(1253, 517) 131
(1257, 516) 132
(1259, 515) 133
(1262, 514) 134
(1264, 512) 135
(1266, 511) 136
(1269, 511) 137
(1273, 510) 138
(1277, 509) 139
(1280, 509) 140
(1283, 508) 141
(1286, 507) 142
(1288, 507) 143
(1290, 506) 144
(1290, 505) 145
(1288, 504) 146
(1282, 503) 147
(1275, 502) 148
(1266, 501) 149
(1254, 501) 150
(1244, 501) 151
(1238, 500) 152
(1233, 501) 153
(1227, 501) 154
(1222, 502) 155
(1216, 503) 156
(1212, 503) 157
(1208, 504) 158
(1204, 504) 159
(1201, 505) 160
(1198, 506) 161
(1195, 506) 162
(1193, 507) 163
(1186, 508) 164
(1180, 508) 165
(1175, 507) 166
(1170, 506) 167
(1163, 505) 168
(1156, 503) 169
(1150, 502) 170
(1142, 500) 171
(1136, 499) 172
(1130, 497) 173
(1125, 496) 174
(1121, 494) 175
(1117, 492) 176
(1109, 492) 177
(1101, 491) 178
(1093, 491) 179
(1086, 490) 180
(1075, 490) 181
(1065, 491) 182
(1055, 491) 183
(1054, 491) 184
(1053, 491) 185
(1053, 492) 186
(1052, 492) 187
(1049, 493) 188
(1049, 494) 189
(1054, 496) 190
(1059, 499) 191
(1064, 501) 192
(1067, 503) 193
(1071, 505) 194
(1073, 507) 195
(1075, 509) 196
(1078, 512) 197
(1080, 514) 198
(1082, 516) 199
(1084, 519) 200
(1086, 521) 201
(685, 487) 136
(681, 487) 137
(678, 487) 138
(676, 487) 139
(675, 487) 140
(673, 486) 141
(673, 485) 142
(675, 485) 143
(677, 485) 144
(681, 484) 145
(679, 484) 146
(677, 483) 147
(675, 483) 148
(673, 482) 149
(672, 482) 150
(670, 481) 151
(669, 481) 152
(669, 480) 153
(665, 481) 154
(662, 481) 155
(660, 481) 156
(658, 481) 157
(656, 480) 158
(654, 480) 159
(652, 480) 160
(651, 480) 161
(649, 480) 162
(646, 480) 163
(646, 480) 164
(646, 481) 165
(647, 481) 166
(648, 481) 167
(649, 482) 168
(650, 482) 169
(650, 482) 170
(651, 482) 171
(651, 482) 172
(651, 482) 173
(652, 482) 174
(652, 482) 175
(650, 482) 176
(649, 482) 177
(648, 482) 178
(648, 482) 179
(648, 482) 180
(648, 482) 181
(644, 483) 182
(644, 483) 183
(642, 483) 184
(641, 483) 185
(639, 484) 186
(639, 484) 187
(640, 484) 188
(640, 484) 189
(640, 484) 190
(643, 484) 191
(646, 484) 192
(648, 484) 193
(651, 484) 194
(656, 484) 195
(660, 485) 196
(663, 485) 197
(664, 485) 198
(664, 485) 199
(664, 485) 200
(664, 485) 201
(664, 484) 202
(665, 484) 203
(665, 484) 204
(666, 484) 205
(666, 484) 206
(667, 483) 207
(667, 483) 208
(674, 483) 209
(675, 482) 210
(676, 482) 211
(678, 482) 212
(683, 482) 213
(683, 482) 214
(684, 482) 215
(681, 482) 216
(678, 482) 217
(673, 482) 218
(670, 482) 219
(667, 482) 220
(664, 482) 221
(663, 482) 222
(661, 482) 223
(661, 482) 224
(661, 483) 225
(662, 484) 226
(661, 484) 227
(660, 485) 228
(660, 484) 229
(660, 485) 230
(667, 484) 231
(671, 484) 232
(671, 483) 233
(673, 483) 234
(678, 482) 235
(683, 481) 236
(682, 480) 237
(681, 480) 238
(680, 479) 239
(679, 479) 240
(678, 478) 241
(677, 477) 242
(676, 477) 243
(673, 476) 244
(672, 475) 245
(669, 475) 246
(666, 474) 247
(666, 473) 248
(662, 473) 249
(658, 472) 250
(655, 472) 251
(652, 471) 252
(650, 471) 253
(647, 470) 254
(645, 470) 255
(643, 470) 256
(642, 469) 257
(640, 469) 258
(639, 468) 259
(638, 468) 260
(637, 467) 261
(637, 467) 262
(637, 467) 263
(639, 466) 264
(640, 466) 265
(642, 465) 266
(642, 465) 267
(643, 465) 268
(644, 464) 269
(646, 464) 270
(649, 463) 271
(658, 463) 272
(664, 463) 273
(665, 462) 274
(665, 462) 275
(666, 461) 276
(667, 461) 277
(669, 461) 278
(671, 461) 279
(672, 460) 280
(674, 460) 281
(673, 460) 282
(672, 460) 283
(669, 460) 284
(666, 460) 285
(664, 460) 286
(662, 460) 287
(660, 460) 288
(659, 460) 289
(658, 460) 290
(657, 460) 291
(656, 460) 292
(656, 460) 293
(655, 460) 294
(655, 460) 295
(656, 460) 296
(657, 460) 297
(659, 460) 298
(660, 460) 299
(659, 459) 300
(659, 459) 301
(658, 459) 302
(658, 458) 303
(657, 458) 304
(657, 457) 305
(657, 458) 306
(657, 459) 307
(658, 459) 308
(660, 460) 309
(659, 460) 310
(658, 460) 311
(658, 461) 312
(658, 462) 313
(658, 463) 314
(658, 464) 315
(658, 465) 316
(659, 465) 317
(659, 466) 318
(659, 466) 319
(658, 465) 320
(657, 465) 321
(654, 465) 322
(651, 464) 323
(651, 464) 324
(650, 463) 325
(650, 463) 326
(653, 463) 327
(655, 464) 328
(656, 465) 329
(656, 465) 330
(657, 464) 331
(657, 465) 332
(657, 464) 333
(656, 464) 334
(655, 463) 335
(653, 463) 336
(653, 463) 337
(653, 463) 338
(654, 463) 339
(651, 464) 340
(651, 464) 341
(652, 464) 342
(653, 464) 343
(654, 464) 344
(653, 465) 345
(650, 465) 346
(649, 465) 347
(649, 466) 348
(643, 466) 349
(638, 466) 350
(630, 466) 351
(628, 466) 352
(627, 466) 353
(626, 466) 354
(627, 466) 355
(629, 465) 356
(632, 465) 357
(634, 464) 358
(638, 463) 359
(641, 463) 360
(646, 462) 361
(658, 461) 362
(669, 460) 363
(679, 459) 364
(687, 459) 365
(694, 459) 366
(694, 459) 367
(700, 459) 368
(706, 459) 369
(712, 460) 370
(716, 460) 371
(723, 459) 372
(725, 459) 373
(727, 459) 374
(729, 459) 375
(731, 459) 376
(733, 459) 377
(734, 459) 378
(735, 459) 379
(738, 459) 380
(740, 460) 381
(743, 460) 382
(744, 460) 383
(745, 461) 384
(745, 461) 385
(745, 461) 386
(746, 462) 387
(746, 462) 388
(748, 461) 389
(748, 460) 390
(749, 460) 391
(1423, 520) 286
(1423, 520) 287
(1423, 520) 288
(1423, 520) 289
(1423, 520) 290
(1423, 520) 291
(1423, 520) 292
(1423, 520) 293
(1423, 520) 294
(1423, 520) 295
(1423, 520) 296
(1423, 520) 297
(1418, 521) 298
(1414, 522) 299
(1411, 523) 300
(1407, 524) 301
(1405, 526) 302
(1402, 527) 303
(1403, 528) 304
(1404, 529) 305
(1405, 531) 306
(1406, 532) 307
(1407, 534) 308
(1408, 535) 309
(1408, 536) 310
(1409, 537) 311
(1409, 539) 312
(1410, 540) 313
(1410, 541) 314
(1410, 542) 315
(1411, 543) 316
(1411, 544) 317
(1411, 545) 318
(1418, 545) 319
(1424, 545) 320
(1430, 545) 321
(1435, 545) 322
(1439, 545) 323
(1443, 545) 324
(1447, 545) 325
(1450, 545) 326
(1453, 545) 327
(1455, 545) 328
(1458, 545) 329
(1460, 545) 330
(1462, 545) 331
(1469, 545) 332
(1475, 545) 333
(1480, 545) 334
(1484, 544) 335
(1490, 544) 336
(1495, 544) 337
(1500, 544) 338
(1504, 543) 339
(1502, 544) 340
(1501, 545) 341
(1500, 546) 342
(1500, 546) 343
(1502, 548) 344
(1505, 550) 345
(1506, 552) 346
(1507, 554) 347
(1508, 556) 348
(1508, 558) 349
(1507, 560) 350
(1507, 562) 351
(1506, 564) 352
(1504, 566) 353
(1857, 524) 296
(1857, 524) 297
(1852, 524) 298
(1848, 524) 299
(1844, 524) 300
(1841, 524) 301
(1838, 524) 302
(1835, 524) 303
(1832, 525) 304
(1830, 525) 305
(1828, 525) 306
(1826, 525) 307
(1825, 525) 308
(1823, 525) 309
(1822, 525) 310
(1821, 525) 311
(1820, 525) 312
(1819, 525) 313
(1818, 525) 314
(1818, 525) 315
(1824, 526) 316
(1832, 527) 317
(1839, 527) 318
(1846, 528) 319
(1852, 529) 320
(1857, 529) 321
(1862, 530) 322
(1866, 530) 323
(1870, 531) 324
(1874, 532) 325
(1877, 532) 326
(1880, 533) 327
(1882, 533) 328
(1885, 534) 329
(1887, 534) 330
(1889, 535) 331
(1891, 535) 332
(1893, 534) 333
(1894, 533) 334
(1896, 532) 335
(1901, 531) 336
(1907, 529) 337
(1912, 527) 338
(1916, 526) 339
(1920, 525) 340
(1923, 523) 341
(1923, 522) 342
(9, 520) 343
(9, 520) 344
(9, 521) 345
(8, 521) 346
(1930, 521) 347
(1921, 521) 348
(1913, 521) 349
(1906, 521) 350
(1900, 521) 351
(1894, 521) 352
(1889, 521) 353
(1884, 521) 354
(1888, 521) 355
(915, 496) 305
(916, 496) 306
(916, 496) 307
(912, 495) 308
(909, 495) 309
(906, 495) 310
(904, 495) 311
(898, 494) 312
(894, 493) 313
(890, 492) 314
(886, 491) 315
(883, 489) 316
(880, 488) 317
(871, 488) 318
(866, 487) 319
(862, 486) 320
(858, 486) 321
(855, 485) 322
(852, 484) 323
(846, 483) 324
(847, 483) 325
(848, 483) 326
(850, 483) 327
(851, 483) 328
(851, 483) 329
(852, 484) 330
(852, 484) 331
(851, 485) 332
(850, 486) 333
(850, 487) 334
(850, 488) 335
(854, 489) 336
(857, 489) 337
(860, 490) 338
(863, 491) 339
(863, 491) 340
(864, 491) 341
(864, 491) 342
(865, 491) 343
(865, 491) 344
(864, 491) 345
(865, 491) 346
(865, 491) 347
(868, 490) 348
(871, 490) 349
(873, 490) 350
(873, 490) 351
(873, 490) 352
(873, 490) 353
(873, 490) 354
(874, 489) 355
(877, 488) 356
(879, 486) 357
(881, 485) 358
(883, 483) 359
(885, 480) 360
(888, 478) 361
(891, 476) 362
(896, 472) 363
(901, 468) 364
(905, 465) 365
(909, 461) 366
(915, 457) 367
(919, 454) 368
(923, 450) 369
(928, 447) 370
(929, 443) 371
(929, 440) 372
(930, 437) 373
(930, 435) 374
(931, 432) 375
(931, 429) 376
(932, 426) 377
(935, 424) 378
(937, 421) 379
(940, 419) 380
(942, 416) 381
(944, 414) 382
(946, 411) 383
(947, 409) 384
(949, 407) 385
(950, 405) 386
(951, 403) 387
(952, 400) 388
(953, 398) 389
(954, 396) 390
(955, 394) 391
(956, 392) 392
(956, 391) 393
(950, 389) 394
(945, 388) 395
(940, 386) 396
(935, 385) 397
(934, 383) 398
(933, 382) 399
(933, 381) 400
(940, 381) 401
(941, 382) 402
(942, 383) 403
(1433, 617) 305
(1431, 617) 306
(1429, 617) 307
(1424, 617) 308
(1420, 617) 309
(1412, 617) 310
(1404, 616) 311
(1396, 616) 312
(1389, 616) 313
(1385, 614) 314
(1381, 613) 315
(1377, 612) 316
(1373, 611) 317
(1367, 610) 318
(1355, 610) 319
(1345, 609) 320
(1335, 608) 321
(1327, 608) 322
(1321, 607) 323
(1316, 606) 324
(1312, 605) 325
(1307, 604) 326
(1305, 602) 327
(1304, 600) 328
(1302, 598) 329
(1304, 596) 330
(1305, 594) 331
(1305, 592) 332
(1305, 590) 333
(1304, 589) 334
(1304, 587) 335
(1303, 586) 336
(1303, 584) 337
(1302, 583) 338
(1302, 581) 339
(1302, 580) 340
(1302, 579) 341
(1301, 577) 342
(1301, 576) 343
(1301, 575) 344
(1306, 573) 345
(1311, 572) 346
(1315, 570) 347
(1322, 570) 348
(1329, 570) 349
(1336, 569) 350
(1339, 568) 351
(1341, 566) 352
(1343, 565) 353
(1345, 563) 354
(1349, 561) 355
(1352, 560) 356
(1359, 560) 357
(1366, 561) 358
(1375, 562) 359
(1385, 563) 360
(1394, 564) 361
(1403, 565) 362
(1410, 566) 363
(1419, 566) 364
(1425, 566) 365
(1425, 567) 366
(1421, 567) 367
(1422, 568) 368
(1425, 568) 369
(1425, 570) 370
(1425, 571) 371
(1427, 571) 372
(1429, 571) 373
(1432, 571) 374
(1432, 571) 375
(1432, 572) 376
(1435, 572) 377
(1435, 572) 378
(1430, 573) 379
(1426, 573) 380
(1422, 573) 381
(1419, 573) 382
(1416, 573) 383
(1413, 573) 384
(1411, 573) 385
(1403, 574) 386
(1393, 574) 387
(1383, 574) 388
(1375, 574) 389
(1369, 574) 390
(1364, 573) 391
(1354, 572) 392
(1345, 572) 393
(1332, 571) 394
(1320, 570) 395
(1311, 568) 396
(1304, 567) 397
(1292, 566) 398
(1281, 565) 399
(1265, 565) 400
(1253, 566) 401
(1243, 566) 402
(1233, 567) 403
(1225, 568) 404
(1217, 569) 405
(1205, 570) 406
(1194, 572) 407
(1184, 573) 408
(1172, 575) 409
(1162, 576) 410
(1153, 578) 411
(1144, 579) 412
(1137, 580) 413
(1130, 582) 414
(1124, 583) 415
(1118, 584) 416
(1114, 585) 417
(1113, 585) 418
(1112, 586) 419
(1110, 587) 420
(1109, 588) 421
(1108, 589) 422
(1107, 590) 423
(1106, 592) 424
(1104, 594) 425
(1102, 596) 426
(1101, 597) 427
(1100, 599) 428
(1098, 600) 429
(1097, 602) 430
(1096, 603) 431
(1096, 605) 432
(1095, 606) 433
(1095, 608) 434
(1101, 609) 435
(1102, 610) 436
(1105, 610) 437
(1104, 611) 438
(1101, 611) 439
(1098, 611) 440
(1093, 611) 441
(1088, 610) 442
(1081, 610) 443
(1074, 609) 444
(1068, 608) 445
(1067, 606) 446
(1067, 605) 447
(1066, 603) 448
(1065, 601) 449
(1059, 599) 450
(1053, 597) 451
(1048, 595) 452
(1042, 594) 453
(1036, 592) 454
(1032, 590) 455
(1027, 589) 456
(1024, 588) 457
(1020, 586) 458
(1017, 585) 459
(1015, 584) 460
(1011, 584) 461
(1005, 583) 462
(1000, 583) 463
(996, 583) 464
(992, 582) 465
(988, 582) 466
(985, 582) 467
(988, 582) 468
(991, 583) 469
(994, 584) 470
(995, 584) 471
(1000, 584) 472
(1004, 583) 473
(1008, 582) 474
(1011, 581) 475
(1015, 581) 476
(1017, 580) 477
(1020, 579) 478
(1022, 578) 479
(1024, 578) 480
(1026, 577) 481
(1028, 576) 482
(1029, 576) 483
(1029, 573) 484
(1028, 571) 485
(170, 656) 315
(168, 656) 316
(165, 656) 317
(161, 656) 318
(157, 656) 319
(152, 656) 320
(147, 657) 321
(141, 657) 322
(136, 657) 323
(131, 657) 324
(123, 658) 325
(117, 659) 326
(111, 659) 327
(107, 659) 328
(104, 660) 329
(100, 660) 330
(97, 660) 331
(95, 660) 332
(84, 661) 333
(75, 661) 334
(67, 662) 335
(53, 662) 336
(40, 663) 337
(29, 663) 338
(18, 663) 339
(18, 664) 340
(1928, 664) 341
(1919, 664) 342
(1912, 665) 343
(1905, 665) 344
(1899, 665) 345
(1887, 666) 346
(1873, 666) 347
(1861, 666) 348
(1850, 666) 349
(1840, 666) 350
(1831, 666) 351
(1823, 666) 352
(1815, 667) 353
(1809, 667) 354
(1803, 667) 355
(1797, 667) 356
(1793, 667) 357
(1788, 667) 358
(1777, 668) 359
(1766, 668) 360
(1756, 669) 361
(1747, 669) 362
(1739, 670) 363
(1731, 670) 364
(1724, 671) 365
(1718, 671) 366
(1713, 672) 367
(1708, 672) 368
(1704, 673) 369
(1706, 673) 370
(1707, 673) 371
(1707, 673) 372
(1707, 672) 373
(1707, 672) 374
(1708, 672) 375
(1708, 672) 376
(1708, 672) 377
(1702, 672) 378
(1697, 672) 379
(1693, 672) 380
(1689, 671) 381
(1686, 671) 382
(1683, 671) 383
(1680, 671) 384
(1678, 671) 385
(1680, 670) 386
(1680, 669) 387
(1681, 668) 388
(1684, 667) 389
(1687, 666) 390
(1690, 665) 391
(1693, 664) 392
(1696, 663) 393
(1698, 662) 394
(1698, 662) 395
(1699, 662) 396
(1699, 662) 397
(1694, 661) 398
(1688, 660) 399
(1681, 658) 400
(1675, 656) 401
(1670, 655) 402
(1665, 653) 403
(1660, 651) 404
(1656, 649) 405
(1652, 648) 406
(1649, 646) 407
(1646, 644) 408
(1644, 643) 409
(1641, 641) 410
(1639, 640) 411
(1637, 638) 412
(1635, 637) 413
(1634, 635) 414
(1632, 634) 415
(1631, 633) 416
(1630, 631) 417
(1629, 630) 418
(1628, 629) 419
(1623, 626) 420
(1618, 624) 421
(1605, 621) 422
(1594, 618) 423
(1584, 616) 424
(1578, 614) 425
(1572, 612) 426
(1567, 609) 427
(1563, 607) 428
(1559, 605) 429
(1555, 603) 430
(1551, 601) 431
(1546, 598) 432
(157, 510) 324
(158, 510) 325
(159, 510) 326
(164, 509) 327
(174, 509) 328
(183, 509) 329
(192, 508) 330
(199, 508) 331
(206, 508) 332
(212, 508) 333
(214, 507) 334
(215, 507) 335
(218, 508) 336
(220, 509) 337
(222, 510) 338
(224, 510) 339
(230, 511) 340
(236, 511) 341
(241, 512) 342
(245, 512) 343
(247, 512) 344
(248, 511) 345
(249, 512) 346
(251, 512) 347
(253, 513) 348
(257, 512) 349
(261, 512) 350
(264, 511) 351
(267, 511) 352
(269, 510) 353
(269, 509) 354
(268, 510) 355
(262, 510) 356
(259, 510) 357
(257, 510) 358
(253, 511) 359
(253, 511) 360
(249, 512) 361
(249, 512) 362
(244, 513) 363
(244, 513) 364
(241, 514) 365
(237, 515) 366
(237, 515) 367
(232, 516) 368
(231, 516) 369
(230, 516) 370
(229, 516) 371
(229, 516) 372
(228, 516) 373
(227, 516) 374
(227, 517) 375
(226, 517) 376
(226, 517) 377
(232, 517) 378
(236, 516) 379
(239, 516) 380
(240, 516) 381
(241, 516) 382
(242, 516) 383
(243, 516) 384
(244, 515) 385
(244, 515) 386
(244, 515) 387
(246, 515) 388
(248, 515) 389
(249, 515) 390
(247, 515) 391
(243, 514) 392
(240, 514) 393
(236, 513) 394
(232, 513) 395
(227, 512) 396
(226, 512) 397
(224, 511) 398
(218, 512) 399
(209, 512) 400
(201, 512) 401
(194, 513) 402
(182, 512) 403
(171, 511) 404
(163, 511) 405
(156, 510) 406
(153, 511) 407
(147, 510) 408
(141, 510) 409
(136, 509) 410
(131, 509) 411
(126, 509) 412
(122, 508) 413
(118, 508) 414
(115, 507) 415
(112, 507) 416
(109, 507) 417
(106, 507) 418
(104, 506) 419
(102, 506) 420
(100, 506) 421
(99, 505) 422
(97, 505) 423
(96, 505) 424
(88, 505) 425
(75, 504) 426
(61, 504) 427
(49, 504) 428
(38, 504) 429
(28, 504) 430
(19, 503) 431
(19, 503) 432
(1938, 503) 433
(1927, 502) 434
(1918, 502) 435
(1909, 502) 436
(1901, 502) 437
(1894, 501) 438
(1888, 501) 439
(1882, 501) 440
(1877, 501) 441
(1872, 500) 442
(1868, 500) 443
(1865, 500) 444
(1861, 500) 445
(1858, 499) 446
(1855, 499) 447
(1853, 499) 448
(1852, 499) 449
(1852, 498) 450
(1856, 498) 451
(1856, 498) 452
(1861, 497) 453
(1866, 497) 454
(1870, 496) 455
(1874, 496) 456
(1877, 495) 457
(1880, 495) 458
(1883, 495) 459
(1885, 494) 460
(1887, 494) 461
(1889, 494) 462
(1891, 493) 463
(1893, 493) 464
(1894, 492) 465
(1896, 492) 466
(1897, 492) 467
(1898, 491) 468
(1899, 491) 469
(1900, 491) 470
(1901, 491) 471
(1901, 490) 472
(1907, 491) 473
(1908, 492) 474
(1907, 493) 475
(1905, 493) 476
(1903, 493) 477
(1902, 493) 478
(1900, 492) 479
(1899, 492) 480
(1890, 492) 481
(1884, 492) 482
(1881, 493) 483
(1875, 495) 484
(1867, 496) 485
(1853, 497) 486
(1839, 497) 487
(1827, 498) 488
(1821, 498) 489
(1488, 574) 382
(1487, 575) 383
(1487, 576) 384
(1486, 577) 385
(1486, 578) 386
(1486, 579) 387
(1490, 580) 388
(1494, 582) 389
(1498, 583) 390
(1502, 585) 391
(1505, 586) 392
(1505, 588) 393
(1503, 589) 394
(1498, 591) 395
(1494, 592) 396
(1490, 594) 397
(1479, 595) 398
(1469, 596) 399
(1457, 597) 400
(1446, 598) 401
(1436, 599) 402
(1427, 600) 403
(1419, 601) 404
(1412, 601) 405
(1405, 602) 406
(1399, 603) 407
(1394, 604) 408
(1387, 605) 409
(1381, 606) 410
(1376, 607) 411
(1371, 608) 412
(1367, 609) 413
(1367, 609) 414
(1367, 608) 415
(1364, 608) 416
(1360, 608) 417
(1356, 608) 418
(1359, 607) 419
(1359, 606) 420
(1357, 606) 421
(1352, 606) 422
(1356, 606) 423
(1358, 605) 424
(1360, 605) 425
(1360, 604) 426
(1358, 604) 427
(1356, 604) 428
(1355, 604) 429
(1347, 604) 430
(1332, 605) 431
(1317, 605) 432
(1305, 604) 433
(1294, 604) 434
(1284, 604) 435
(1275, 604) 436
(1267, 604) 437
(1260, 603) 438
(1253, 603) 439
(1247, 603) 440
(1242, 603) 441
(1237, 603) 442
(1233, 602) 443
(1229, 602) 444
(1225, 602) 445
(1222, 602) 446
(1219, 602) 447
(1217, 602) 448
(1214, 601) 449
(1216, 602) 450
(1217, 602) 451
(1220, 602) 452
(1223, 602) 453
(1226, 603) 454
(1232, 602) 455
(1235, 603) 456
(1239, 603) 457
(1241, 604) 458
(1250, 605) 459
(1260, 605) 460
(1263, 606) 461
(1264, 607) 462
(1263, 607) 463
(1262, 608) 464
(1260, 608) 465
(1261, 608) 466
(1261, 608) 467
(1269, 609) 468
(1277, 609) 469
(1284, 609) 470
(1285, 609) 471
(1287, 609) 472
(1289, 609) 473
(1288, 609) 474
(1286, 609) 475
(1285, 609) 476
(1286, 609) 477
(1288, 609) 478
(1287, 608) 479
(1287, 607) 480
(1287, 607) 481
(1286, 608) 482
(1284, 607) 483
(1279, 608) 484
(1276, 607) 485
(1275, 607) 486
(1274, 607) 487
(1273, 607) 488
(1268, 607) 489
(1262, 606) 490
(800, 429) 417
(804, 428) 418
(808, 428) 419
(814, 428) 420
(819, 427) 421
(823, 426) 422
(827, 426) 423
(830, 426) 424
(835, 425) 425
(838, 425) 426
(840, 424) 427
(842, 424) 428
(841, 424) 429
(838, 424) 430
(834, 425) 431
(828, 425) 432
(822, 426) 433
(811, 426) 434
(802, 425) 435
(785, 426) 436
(776, 426) 437
(766, 426) 438
(754, 427) 439
(743, 428) 440
(734, 430) 441
(725, 431) 442
(717, 431) 443
(710, 431) 444
(705, 432) 445
(700, 432) 446
(695, 433) 447
(699, 434) 448
(702, 435) 449
(705, 436) 450
(707, 437) 451
(707, 437) 452
(700, 437) 453
(696, 437) 454
(692, 437) 455
(694, 438) 456
(701, 439) 457
(702, 439) 458
(702, 440) 459
(699, 441) 460
(695, 441) 461
(689, 442) 462
(683, 442) 463
(679, 443) 464
(682, 443) 465
(687, 444) 466
(690, 444) 467
(690, 445) 468
(691, 445) 469
(692, 445) 470
(692, 445) 471
(693, 445) 472
(702, 445) 473
(711, 446) 474
(718, 446) 475
(724, 447) 476
(722, 447) 477
(721, 448) 478
(720, 448) 479
(711, 448) 480
(699, 450) 481
(687, 452) 482
(680, 453) 483
(677, 453) 484
(670, 454) 485
(670, 455) 486
(675, 456) 487
(679, 456) 488
(677, 456) 489
(678, 456) 490
(677, 456) 491
(677, 455) 492
(683, 455) 493
(696, 456) 494
(707, 457) 495
(717, 457) 496
(727, 458) 497
(737, 458) 498
(746, 458) 499
(754, 459) 500
(761, 459) 501
(768, 459) 502
(775, 459) 503
(781, 459) 504
(779, 459) 505
(777, 458) 506
(774, 458) 507
(772, 458) 508
(772, 457) 509
(775, 457) 510
(781, 458) 511
(788, 458) 512
(794, 458) 513
(799, 458) 514
(803, 459) 515
(1105, 467) 420
(1099, 467) 421
(1097, 467) 422
(1095, 467) 423
(1094, 467) 424
(1092, 467) 425
(1089, 467) 426
(1085, 468) 427
(1079, 469) 428
(1074, 469) 429
(1070, 470) 430
(1072, 470) 431
(1074, 470) 432
(1079, 469) 433
(1083, 469) 434
(1086, 468) 435
(1097, 467) 436
(1107, 467) 437
(1115, 467) 438
(1123, 466) 439
(1129, 466) 440
(1136, 466) 441
(1138, 466) 442
(1139, 465) 443
(1146, 465) 444
(1153, 465) 445
(1159, 465) 446
(1160, 466) 447
(1159, 466) 448
(1155, 468) 449
(1149, 469) 450
(1145, 470) 451
(1140, 472) 452
(1137, 473) 453
(1133, 474) 454
(1130, 475) 455
(1127, 476) 456
(1125, 478) 457
(1122, 479) 458
(1120, 480) 459
(1114, 482) 460
(1111, 485) 461
(1109, 487) 462
(1107, 490) 463
(1105, 492) 464
(1103, 495) 465
(1103, 497) 466
(1105, 498) 467
(1110, 498) 468
(1115, 499) 469
(1120, 499) 470
(1124, 499) 471
(1127, 499) 472
(1131, 499) 473
(1133, 499) 474
(1136, 500) 475
(1144, 500) 476
(1152, 500) 477
(1152, 500) 478
(1151, 499) 479
(1151, 499) 480
(1151, 499) 481
(1151, 498) 482
(1151, 498) 483
(1151, 497) 484
(1151, 497) 485
(1151, 496) 486
(1159, 496) 487
(1166, 496) 488
(1172, 496) 489
(1178, 495) 490
(1183, 495) 491
(1185, 496) 492
(1188, 496) 493
(1190, 497) 494
(1192, 497) 495
(1194, 498) 496
(1196, 498) 497
(1198, 499) 498
(1199, 500) 499
(1200, 501) 500
(1202, 502) 501
(1208, 504) 502
(1214, 505) 503
(1215, 506) 504
(1215, 507) 505
(1215, 507) 506
(1215, 508) 507
(1217, 510) 508
(1217, 511) 509
(1218, 512) 510
(1222, 513) 511
(1227, 514) 512
(1233, 515) 513
(1231, 516) 514
(1230, 517) 515
