(802, 458) 20
(798, 457) 21
(799, 457) 22
(792, 456) 23
(781, 456) 24
(772, 456) 25
(764, 455) 26
(757, 455) 27
(751, 455) 28
(746, 455) 29
(742, 455) 30
(739, 455) 31
(736, 454) 32
(733, 454) 33
(729, 454) 34
(726, 454) 35
(728, 454) 36
(728, 453) 37
(733, 453) 38
(737, 453) 39
(744, 454) 40
(747, 454) 41
(744, 454) 42
(738, 454) 43
(733, 453) 44
(728, 453) 45
(724, 452) 46
(720, 452) 47
(717, 451) 48
(716, 451) 49
(718, 451) 50
(717, 451) 51
(717, 451) 52
(717, 451) 53
(711, 452) 54
(706, 454) 55
(701, 455) 56
(697, 456) 57
(694, 457) 58
(690, 458) 59
(687, 459) 60
(685, 460) 61
(682, 461) 62
(680, 462) 63
(678, 463) 64
(678, 464) 65
(677, 464) 66
(678, 464) 67
(679, 464) 68
(681, 464) 69
(682, 464) 70
(683, 464) 71
(684, 464) 72
(685, 464) 73
(686, 465) 74
(687, 465) 75
(687, 465) 76
(688, 465) 77
(689, 465) 78
(689, 465) 79
(689, 465) 80
(690, 466) 81
(690, 466) 82
(691, 466) 83
(692, 466) 84
(692, 466) 85
(691, 466) 86
(689, 466) 87
(687, 466) 88
(685, 466) 89
(684, 466) 90
(683, 467) 91
(682, 467) 92
(682, 467) 93
(682, 468) 94
(688, 468) 95
(694, 468) 96
(697, 468) 97
(696, 468) 98
(695, 468) 99
(692, 468) 100
(688, 468) 101
(685, 468) 102
(682, 468) 103
(679, 468) 104
(677, 468) 105
(675, 468) 106
(673, 468) 107
(671, 468) 108
(670, 468) 109
(668, 468) 110
(667, 468) 111
(666, 468) 112
(665, 468) 113
(664, 468) 114
(663, 468) 115
(663, 468) 116
(664, 468) 117
(665, 468) 118
(1193, 475) 53
(1194, 475) 54
(1196, 475) 55
(1199, 475) 56
(1202, 475) 57
(1205, 475) 58
(1205, 476) 59
(1205, 476) 60
(1206, 476) 61
(1207, 476) 62
(1207, 476) 63
(1208, 476) 64
(1208, 476) 65
(1210, 475) 66
(1213, 473) 67
(1215, 471) 68
(1215, 469) 69
(1215, 469) 70
(1212, 468) 71
(1210, 467) 72
(1212, 466) 73
(1215, 465) 74
(1216, 464) 75
(1219, 464) 76
(1224, 463) 77
(1228, 463) 78
(1233, 463) 79
(1241, 463) 80
(1251, 463) 81
(1259, 463) 82
(1267, 463) 83
(1274, 463) 84
(1283, 463) 85
(1290, 463) 86
(1298, 463) 87
(1305, 463) 88
(1311, 463) 89
(1317, 463) 90
(1327, 464) 91
(1335, 464) 92
(1337, 464) 93
(1340, 464) 94
(1342, 464) 95
(1345, 465) 96
(1347, 465) 97
(1349, 465) 98
(1350, 465) 99
(1352, 465) 100
(1353, 465) 101
(1355, 465) 102
(1356, 465) 103
(1357, 465) 104
(1358, 465) 105
(1359, 465) 106
(1359, 465) 107
(1360, 465) 108
(1361, 465) 109
(1361, 465) 110
(1362, 465) 111
(1362, 465) 112
(1364, 464) 113
(1369, 462) 114
(1377, 461) 115
(1385, 460) 116
(1390, 458) 117
(1396, 457) 118
(1401, 456) 119
(1405, 455) 120
(1409, 454) 121
(1413, 453) 122
(1409, 453) 123
(1406, 453) 124
(1404, 452) 125
(1401, 452) 126
(1399, 452) 127
(1399, 452) 128
(1402, 452) 129
(1405, 452) 130
(1408, 452) 131
(1410, 452) 132
(1413, 452) 133
(1415, 451) 134
(1416, 451) 135
(1417, 451) 136
(1418, 450) 137
(1420, 450) 138
(1421, 450) 139
(1423, 449) 140
(1425, 449) 141
(1428, 449) 142
(1430, 448) 143
(1432, 448) 144
(1434, 448) 145
(1436, 447) 146
(1438, 447) 147
(1439, 447) 148
(1440, 446) 149
(1441, 446) 150
(1442, 446) 151
(1443, 445) 152
(1443, 445) 153
(1438, 445) 154
(1432, 444) 155
(1427, 444) 156
(1422, 443) 157
(1418, 443) 158
(1415, 442) 159
(1411, 442) 160
(1411, 441) 161
(1413, 442) 162
(1415, 442) 163
(1417, 442) 164
(1419, 442) 165
(1417, 443) 166
(1414, 442) 167
(1407, 443) 168
(1400, 443) 169
(1397, 443) 170
(1395, 444) 171
(1394, 444) 172
(1394, 444) 173
(1394, 444) 174
(1394, 445) 175
(1398, 444) 176
(1403, 444) 177
(1405, 443) 178
(1408, 443) 179
(1410, 443) 180
(1412, 443) 181
(1414, 443) 182
(1415, 443) 183
(1420, 444) 184
(1425, 444) 185
(1429, 445) 186
(1433, 446) 187
(1440, 447) 188
(1447, 448) 189
(1447, 449) 190
(1447, 450) 191
(1447, 451) 192
(1447, 452) 193
(1447, 453) 194
(1447, 454) 195
(1448, 455) 196
(1448, 456) 197
(1448, 457) 198
(1448, 458) 199
(1449, 459) 200
(1449, 460) 201
(1450, 460) 202
(1450, 461) 203
(1450, 462) 204
(1451, 463) 205
(1451, 463) 206
(1451, 464) 207
(1451, 465) 208
(1451, 465) 209
(1452, 466) 210
(1452, 467) 211
(1452, 466) 212
(1453, 466) 213
(1453, 465) 214
(1454, 464) 215
(1453, 464) 216
(1453, 463) 217
(1454, 463) 218
(1454, 462) 219
(1457, 462) 220
(1458, 461) 221
(1460, 461) 222
(1461, 460) 223
(1462, 459) 224
(1463, 459) 225
(1463, 459) 226
(1463, 460) 227
(1463, 460) 228
(1466, 460) 229
(1466, 460) 230
(1465, 460) 231
(1465, 460) 232
(1465, 460) 233
(1464, 460) 234
(1464, 460) 235
(1464, 460) 236
(1463, 460) 237
(1463, 460) 238
(1463, 460) 239
(1462, 459) 240
(1461, 459) 241
(1460, 459) 242
(1459, 459) 243
(1458, 458) 244
(1457, 458) 245
(1457, 458) 246
(1456, 458) 247
(1455, 457) 248
(1455, 457) 249
(1455, 457) 250
(1456, 456) 251
(1460, 457) 252
(1464, 457) 253
(1468, 458) 254
(1471, 459) 255
(1474, 460) 256
(1477, 461) 257
(1480, 462) 258
(1482, 463) 259
(1485, 464) 260
(1487, 465) 261
(1488, 466) 262
(1490, 466) 263
(1491, 467) 264
(1493, 468) 265
(1498, 468) 266
(1501, 467) 267
(1502, 467) 268
(1503, 467) 269
(1503, 467) 270
(1503, 467) 271
(1503, 467) 272
(1503, 467) 273
(1503, 467) 274
(1504, 467) 275
(1504, 467) 276
(1506, 468) 277
(1509, 468) 278
(1511, 469) 279
(1514, 470) 280
(1516, 471) 281
(1518, 471) 282
(1520, 472) 283
(1521, 472) 284
(1522, 473) 285
(1524, 474) 286
(1525, 474) 287
(1526, 475) 288
(1527, 475) 289
(1528, 476) 290
(1528, 477) 291
(1523, 476) 292
(948, 596) 94
(946, 597) 95
(946, 598) 96
(947, 598) 97
(947, 598) 98
(943, 600) 99
(938, 601) 100
(934, 602) 101
(930, 603) 102
(926, 604) 103
(923, 605) 104
(920, 606) 105
(917, 607) 106
(915, 608) 107
(912, 609) 108
(910, 610) 109
(909, 611) 110
(907, 610) 111
(905, 609) 112
(904, 608) 113
(903, 607) 114
(901, 606) 115
(899, 605) 116
(900, 605) 117
(902, 604) 118
(903, 603) 119
(904, 602) 120
(904, 601) 121
(903, 601) 122
(899, 599) 123
(893, 597) 124
(884, 595) 125
(876, 593) 126
(869, 590) 127
(863, 588) 128
(861, 587) 129
(859, 586) 130
(857, 586) 131
(856, 586) 132
(855, 586) 133
(854, 587) 134
(853, 587) 135
(853, 587) 136
(852, 587) 137
(851, 587) 138
(851, 588) 139
(850, 588) 140
(850, 588) 141
(849, 588) 142
(849, 588) 143
(849, 588) 144
(848, 589) 145
(843, 587) 146
(837, 585) 147
(831, 583) 148
(826, 581) 149
(822, 579) 150
(819, 577) 151
(816, 574) 152
(814, 572) 153
(811, 570) 154
(807, 568) 155
(804, 565) 156
(802, 563) 157
(800, 561) 158
(799, 559) 159
(799, 557) 160
(799, 556) 161
(800, 553) 162
(800, 552) 163
(799, 550) 164
(799, 548) 165
(800, 545) 166
(801, 544) 167
(801, 542) 168
(800, 541) 169
(800, 540) 170
(802, 538) 171
(801, 537) 172
(801, 535) 173
(801, 533) 174
(801, 531) 175
(802, 530) 176
(803, 529) 177
(804, 528) 178
(804, 527) 179
(804, 526) 180
(802, 525) 181
(799, 525) 182
(798, 524) 183
(798, 523) 184
(798, 523) 185
(799, 522) 186
(801, 520) 187
(804, 519) 188
(806, 517) 189
(810, 517) 190
(811, 516) 191
(811, 515) 192
(813, 514) 193
(814, 512) 194
(815, 511) 195
(818, 510) 196
(819, 509) 197
(818, 507) 198
(819, 506) 199
(818, 505) 200
(818, 504) 201
(823, 503) 202
(823, 502) 203
(824, 501) 204
(825, 500) 205
(825, 499) 206
(826, 497) 207
(827, 496) 208
(827, 496) 209
(827, 495) 210
(826, 494) 211
(826, 493) 212
(826, 492) 213
(826, 491) 214
(825, 490) 215
(826, 489) 216
(825, 488) 217
(824, 488) 218
(824, 487) 219
(824, 487) 220
(823, 487) 221
(821, 487) 222
(818, 487) 223
(820, 486) 224
(826, 485) 225
(832, 485) 226
(831, 484) 227
(831, 483) 228
(833, 482) 229
(837, 481) 230
(838, 481) 231
(839, 480) 232
(840, 479) 233
(841, 478) 234
(842, 477) 235
(843, 477) 236
(843, 476) 237
(843, 476) 238
(844, 475) 239
(846, 475) 240
(849, 475) 241
(850, 475) 242
(850, 475) 243
(850, 476) 244
(850, 476) 245
(852, 475) 246
(854, 475) 247
(860, 473) 248
(864, 473) 249
(864, 473) 250
(863, 473) 251
(863, 473) 252
(863, 473) 253
(862, 473) 254
(858, 474) 255
(854, 475) 256
(854, 475) 257
(855, 474) 258
(853, 474) 259
(853, 474) 260
(852, 473) 261
(852, 473) 262
(851, 473) 263
(851, 473) 264
(850, 473) 265
(843, 474) 266
(837, 476) 267
(833, 477) 268
(827, 478) 269
(822, 480) 270
(817, 481) 271
(813, 482) 272
(815, 483) 273
(820, 484) 274
(822, 485) 275
(822, 486) 276
(825, 487) 277
(830, 487) 278
(834, 486) 279
(837, 485) 280
(838, 485) 281
(841, 486) 282
(843, 487) 283
(845, 487) 284
(847, 488) 285
(849, 489) 286
(851, 489) 287
(852, 490) 288
(853, 491) 289
(854, 491) 290
(858, 490) 291
(860, 490) 292
(862, 489) 293
(864, 488) 294
(864, 487) 295
(864, 486) 296
(864, 485) 297
(865, 484) 298
(866, 483) 299
(866, 482) 300
(865, 481) 301
(867, 480) 302
(868, 480) 303
(870, 479) 304
(869, 478) 305
(869, 477) 306
(873, 476) 307
(876, 476) 308
(877, 475) 309
(877, 474) 310
(877, 473) 311
(877, 472) 312
(879, 471) 313
(883, 471) 314
(885, 470) 315
(890, 470) 316
(888, 469) 317
(886, 468) 318
(884, 468) 319
(882, 467) 320
(881, 466) 321
(880, 466) 322
(877, 466) 323
(878, 467) 324
(879, 466) 325
(879, 466) 326
(879, 466) 327
(879, 465) 328
(879, 465) 329
(880, 464) 330
(880, 464) 331
(881, 464) 332
(881, 464) 333
(882, 464) 334
(879, 464) 335
(877, 463) 336
(875, 463) 337
(873, 463) 338
(873, 463) 339
(874, 463) 340
(874, 463) 341
(874, 463) 342
(874, 463) 343
(878, 463) 344
(882, 463) 345
(887, 463) 346
(888, 463) 347
(891, 462) 348
(894, 462) 349
(895, 462) 350
(897, 462) 351
(898, 462) 352
(898, 461) 353
(899, 461) 354
(901, 461) 355
(903, 461) 356
(904, 462) 357
(904, 462) 358
(904, 463) 359
(902, 463) 360
(901, 463) 361
(901, 463) 362
(902, 464) 363
(903, 464) 364
(901, 464) 365
(900, 464) 366
(899, 465) 367
(899, 465) 368
(898, 465) 369
(898, 465) 370
(898, 465) 371
(905, 466) 372
(914, 466) 373
(913, 466) 374
(911, 466) 375
(905, 467) 376
(901, 467) 377
(896, 467) 378
(893, 467) 379
(889, 467) 380
(886, 467) 381
(886, 467) 382
(887, 468) 383
(889, 468) 384
(892, 469) 385
(897, 469) 386
(902, 470) 387
(907, 470) 388
(910, 470) 389
(911, 470) 390
(917, 470) 391
(917, 470) 392
(916, 470) 393
(913, 470) 394
(913, 470) 395
(911, 470) 396
(913, 470) 397
(913, 471) 398
(913, 471) 399
(912, 471) 400
(912, 471) 401
(907, 471) 402
(911, 471) 403
(912, 472) 404
(912, 472) 405
(916, 472) 406
(921, 472) 407
(923, 472) 408
(930, 473) 409
(930, 473) 410
(932, 473) 411
(934, 473) 412
(934, 474) 413
(930, 473) 414
(925, 473) 415
(917, 473) 416
(910, 472) 417
(903, 472) 418
(905, 471) 419
(906, 471) 420
(906, 470) 421
(907, 470) 422
(909, 470) 423
(909, 469) 424
(904, 469) 425
(898, 469) 426
(901, 468) 427
(901, 468) 428
(897, 467) 429
(892, 467) 430
(887, 467) 431
(886, 467) 432
(883, 466) 433
(884, 466) 434
(883, 466) 435
(880, 465) 436
(877, 465) 437
(874, 464) 438
(872, 464) 439
(870, 463) 440
(867, 463) 441
(865, 463) 442
(863, 462) 443
(862, 462) 444
(860, 461) 445
(859, 461) 446
(858, 461) 447
(857, 460) 448
(856, 460) 449
(855, 460) 450
(854, 459) 451
(853, 459) 452
(852, 459) 453
(852, 458) 454
(851, 458) 455
(850, 458) 456
(850, 457) 457
(854, 458) 458
(859, 458) 459
(862, 458) 460
(865, 458) 461
(867, 457) 462
(868, 457) 463
(869, 457) 464
(871, 457) 465
(873, 456) 466
(875, 456) 467
(877, 456) 468
(877, 456) 469
(879, 456) 470
(880, 455) 471
(881, 455) 472
(882, 455) 473
(887, 455) 474
(887, 455) 475
(887, 454) 476
(887, 454) 477
(887, 454) 478
(890, 453) 479
(896, 453) 480
(900, 453) 481
(902, 452) 482
(905, 452) 483
(904, 452) 484
(901, 451) 485
(901, 451) 486
(901, 450) 487
(901, 450) 488
(901, 449) 489
(903, 449) 490
(902, 448) 491
(901, 448) 492
(901, 448) 493
(900, 447) 494
(900, 447) 495
(899, 447) 496
(899, 446) 497
(899, 446) 498
(898, 445) 499
(899, 445) 500
(899, 444) 501
(899, 444) 502
(898, 444) 503
(898, 443) 504
(898, 443) 505
(901, 444) 506
(901, 444) 507
(903, 445) 508
(906, 445) 509
(909, 446) 510
(912, 447) 511
(914, 447) 512
(916, 448) 513
(917, 448) 514
(918, 449) 515
(920, 449) 516
(917, 449) 517
(915, 448) 518
(913, 448) 519
(913, 448) 520
(914, 448) 521
(913, 448) 522
(916, 447) 523
(919, 446) 524
(917, 446) 525
(915, 446) 526
(915, 446) 527
(916, 446) 528
(916, 446) 529
(917, 445) 530
(917, 445) 531
(916, 444) 532
(912, 444) 533
(911, 443) 534
(911, 443) 535
(911, 443) 536
(912, 442) 537
(914, 442) 538
(915, 441) 539
(916, 441) 540
(917, 441) 541
(916, 440) 542
(916, 440) 543
(915, 440) 544
(916, 440) 545
(919, 440) 546
(918, 440) 547
(918, 439) 548
(917, 439) 549
(915, 439) 550
(916, 439) 551
(920, 439) 552
(924, 439) 553
(928, 439) 554
(931, 439) 555
(932, 440) 556
(932, 440) 557
(934, 440) 558
(935, 440) 559
(935, 441) 560
(938, 441) 561
(940, 441) 562
(942, 441) 563
(944, 441) 564
(945, 441) 565
(946, 441) 566
(946, 442) 567
(945, 442) 568
(944, 442) 569
(943, 442) 570
(940, 442) 571
(939, 442) 572
(937, 442) 573
(933, 442) 574
(928, 443) 575
(926, 443) 576
(927, 443) 577
(928, 443) 578
(931, 443) 579
(928, 444) 580
(923, 444) 581
(921, 444) 582
(920, 445) 583
(921, 445) 584
(921, 445) 585
(921, 445) 586
(919, 446) 587
(920, 446) 588
(920, 446) 589
(923, 446) 590
(925, 446) 591
(925, 446) 592
(921, 446) 593
(921, 446) 594
(923, 446) 595
(923, 447) 596
(920, 447) 597
(920, 447) 598
(915, 447) 599
(910, 448) 600
(906, 448) 601
(907, 448) 602
(908, 448) 603
(911, 449) 604
(915, 449) 605
(920, 450) 606
(920, 450) 607
(923, 450) 608
(922, 450) 609
(918, 451) 610
(910, 450) 611
(903, 450) 612
(897, 450) 613
(892, 450) 614
(892, 450) 615
(890, 450) 616
(889, 450) 617
(890, 450) 618
(893, 450) 619
(894, 450) 620
(898, 451) 621
(901, 451) 622
(905, 452) 623
(906, 452) 624
(906, 452) 625
(905, 452) 626
(903, 452) 627
(900, 452) 628
(898, 452) 629
(895, 452) 630
(893, 452) 631
(889, 452) 632
(891, 452) 633
(892, 452) 634
(895, 453) 635
(892, 453) 636
(892, 453) 637
(896, 453) 638
(904, 453) 639
(909, 454) 640
(909, 454) 641
(909, 454) 642
(908, 454) 643
(908, 454) 644
(908, 454) 645
(900, 454) 646
(900, 454) 647
(894, 454) 648
(894, 454) 649
(894, 454) 650
(900, 454) 651
(901, 454) 652
(895, 454) 653
(888, 454) 654
(884, 454) 655
(881, 453) 656
(877, 453) 657
(874, 453) 658
(871, 453) 659
(871, 453) 660
(873, 453) 661
(883, 453) 662
(901, 453) 663
(916, 453) 664
(930, 454) 665
(947, 454) 666
(963, 455) 667
(977, 456) 668
(990, 456) 669
(1002, 457) 670
(1013, 457) 671
(1023, 458) 672
(1030, 458) 673
(1036, 459) 674
(1042, 459) 675
(1047, 459) 676
(1052, 459) 677
(1057, 460) 678
(1060, 462) 679
(1064, 462) 680
(1069, 463) 681
(1068, 465) 682
(1068, 466) 683
(1068, 468) 684
(1067, 470) 685
(1067, 471) 686
(1067, 473) 687
(1067, 474) 688
(1066, 476) 689
(1066, 477) 690
(1071, 477) 691
(1075, 478) 692
(1079, 478) 693
(1082, 478) 694
(1085, 478) 695
(1087, 478) 696
(1089, 479) 697
(1091, 479) 698
(1093, 479) 699
(1094, 479) 700
(1095, 479) 701
(1095, 479) 702
(1096, 479) 703
(1096, 480) 704
(1097, 480) 705
(1097, 480) 706
(1097, 480) 707
(1097, 480) 708
(1098, 480) 709
(1098, 480) 710
(1098, 480) 711
(1098, 480) 712
(1099, 480) 713
(1099, 480) 714
(1099, 481) 715
(1095, 480) 716
(1084, 479) 717
(1072, 478) 718
(1061, 477) 719
(1052, 477) 720
(1044, 476) 721
(1036, 476) 722
(1027, 474) 723
(1019, 474) 724
(1011, 472) 725
(1002, 471) 726
(995, 470) 727
(988, 469) 728
(982, 468) 729
(976, 467) 730
(975, 466) 731
(974, 465) 732
(972, 464) 733
(971, 462) 734
(970, 461) 735
(970, 460) 736
(969, 459) 737
(967, 458) 738
(968, 457) 739
(969, 456) 740
(968, 456) 741
(967, 455) 742
(966, 454) 743
(966, 453) 744
(966, 452) 745
(967, 451) 746
(969, 450) 747
(971, 449) 748
(973, 448) 749
(978, 448) 750
(979, 447) 751
(982, 446) 752
(981, 445) 753
(980, 444) 754
(977, 443) 755
(975, 442) 756
(973, 442) 757
(971, 441) 758
(970, 440) 759
(971, 439) 760
(973, 439) 761
(977, 438) 762
(978, 437) 763
(978, 435) 764
(978, 434) 765
(977, 433) 766
(975, 431) 767
(972, 430) 768
(967, 429) 769
(961, 428) 770
(956, 426) 771
(957, 425) 772
(957, 424) 773
(958, 424) 774
(963, 424) 775
(969, 423) 776
(981, 423) 777
(995, 424) 778
(1009, 424) 779
(1021, 425) 780
(1032, 425) 781
(1042, 426) 782
(1051, 426) 783
(1059, 426) 784
(1066, 427) 785
(1066, 426) 786
(1066, 426) 787
(1066, 426) 788
(1071, 426) 789
(1075, 427) 790
(1078, 427) 791
(1082, 427) 792
(1078, 427) 793
(1069, 426) 794
(1066, 426) 795
(1060, 426) 796
(1054, 425) 797
(1047, 425) 798
(1041, 425) 799
(1034, 425) 800
(1027, 425) 801
(1028, 425) 802
(1021, 424) 803
(1015, 424) 804
(1014, 424) 805
(1011, 424) 806
(1011, 423) 807
(1011, 423) 808
(1010, 422) 809
(1010, 422) 810
(1008, 421) 811
(1010, 421) 812
(1011, 420) 813
(1013, 420) 814
(1014, 420) 815
(1015, 420) 816
(1015, 420) 817
(1016, 420) 818
(1016, 420) 819
(1017, 420) 820
(1017, 420) 821
(1017, 420) 822
(1018, 420) 823
(1018, 420) 824
(1018, 420) 825
(1019, 420) 826
(1019, 420) 827
(1019, 422) 828
(1015, 423) 829
(1008, 424) 830
(1004, 425) 831
(999, 425) 832
(992, 426) 833
(980, 427) 834
(972, 426) 835
(961, 427) 836
(954, 426) 837
(949, 425) 838
(941, 425) 839
(933, 426) 840
(928, 426) 841
(923, 426) 842
(920, 425) 843
(918, 424) 844
(917, 423) 845
(915, 422) 846
(916, 421) 847
(917, 421) 848
(923, 420) 849
(930, 420) 850
(932, 419) 851
(934, 418) 852
(939, 417) 853
(943, 416) 854
(946, 415) 855
(950, 415) 856
(954, 414) 857
(957, 414) 858
(960, 414) 859
(962, 414) 860
(964, 414) 861
(967, 414) 862
(971, 414) 863
(975, 414) 864
(978, 415) 865
(981, 415) 866
(984, 415) 867
(984, 415) 868
(976, 414) 869
(975, 414) 870
(969, 413) 871
(965, 412) 872
(960, 411) 873
(963, 411) 874
(965, 411) 875
(965, 411) 876
(961, 410) 877
(957, 409) 878
(952, 409) 879
(947, 408) 880
(942, 407) 881
(937, 407) 882
(934, 406) 883
(930, 405) 884
(927, 404) 885
(924, 404) 886
(922, 403) 887
(919, 402) 888
(918, 402) 889
(918, 401) 890
(918, 401) 891
(927, 402) 892
(937, 402) 893
(945, 403) 894
(952, 404) 895
(959, 404) 896
(965, 405) 897
(971, 405) 898
(976, 406) 899
(980, 406) 900
(984, 407) 901
(988, 407) 902
(986, 408) 903
(986, 408) 904
(986, 408) 905
(986, 409) 906
(979, 408) 907
(973, 408) 908
(964, 408) 909
(956, 408) 910
(949, 408) 911
(943, 408) 912
(944, 408) 913
(949, 408) 914
(953, 409) 915
(961, 410) 916
(965, 410) 917
(969, 411) 918
(973, 412) 919
(976, 412) 920
(983, 413) 921
(989, 414) 922
(994, 415) 923
(998, 416) 924
(1000, 416) 925
(1001, 417) 926
(1005, 417) 927
(1005, 418) 928
(1005, 418) 929
(1006, 418) 930
(1008, 419) 931
(1010, 419) 932
(1013, 420) 933
(1012, 420) 934
(1012, 421) 935
(1011, 421) 936
(1012, 421) 937
(1012, 422) 938
(1011, 422) 939
(1011, 422) 940
(1011, 423) 941
(1011, 424) 942
(1008, 425) 943
(1008, 425) 944
(1005, 425) 945
(1004, 425) 946
(999, 425) 947
(998, 425) 948
(997, 425) 949
(998, 425) 950
(1001, 426) 951
(1006, 427) 952
(1010, 428) 953
(1012, 428) 954
(1014, 429) 955
(1016, 430) 956
(1015, 430) 957
(1016, 430) 958
(1017, 430) 959
(1016, 430) 960
(1010, 430) 961
(1009, 430) 962
(1005, 430) 963
(999, 429) 964
(994, 429) 965
(990, 430) 966
(987, 429) 967
(987, 429) 968
(986, 429) 969
(986, 429) 970
(986, 429) 971
(986, 429) 972
(981, 428) 973
(976, 428) 974
(969, 427) 975
(970, 427) 976
(970, 427) 977
(969, 427) 978
(969, 427) 979
(971, 427) 980
(975, 428) 981
(979, 428) 982
(982, 429) 983
(985, 429) 984
(988, 429) 985
(993, 430) 986
(997, 431) 987
(1002, 431) 988
(1007, 431) 989
(1011, 432) 990
(1015, 432) 991
(1018, 433) 992
(1018, 433) 993
(1018, 433) 994
(1011, 433) 995
(1009, 434) 996
(1009, 434) 997
(1010, 434) 998
(1010, 435) 999
(1011, 435) 1000
(1011, 436) 1001
(1008, 436) 1002
(1007, 436) 1003
(1007, 436) 1004
(1009, 437) 1005
(1012, 437) 1006
(1013, 438) 1007
(1016, 438) 1008
(1016, 439) 1009
(1016, 439) 1010
(1015, 440) 1011
(1014, 440) 1012
(1009, 440) 1013
(1011, 440) 1014
(1009, 440) 1015
(1009, 441) 1016
(1006, 441) 1017
(1004, 441) 1018
(1002, 441) 1019
(1001, 441) 1020
(1000, 441) 1021
(999, 441) 1022
(996, 441) 1023
(992, 441) 1024
(988, 440) 1025
(984, 440) 1026
(983, 440) 1027
(982, 440) 1028
(980, 440) 1029
(980, 440) 1030
(981, 440) 1031
(982, 440) 1032
(984, 440) 1033
(987, 440) 1034
(987, 440) 1035
(987, 440) 1036
(981, 439) 1037
(981, 439) 1038
(981, 439) 1039
(981, 439) 1040
(979, 439) 1041
(979, 438) 1042
(979, 438) 1043
(978, 438) 1044
(976, 438) 1045
(975, 437) 1046
(978, 437) 1047
(981, 437) 1048
(983, 437) 1049
(986, 437) 1050
(988, 437) 1051
(992, 437) 1052
(995, 437) 1053
(994, 437) 1054
(993, 437) 1055
(992, 436) 1056
(988, 435) 1057
(985, 434) 1058
(984, 434) 1059
(983, 433) 1060
(983, 433) 1061
(982, 432) 1062
(982, 432) 1063
(981, 432) 1064
(980, 431) 1065
(979, 431) 1066
(975, 431) 1067
(973, 431) 1068
(970, 430) 1069
(970, 430) 1070
(970, 429) 1071
(969, 429) 1072
(963, 428) 1073
(958, 427) 1074
(957, 426) 1075
(955, 426) 1076
(954, 425) 1077
(951, 425) 1078
(947, 424) 1079
(946, 424) 1080
(945, 423) 1081
(944, 422) 1082
(942, 421) 1083
(940, 420) 1084
(939, 419) 1085
(937, 419) 1086
(935, 419) 1087
(933, 419) 1088
(931, 420) 1089
(928, 420) 1090
(925, 420) 1091
(923, 422) 1092
(920, 423) 1093
(923, 422) 1094
(923, 422) 1095
(926, 420) 1096
(928, 418) 1097
(929, 417) 1098
(930, 416) 1099
(931, 414) 1100
(932, 413) 1101
(931, 413) 1102
(928, 412) 1103
(926, 412) 1104
(924, 412) 1105
(921, 413) 1106
(917, 414) 1107
(918, 413) 1108
(926, 414) 1109
(926, 414) 1110
(921, 414) 1111
(919, 414) 1112
(911, 414) 1113
(904, 415) 1114
(902, 415) 1115
(901, 414) 1116
(895, 415) 1117
(890, 416) 1118
(884, 416) 1119
(880, 417) 1120
(879, 417) 1121
(875, 418) 1122
(872, 419) 1123
(863, 420) 1124
(854, 422) 1125
(847, 423) 1126
(840, 424) 1127
(834, 425) 1128
(828, 427) 1129
(823, 428) 1130
(504, 514) 196
(504, 514) 197
(504, 514) 198
(504, 514) 199
(504, 514) 200
(511, 515) 201
(518, 515) 202
(524, 515) 203
(530, 516) 204
(535, 516) 205
(540, 517) 206
(544, 517) 207
(547, 518) 208
(551, 518) 209
(554, 518) 210
(556, 519) 211
(559, 519) 212
(561, 520) 213
(563, 520) 214
(565, 520) 215
(566, 521) 216
(570, 521) 217
(574, 521) 218
(577, 522) 219
(575, 523) 220
(571, 524) 221
(567, 525) 222
(562, 527) 223
(558, 528) 224
(554, 529) 225
(551, 531) 226
(548, 532) 227
(545, 533) 228
(543, 534) 229
(541, 535) 230
(539, 536) 231
(537, 538) 232
(536, 539) 233
(534, 540) 234
(533, 539) 235
(531, 539) 236
(530, 539) 237
(529, 538) 238
(528, 538) 239
(527, 538) 240
(525, 537) 241
(524, 537) 242
(523, 536) 243
(522, 536) 244
(521, 536) 245
(521, 535) 246
(520, 535) 247
(519, 535) 248
(519, 534) 249
(518, 534) 250
(511, 534) 251
(505, 533) 252
(499, 533) 253
(494, 533) 254
(489, 533) 255
(485, 532) 256
(482, 532) 257
(478, 532) 258
(475, 532) 259
(472, 532) 260
(470, 531) 261
(468, 531) 262
(466, 531) 263
(464, 531) 264
(462, 531) 265
(461, 530) 266
(461, 530) 267
(462, 530) 268
(465, 530) 269
(467, 529) 270
(469, 529) 271
(471, 529) 272
(479, 529) 273
(486, 529) 274
(490, 529) 275
(494, 530) 276
(495, 530) 277
(495, 530) 278
(495, 530) 279
(495, 530) 280
(495, 530) 281
(496, 530) 282
(496, 530) 283
(497, 530) 284
(269, 519) 202
(269, 519) 203
(269, 519) 204
(269, 519) 205
(269, 519) 206
(269, 519) 207
(269, 519) 208
(269, 519) 209
(269, 519) 210
(269, 519) 211
(269, 519) 212
(269, 519) 213
(269, 519) 214
(269, 519) 215
(262, 518) 216
(261, 518) 217
(259, 517) 218
(257, 516) 219
(255, 516) 220
(253, 517) 221
(253, 516) 222
(254, 516) 223
(254, 516) 224
(255, 515) 225
(257, 515) 226
(260, 515) 227
(262, 514) 228
(264, 514) 229
(266, 514) 230
(268, 514) 231
(270, 513) 232
(271, 513) 233
(272, 513) 234
(273, 512) 235
(274, 512) 236
(275, 512) 237
(276, 512) 238
(277, 511) 239
(278, 511) 240
(278, 511) 241
(279, 510) 242
(279, 510) 243
(280, 510) 244
(282, 509) 245
(283, 509) 246
(287, 509) 247
(290, 508) 248
(292, 508) 249
(295, 508) 250
(298, 507) 251
(308, 508) 252
(316, 508) 253
(324, 507) 254
(331, 507) 255
(337, 506) 256
(337, 506) 257
(338, 506) 258
(340, 507) 259
(341, 507) 260
(342, 507) 261
(344, 507) 262
(345, 507) 263
(346, 507) 264
(347, 507) 265
(347, 507) 266
(348, 508) 267
(349, 508) 268
(349, 508) 269
(350, 508) 270
(350, 508) 271
(342, 508) 272
(336, 509) 273
(333, 509) 274
(331, 509) 275
(328, 509) 276
(325, 510) 277
(323, 510) 278
(321, 510) 279
(319, 510) 280
(318, 510) 281
(317, 511) 282
(315, 511) 283
(314, 511) 284
(313, 511) 285
(312, 511) 286
(312, 511) 287
(311, 512) 288
(310, 512) 289
(310, 512) 290
(309, 512) 291
(304, 512) 292
(1503, 482) 345
(1503, 482) 346
(1504, 481) 347
(1504, 481) 348
(1503, 481) 349
(1502, 481) 350
(1502, 481) 351
(1503, 480) 352
(1503, 480) 353
(1504, 480) 354
(1504, 480) 355
(1505, 480) 356
(1505, 481) 357
(1505, 480) 358
(1508, 481) 359
(1510, 481) 360
(1513, 482) 361
(1515, 482) 362
(1517, 482) 363
(1519, 483) 364
(1520, 483) 365
(1522, 483) 366
(1522, 484) 367
(1518, 484) 368
(1514, 485) 369
(1511, 485) 370
(1509, 485) 371
(1509, 485) 372
(1513, 485) 373
(1517, 485) 374
(1520, 484) 375
(1523, 484) 376
(1525, 484) 377
(1528, 484) 378
(1530, 484) 379
(1532, 483) 380
(1534, 483) 381
(1535, 483) 382
(1536, 483) 383
(1538, 483) 384
(1539, 481) 385
(1538, 481) 386
(1541, 481) 387
(1544, 481) 388
(1546, 481) 389
(1553, 481) 390
(1568, 481) 391
(1581, 481) 392
(1596, 481) 393
(1611, 480) 394
(1623, 479) 395
(1635, 479) 396
(1646, 478) 397
(1662, 478) 398
(1676, 478) 399
(1684, 477) 400
(1691, 477) 401
(1698, 476) 402
(1704, 476) 403
(1709, 476) 404
(1714, 476) 405
(1716, 476) 406
(1717, 476) 407
(1717, 476) 408
(1717, 476) 409
(1714, 477) 410
(1712, 477) 411
(282, 485) 345
(282, 484) 346
(282, 485) 347
(285, 485) 348
(287, 485) 349
(289, 486) 350
(291, 486) 351
(293, 486) 352
(301, 486) 353
(312, 486) 354
(322, 485) 355
(332, 485) 356
(340, 485) 357
(350, 485) 358
(359, 484) 359
(367, 484) 360
(375, 484) 361
(381, 484) 362
(387, 484) 363
(392, 484) 364
(397, 484) 365
(402, 484) 366
(402, 484) 367
(402, 484) 368
(407, 485) 369
(412, 485) 370
(416, 485) 371
(420, 486) 372
(422, 487) 373
(424, 488) 374
(426, 488) 375
(427, 489) 376
(428, 490) 377
(429, 491) 378
(430, 492) 379
(431, 492) 380
(432, 493) 381
(433, 494) 382
(438, 494) 383
(441, 493) 384
(442, 494) 385
(442, 494) 386
(441, 494) 387
(439, 494) 388
(436, 495) 389
(433, 495) 390
(427, 495) 391
(423, 496) 392
(419, 496) 393
(415, 497) 394
(412, 497) 395
(409, 498) 396
(411, 498) 397
(414, 498) 398
(417, 498) 399
(420, 499) 400
(427, 498) 401
(433, 498) 402
(438, 498) 403
(442, 497) 404
(446, 497) 405
(448, 497) 406
(450, 497) 407
(451, 498) 408
(451, 498) 409
(451, 498) 410
(451, 498) 411
(1523, 455) 639
(1523, 455) 640
(1523, 455) 641
(1523, 455) 642
(1523, 455) 643
(1523, 455) 644
(1523, 455) 645
(1529, 455) 646
(1535, 455) 647
(1540, 455) 648
(1545, 455) 649
(1549, 455) 650
(1553, 455) 651
(1556, 455) 652
(1559, 455) 653
(1562, 455) 654
(1565, 454) 655
(1567, 454) 656
(1569, 454) 657
(1571, 454) 658
(1572, 454) 659
(1574, 454) 660
(1575, 454) 661
(1577, 454) 662
(1580, 454) 663
(1582, 454) 664
(1584, 454) 665
(1586, 454) 666
(1587, 453) 667
(1589, 453) 668
(1590, 453) 669
(1591, 453) 670
(1592, 452) 671
(1592, 452) 672
(1590, 452) 673
(1587, 452) 674
(1585, 452) 675
(1583, 452) 676
(1580, 452) 677
(1581, 452) 678
(1582, 452) 679
(1585, 453) 680
(1588, 453) 681
(1589, 455) 682
(1591, 456) 683
(1589, 457) 684
(1589, 458) 685
(1589, 459) 686
(1589, 460) 687
(1591, 460) 688
(1593, 460) 689
(1595, 459) 690
(1597, 459) 691
(1598, 459) 692
(1598, 459) 693
(1597, 458) 694
(1595, 458) 695
(1593, 458) 696
(1591, 457) 697
(1590, 457) 698
(1588, 457) 699
(1587, 456) 700
(1585, 456) 701
(1584, 456) 702
(1583, 455) 703
(1583, 455) 704
(1587, 455) 705
(1590, 455) 706
(1594, 454) 707
(1597, 454) 708
(1600, 455) 709
(1602, 455) 710
(1603, 456) 711
(1609, 456) 712
(1614, 456) 713
(1619, 456) 714
(1619, 457) 715
(1617, 458) 716
(1613, 459) 717
(1611, 460) 718
(1609, 461) 719
(1609, 462) 720
(1612, 462) 721
(1616, 462) 722
(1620, 462) 723
(1624, 462) 724
(1628, 462) 725
(1632, 462) 726
(1635, 462) 727
(1637, 462) 728
(1640, 461) 729
(1642, 461) 730
(1644, 461) 731
(1646, 461) 732
(1648, 461) 733
(1650, 461) 734
(1652, 461) 735
(1653, 461) 736
(1655, 461) 737
(1657, 460) 738
(1657, 460) 739
(1657, 460) 740
(1656, 460) 741
(1653, 459) 742
(1650, 458) 743
(1647, 458) 744
(1645, 457) 745
(1642, 457) 746
(1643, 456) 747
(1644, 456) 748
(1644, 456) 749
(1642, 456) 750
(1640, 455) 751
(1639, 456) 752
(1638, 455) 753
(1637, 456) 754
(1636, 456) 755
(1633, 457) 756
(1631, 457) 757
(1629, 459) 758
(1626, 459) 759
(1624, 459) 760
(1614, 459) 761
(1605, 459) 762
(1596, 459) 763
(1589, 458) 764
(1582, 458) 765
(1584, 458) 766
(1585, 458) 767
(1590, 458) 768
(1594, 458) 769
(1597, 458) 770
(1600, 458) 771
(1603, 459) 772
(1605, 459) 773
(1607, 459) 774
(1609, 459) 775
(1609, 459) 776
(1607, 461) 777
(1605, 463) 778
(1603, 464) 779
(1601, 466) 780
(1600, 467) 781
(1598, 469) 782
(1597, 470) 783
(1596, 472) 784
(1595, 473) 785
(1594, 475) 786
(1593, 476) 787
(1592, 477) 788
(1592, 479) 789
(1591, 480) 790
(1591, 481) 791
(1590, 483) 792
(1590, 484) 793
(1589, 485) 794
(1588, 485) 795
(1587, 484) 796
(1586, 484) 797
(1581, 483) 798
(1577, 482) 799
(1573, 481) 800
(1570, 480) 801
(1572, 480) 802
(1574, 480) 803
(1576, 480) 804
(1579, 480) 805
(1582, 480) 806
(1583, 480) 807
(1584, 479) 808
(1584, 479) 809
(1586, 479) 810
(1588, 479) 811
(1589, 479) 812
(1591, 479) 813
(1592, 479) 814
(1594, 480) 815
(1594, 480) 816
(1595, 481) 817
(1595, 481) 818
(1595, 481) 819
(1594, 482) 820
(1593, 482) 821
(1593, 482) 822
(1593, 483) 823
(1593, 483) 824
(1593, 484) 825
(1594, 484) 826
(1594, 485) 827
(1596, 485) 828
(1598, 486) 829
(1600, 486) 830
(1602, 487) 831
(1603, 488) 832
(1605, 489) 833
(1606, 491) 834
(1607, 492) 835
(1608, 493) 836
(1609, 494) 837
(1610, 495) 838
(1612, 496) 839
(1615, 496) 840
(1617, 497) 841
(1620, 498) 842
(1623, 499) 843
(1626, 501) 844
(1629, 502) 845
(1627, 502) 846
(1624, 503) 847
(1622, 503) 848
(1613, 503) 849
(1605, 504) 850
(1599, 504) 851
(1592, 504) 852
(1587, 504) 853
(1582, 504) 854
(1577, 504) 855
(1573, 504) 856
(1569, 505) 857
(1566, 505) 858
(1563, 505) 859
(1560, 505) 860
(1558, 504) 861
(1555, 503) 862
(1558, 502) 863
(1560, 502) 864
(1563, 502) 865
(1563, 501) 866
(1562, 501) 867
(1559, 500) 868
(1562, 499) 869
(1564, 499) 870
(1568, 499) 871
(1571, 500) 872
(1570, 500) 873
(1570, 501) 874
(1573, 501) 875
(1577, 501) 876
(1580, 502) 877
(1582, 502) 878
(1585, 503) 879
(1587, 503) 880
(1589, 504) 881
(1591, 504) 882
(1592, 504) 883
(1593, 504) 884
(1594, 504) 885
(1595, 504) 886
(1595, 504) 887
(1596, 503) 888
(1596, 503) 889
(1597, 503) 890
(1597, 503) 891
(1593, 503) 892
(1589, 503) 893
(1436, 452) 768
(1436, 452) 769
(1436, 452) 770
(1436, 452) 771
(1436, 452) 772
(1436, 452) 773
(1436, 452) 774
(1436, 452) 775
(1436, 452) 776
(1436, 452) 777
(1436, 452) 778
(1436, 452) 779
(1436, 452) 780
(1436, 452) 781
(1430, 452) 782
(1425, 452) 783
(1417, 453) 784
(1409, 455) 785
(1402, 456) 786
(1396, 457) 787
(1390, 459) 788
(1385, 460) 789
(1375, 461) 790
(1368, 461) 791
(1363, 462) 792
(1359, 462) 793
(1353, 464) 794
(1348, 466) 795
(1345, 469) 796
(1342, 471) 797
(1339, 474) 798
(1335, 475) 799
(1334, 477) 800
(1330, 478) 801
(1327, 479) 802
(1324, 480) 803
(1321, 481) 804
(1319, 482) 805
(1319, 484) 806
(1319, 486) 807
(1319, 488) 808
(1318, 490) 809
(1315, 491) 810
(1312, 492) 811
(1309, 493) 812
(1306, 493) 813
(1303, 494) 814
(1300, 495) 815
(1298, 495) 816
(1297, 496) 817
(1295, 496) 818
(1294, 497) 819
(1292, 497) 820
(1292, 498) 821
(1291, 498) 822
(1291, 499) 823
(1291, 500) 824
(1291, 500) 825
(1292, 501) 826
(1295, 502) 827
(1299, 504) 828
(1305, 505) 829
(1311, 507) 830
(1313, 507) 831
(1316, 508) 832
(1318, 508) 833
(1320, 508) 834
(1324, 508) 835
(1327, 509) 836
(1329, 509) 837
(1332, 509) 838
(1334, 509) 839
(1337, 509) 840
(1339, 509) 841
(1341, 509) 842
(1342, 509) 843
(1345, 510) 844
(1347, 511) 845
(749, 495) 768
(748, 495) 769
(746, 496) 770
(743, 497) 771
(740, 498) 772
(737, 499) 773
(733, 500) 774
(731, 501) 775
(728, 502) 776
(718, 503) 777
(708, 505) 778
(699, 506) 779
(690, 508) 780
(683, 509) 781
(676, 510) 782
(669, 512) 783
(662, 513) 784
(658, 514) 785
(652, 515) 786
(646, 516) 787
(641, 517) 788
(636, 518) 789
(632, 518) 790
(628, 519) 791
(624, 520) 792
(621, 521) 793
(619, 522) 794
(616, 522) 795
(614, 523) 796
(612, 524) 797
(606, 525) 798
(603, 526) 799
(600, 527) 800
(599, 528) 801
(598, 529) 802
(597, 530) 803
(596, 530) 804
(594, 530) 805
(592, 530) 806
(592, 530) 807
(592, 529) 808
(594, 529) 809
(595, 528) 810
(596, 527) 811
(597, 527) 812
(598, 526) 813
(599, 525) 814
(599, 525) 815
(598, 524) 816
(596, 524) 817
(594, 523) 818
(592, 523) 819
(591, 522) 820
(589, 522) 821
(588, 521) 822
(588, 521) 823
(586, 520) 824
(585, 520) 825
(582, 519) 826
(580, 519) 827
(577, 518) 828
(575, 518) 829
(573, 517) 830
(571, 517) 831
(569, 516) 832
(567, 516) 833
(566, 515) 834
(565, 515) 835
(567, 514) 836
(567, 514) 837
(567, 514) 838
(561, 513) 839
(554, 513) 840
(546, 513) 841
(534, 513) 842
(524, 513) 843
(514, 513) 844
(505, 512) 845
(497, 512) 846
(490, 512) 847
(484, 511) 848
(478, 510) 849
(473, 509) 850
(469, 509) 851
(465, 508) 852
(461, 507) 853
(458, 506) 854
(455, 506) 855
(452, 505) 856
(449, 504) 857
(447, 504) 858
(445, 503) 859
(443, 503) 860
(442, 502) 861
(440, 501) 862
(439, 501) 863
(438, 500) 864
(437, 499) 865
(437, 499) 866
(436, 498) 867
(436, 498) 868
(436, 497) 869
(436, 496) 870
(436, 496) 871
(436, 495) 872
(436, 494) 873
(436, 494) 874
(437, 493) 875
(440, 492) 876
(444, 490) 877
(447, 488) 878
(450, 487) 879
(452, 485) 880
(455, 484) 881
(457, 483) 882
(458, 481) 883
(457, 629) 785
(457, 629) 786
(461, 628) 787
(461, 628) 788
(459, 627) 789
(457, 627) 790
(455, 626) 791
(454, 626) 792
(453, 625) 793
(450, 625) 794
(449, 624) 795
(448, 623) 796
(444, 622) 797
(436, 620) 798
(428, 617) 799
(421, 615) 800
(415, 613) 801
(409, 610) 802
(404, 608) 803
(399, 606) 804
(395, 603) 805
(392, 601) 806
(389, 599) 807
(386, 597) 808
(383, 595) 809
(381, 592) 810
(378, 590) 811
(376, 588) 812
(375, 586) 813
(370, 585) 814
(371, 583) 815
(371, 581) 816
(372, 581) 817
(372, 580) 818
(373, 580) 819
(374, 579) 820
(375, 578) 821
(376, 577) 822
(376, 576) 823
(377, 575) 824
(377, 574) 825
(377, 574) 826
(377, 573) 827
(377, 572) 828
(373, 572) 829
(369, 572) 830
(360, 573) 831
(349, 573) 832
(338, 573) 833
(326, 573) 834
(314, 573) 835
(306, 573) 836
(296, 573) 837
(287, 573) 838
(280, 573) 839
(273, 573) 840
(266, 573) 841
(261, 573) 842
(256, 573) 843
(251, 573) 844
(247, 573) 845
(243, 573) 846
(240, 573) 847
(239, 572) 848
(238, 572) 849
(237, 571) 850
(237, 570) 851
(236, 570) 852
(235, 569) 853
(235, 568) 854
(234, 568) 855
(234, 567) 856
(233, 566) 857
(233, 566) 858
(233, 565) 859
(233, 564) 860
(232, 564) 861
(232, 563) 862
(232, 563) 863
(232, 562) 864
(231, 562) 865
(234, 561) 866
(1559, 474) 1052
(1559, 474) 1053
(1559, 474) 1054
(1559, 474) 1055
(1559, 474) 1056
(1559, 474) 1057
(1559, 474) 1058
(1560, 474) 1059
(1560, 474) 1060
(1560, 474) 1061
(1560, 474) 1062
(1560, 474) 1063
(1560, 474) 1064
(1560, 474) 1065
(1560, 474) 1066
(1562, 475) 1067
(1564, 475) 1068
(1568, 476) 1069
(1573, 477) 1070
(1574, 477) 1071
(1574, 478) 1072
(1575, 478) 1073
(1578, 479) 1074
(1580, 479) 1075
(1580, 479) 1076
(1581, 480) 1077
(1582, 480) 1078
(1579, 480) 1079
(1577, 480) 1080
(1575, 480) 1081
(1574, 481) 1082
(1572, 481) 1083
(1570, 481) 1084
(1568, 481) 1085
(1561, 481) 1086
(1555, 482) 1087
(1552, 482) 1088
(1550, 483) 1089
(1547, 483) 1090
(1545, 484) 1091
(1543, 485) 1092
(1543, 485) 1093
(1543, 486) 1094
(1543, 487) 1095
(1543, 487) 1096
(1543, 488) 1097
(1543, 488) 1098
(1543, 489) 1099
(1543, 489) 1100
(1544, 490) 1101
(1545, 490) 1102
(1546, 490) 1103
(1547, 491) 1104
(1547, 491) 1105
(1547, 492) 1106
(1541, 492) 1107
(1537, 492) 1108
(1533, 492) 1109
(1529, 492) 1110
(1526, 492) 1111
(1524, 492) 1112
(1519, 492) 1113
(1514, 492) 1114
(1515, 492) 1115
(1516, 492) 1116
(1516, 492) 1117
(1516, 492) 1118
(1515, 492) 1119
(1514, 492) 1120
(1513, 492) 1121
(1513, 492) 1122
(1513, 492) 1123
(1515, 493) 1124
(1517, 493) 1125
(1521, 494) 1126
(1523, 495) 1127
(1526, 495) 1128
(1528, 496) 1129
(1530, 496) 1130
(1532, 497) 1131
(1534, 497) 1132
(1535, 497) 1133
(1535, 497) 1134
(1535, 498) 1135
(1535, 498) 1136
(1534, 498) 1137
(1536, 499) 1138
(1538, 499) 1139
(1539, 500) 1140
(1540, 500) 1141
(1542, 501) 1142
(1543, 501) 1143
(1544, 501) 1144
(1545, 502) 1145
(1546, 502) 1146
(1547, 503) 1147
(1548, 503) 1148
(1548, 503) 1149
(1549, 504) 1150
(1550, 504) 1151
(1550, 505) 1152
(1550, 505) 1153
(1553, 506) 1154
(1555, 507) 1155
(1558, 508) 1156
(1560, 509) 1157
(1561, 509) 1158
(1564, 510) 1159
(1566, 511) 1160
(1569, 512) 1161
(1570, 513) 1162
(1571, 513) 1163
(1571, 513) 1164
(1572, 513) 1165
(1572, 514) 1166
(1572, 514) 1167
(1573, 514) 1168
(1573, 514) 1169
(1573, 515) 1170
(1573, 515) 1171
(1574, 515) 1172
(1574, 515) 1173
(1574, 515) 1174
(1574, 516) 1175
(1574, 516) 1176
(1574, 516) 1177
(1574, 516) 1178
(1574, 516) 1179
(1574, 517) 1180
(1574, 517) 1181
(1574, 517) 1182
(1574, 517) 1183
(1573, 517) 1184
(1573, 517) 1185
(1573, 518) 1186
(1573, 518) 1187
(1573, 518) 1188
(1573, 518) 1189
(1573, 518) 1190
(1572, 519) 1191
(1572, 519) 1192
(1572, 519) 1193
(1572, 519) 1194
(1572, 519) 1195
(556, 518) 1075
(555, 517) 1076
(553, 517) 1077
(550, 517) 1078
(548, 516) 1079
(546, 516) 1080
(543, 516) 1081
(540, 516) 1082
(538, 515) 1083
(536, 515) 1084
(534, 515) 1085
(532, 515) 1086
(530, 514) 1087
(528, 514) 1088
(527, 514) 1089
(526, 514) 1090
(524, 514) 1091
(523, 513) 1092
(522, 513) 1093
(521, 513) 1094
(520, 513) 1095
(519, 513) 1096
(518, 512) 1097
(518, 512) 1098
(520, 512) 1099
(521, 512) 1100
(522, 512) 1101
(523, 511) 1102
(524, 511) 1103
(526, 511) 1104
(527, 510) 1105
(529, 510) 1106
(532, 510) 1107
(535, 510) 1108
(541, 511) 1109
(547, 512) 1110
(551, 513) 1111
(555, 514) 1112
(559, 515) 1113
(562, 516) 1114
(566, 516) 1115
(570, 517) 1116
(574, 518) 1117
(578, 518) 1118
(581, 519) 1119
(583, 519) 1120
(586, 520) 1121
(588, 520) 1122
(590, 521) 1123
(592, 521) 1124
(593, 522) 1125
(595, 522) 1126
(596, 523) 1127
(597, 523) 1128
(598, 524) 1129
(598, 524) 1130
(599, 525) 1131
(600, 525) 1132
(601, 525) 1133
(602, 525) 1134
(608, 526) 1135
(605, 526) 1136
(602, 526) 1137
(599, 527) 1138
(597, 527) 1139
(594, 528) 1140
(594, 528) 1141
(591, 528) 1142
(592, 528) 1143
(592, 528) 1144
(589, 528) 1145
(586, 528) 1146
(584, 528) 1147
(582, 529) 1148
(579, 529) 1149
(577, 529) 1150
(575, 529) 1151
(574, 529) 1152
(572, 529) 1153
(571, 529) 1154
(570, 529) 1155
(569, 529) 1156
(568, 529) 1157
(565, 529) 1158
(561, 529) 1159
(554, 529) 1160
(539, 529) 1161
(524, 529) 1162
(509, 529) 1163
(495, 529) 1164
(490, 529) 1165
(486, 529) 1166
(482, 529) 1167
(479, 529) 1168
(476, 529) 1169
(473, 529) 1170
(470, 529) 1171
(468, 529) 1172
(466, 529) 1173
(464, 529) 1174
(462, 529) 1175
(461, 529) 1176
(460, 530) 1177
(458, 530) 1178
(457, 530) 1179
(363, 491) 1097
(363, 491) 1098
(363, 491) 1099
(363, 491) 1100
(362, 491) 1101
(362, 491) 1102
(362, 491) 1103
(356, 492) 1104
(352, 492) 1105
(347, 493) 1106
(343, 493) 1107
(339, 494) 1108
(338, 494) 1109
(337, 494) 1110
(335, 494) 1111
(335, 494) 1112
(334, 494) 1113
(333, 495) 1114
(331, 495) 1115
(327, 497) 1116
(324, 498) 1117
(322, 499) 1118
(319, 500) 1119
(317, 501) 1120
(315, 502) 1121
(313, 503) 1122
(312, 504) 1123
(310, 505) 1124
(309, 506) 1125
(308, 507) 1126
(307, 508) 1127
(306, 508) 1128
(305, 509) 1129
(304, 510) 1130
(304, 511) 1131
(306, 511) 1132
(308, 511) 1133
(310, 511) 1134
(311, 510) 1135
(313, 510) 1136
(314, 510) 1137
(315, 510) 1138
(316, 509) 1139
(317, 509) 1140
(318, 509) 1141
(319, 509) 1142
(320, 509) 1143
(320, 508) 1144
(321, 508) 1145
(321, 508) 1146
(322, 508) 1147
(322, 508) 1148
(323, 508) 1149
(323, 507) 1150
(323, 507) 1151
(324, 507) 1152
(324, 507) 1153
(325, 508) 1154
(326, 509) 1155
(327, 510) 1156
(327, 511) 1157
(324, 511) 1158
(321, 512) 1159
(317, 512) 1160
(314, 513) 1161
(311, 513) 1162
(308, 513) 1163
(306, 514) 1164
(306, 514) 1165
(308, 514) 1166
(312, 514) 1167
(318, 515) 1168
(323, 515) 1169
(327, 515) 1170
(330, 515) 1171
(332, 516) 1172
(334, 516) 1173
(337, 516) 1174
(336, 516) 1175
(337, 515) 1176
(336, 515) 1177
(335, 514) 1178
(334, 514) 1179
(333, 513) 1180
(326, 514) 1181
(319, 514) 1182
(316, 515) 1183
(312, 515) 1184
(308, 515) 1185
(304, 516) 1186
(300, 516) 1187
(296, 517) 1188
(294, 517) 1189
(291, 518) 1190
(289, 518) 1191
(286, 519) 1192
(284, 519) 1193
(281, 520) 1194
(279, 520) 1195
