(1149, 472) 152
(1149, 472) 153
(1149, 472) 154
(1149, 472) 155
(1149, 472) 156
(1149, 472) 157
(1149, 472) 158
(1149, 472) 159
(1149, 472) 160
(1143, 472) 161
(1139, 472) 162
(1135, 473) 163
(1131, 473) 164
(1128, 474) 165
(1125, 474) 166
(1122, 474) 167
(1119, 475) 168
(1117, 475) 169
(1115, 476) 170
(1114, 476) 171
(1112, 476) 172
(1110, 477) 173
(1109, 477) 174
(1108, 477) 175
(1107, 478) 176
(1106, 478) 177
(1105, 478) 178
(1103, 478) 179
(1102, 477) 180
(1100, 476) 181
(1099, 476) 182
(1098, 475) 183
(1097, 475) 184
(1096, 474) 185
(1095, 474) 186
(1094, 473) 187
(1093, 472) 188
(1093, 472) 189
(1092, 471) 190
(1092, 471) 191
(1086, 471) 192
(1081, 470) 193
(1077, 470) 194
(1073, 470) 195
(1069, 470) 196
(1066, 470) 197
(1063, 469) 198
(1061, 469) 199
(1058, 469) 200
(1056, 469) 201
(1054, 469) 202
(1047, 469) 203
(1041, 469) 204
(1032, 469) 205
(1026, 469) 206
(1018, 469) 207
(1013, 469) 208
(1006, 469) 209
(1001, 469) 210
(997, 469) 211
(996, 469) 212
(991, 469) 213
(985, 469) 214
(985, 468) 215
(982, 468) 216
(977, 468) 217
(975, 468) 218
(969, 468) 219
(963, 469) 220
(956, 469) 221
(948, 469) 222
(942, 469) 223
(938, 469) 224
(938, 469) 225
(938, 469) 226
(933, 469) 227
(932, 469) 228
(932, 468) 229
(931, 468) 230
(930, 467) 231
(929, 467) 232
(929, 467) 233
(928, 466) 234
(928, 466) 235
(928, 466) 236
(934, 466) 237
(938, 466) 238
(944, 465) 239
(949, 465) 240
(946, 465) 241
(943, 465) 242
(940, 465) 243
(940, 465) 244
(939, 465) 245
(938, 465) 246
(936, 465) 247
(934, 465) 248
(934, 465) 249
(934, 465) 250
(933, 465) 251
(933, 466) 252
(939, 465) 253
(945, 465) 254
(951, 465) 255
(962, 465) 256
(972, 466) 257
(980, 466) 258
(988, 466) 259
(988, 466) 260
(984, 466) 261
(979, 467) 262
(977, 467) 263
(975, 467) 264
(974, 467) 265
(974, 467) 266
(969, 468) 267
(964, 468) 268
(967, 468) 269
(969, 468) 270
(976, 468) 271
(984, 469) 272
(991, 469) 273
(997, 469) 274
(1002, 469) 275
(1006, 469) 276
(1010, 469) 277
(1010, 469) 278
(1008, 468) 279
(1002, 468) 280
(997, 468) 281
(997, 468) 282
(997, 468) 283
(999, 468) 284
(999, 468) 285
(1002, 468) 286
(1003, 468) 287
(1003, 468) 288
(1002, 468) 289
(999, 469) 290
(993, 469) 291
(987, 469) 292
(984, 470) 293
(979, 471) 294
(979, 471) 295
(973, 472) 296
(966, 473) 297
(963, 473) 298
(956, 473) 299
(945, 474) 300
(942, 474) 301
(943, 474) 302
(943, 475) 303
(943, 475) 304
(943, 475) 305
(943, 475) 306
(943, 476) 307
(938, 476) 308
(933, 476) 309
(929, 476) 310
(925, 476) 311
(922, 476) 312
(916, 476) 313
(910, 476) 314
(913, 476) 315
(918, 476) 316
(915, 476) 317
(912, 476) 318
(910, 476) 319
(900, 476) 320
(891, 476) 321
(882, 476) 322
(878, 476) 323
(873, 476) 324
(874, 477) 325
(882, 477) 326
(891, 477) 327
(900, 477) 328
(910, 477) 329
(917, 477) 330
(916, 477) 331
(915, 478) 332
(910, 478) 333
(910, 478) 334
(913, 479) 335
(916, 479) 336
(920, 479) 337
(918, 480) 338
(918, 480) 339
(918, 480) 340
(918, 481) 341
(918, 481) 342
(917, 481) 343
(915, 482) 344
(911, 483) 345
(908, 484) 346
(906, 484) 347
(903, 485) 348
(903, 486) 349
(907, 486) 350
(907, 487) 351
(911, 488) 352
(915, 488) 353
(919, 489) 354
(922, 489) 355
(927, 490) 356
(929, 490) 357
(931, 491) 358
(933, 491) 359
(935, 492) 360
(938, 492) 361
(942, 492) 362
(939, 492) 363
(937, 493) 364
(936, 493) 365
(936, 493) 366
(935, 493) 367
(935, 494) 368
(938, 494) 369
(936, 494) 370
(931, 494) 371
(927, 495) 372
(928, 495) 373
(928, 494) 374
(928, 494) 375
(930, 494) 376
(932, 494) 377
(931, 494) 378
(931, 493) 379
(928, 493) 380
(927, 493) 381
(926, 492) 382
(926, 492) 383
(925, 491) 384
(919, 492) 385
(916, 492) 386
(912, 492) 387
(912, 493) 388
(913, 493) 389
(916, 493) 390
(918, 493) 391
(923, 493) 392
(927, 493) 393
(929, 493) 394
(931, 493) 395
(936, 493) 396
(940, 493) 397
(945, 493) 398
(952, 493) 399
(959, 492) 400
(959, 492) 401
(959, 492) 402
(960, 492) 403
(962, 492) 404
(966, 491) 405
(974, 492) 406
(981, 493) 407
(989, 496) 408
(997, 498) 409
(1005, 500) 410
(1012, 502) 411
(1018, 505) 412
(1022, 505) 413
(1022, 505) 414
(1021, 505) 415
(1018, 504) 416
(1015, 504) 417
(1012, 503) 418
(1008, 502) 419
(1004, 502) 420
(1000, 501) 421
(989, 501) 422
(984, 501) 423
(983, 500) 424
(978, 500) 425
(977, 499) 426
(972, 499) 427
(967, 499) 428
(963, 498) 429
(954, 498) 430
(946, 498) 431
(939, 498) 432
(933, 498) 433
(927, 498) 434
(925, 498) 435
(921, 498) 436
(917, 497) 437
(917, 497) 438
(909, 497) 439
(903, 496) 440
(897, 496) 441
(897, 495) 442
(901, 495) 443
(906, 495) 444
(911, 495) 445
(915, 495) 446
(918, 494) 447
(921, 494) 448
(924, 494) 449
(927, 494) 450
(928, 494) 451
(929, 494) 452
(930, 493) 453
(931, 493) 454
(931, 493) 455
(925, 493) 456
(920, 493) 457
(913, 492) 458
(907, 492) 459
(902, 491) 460
(898, 490) 461
(898, 489) 462
(899, 489) 463
(906, 488) 464
(915, 487) 465
(928, 486) 466
(938, 486) 467
(949, 485) 468
(959, 484) 469
(973, 484) 470
(986, 484) 471
(992, 483) 472
(997, 483) 473
(1001, 482) 474
(1006, 482) 475
(1010, 482) 476
(1011, 482) 477
(1011, 482) 478
(1011, 483) 479
(1012, 483) 480
(1013, 483) 481
(1017, 484) 482
(1016, 484) 483
(1016, 485) 484
(1015, 485) 485
(1015, 486) 486
(1010, 486) 487
(1005, 486) 488
(1005, 486) 489
(1002, 488) 490
(992, 490) 491
(984, 491) 492
(978, 493) 493
(972, 495) 494
(967, 497) 495
(962, 498) 496
(958, 500) 497
(954, 501) 498
(952, 501) 499
(947, 502) 500
(946, 501) 501
(946, 501) 502
(944, 501) 503
(943, 501) 504
(940, 502) 505
(940, 502) 506
(939, 502) 507
(935, 502) 508
(930, 503) 509
(931, 503) 510
(931, 503) 511
(937, 503) 512
(941, 504) 513
(945, 504) 514
(956, 504) 515
(964, 504) 516
(973, 505) 517
(980, 505) 518
(987, 506) 519
(993, 506) 520
(998, 507) 521
(1003, 507) 522
(1007, 508) 523
(1011, 508) 524
(1015, 509) 525
(1018, 509) 526
(1017, 511) 527
(1016, 512) 528
(1016, 513) 529
(1016, 514) 530
(1016, 516) 531
(1016, 517) 532
(1015, 518) 533
(1015, 519) 534
(1015, 520) 535
(1015, 521) 536
(1015, 522) 537
(1015, 524) 538
(1015, 525) 539
(1015, 526) 540
(1015, 527) 541
(1015, 528) 542
(1015, 529) 543
(1014, 531) 544
(1012, 533) 545
(1010, 535) 546
(1001, 538) 547
(26, 673) 190
(25, 673) 191
(25, 673) 192
(24, 673) 193
(23, 673) 194
(22, 673) 195
(21, 673) 196
(20, 673) 197
(19, 673) 198
(18, 673) 199
(16, 673) 200
(13, 673) 201
(11, 673) 202
(9, 673) 203
(9, 673) 204
(1925, 673) 205
(1923, 673) 206
(1920, 673) 207
(1918, 673) 208
(1917, 673) 209
(1917, 672) 210
(1917, 671) 211
(7, 670) 212
(13, 669) 213
(18, 668) 214
(22, 666) 215
(27, 665) 216
(31, 663) 217
(35, 662) 218
(39, 660) 219
(42, 659) 220
(45, 657) 221
(48, 656) 222
(50, 655) 223
(52, 653) 224
(54, 652) 225
(56, 651) 226
(58, 649) 227
(59, 648) 228
(60, 647) 229
(62, 646) 230
(63, 645) 231
(64, 643) 232
(64, 642) 233
(72, 642) 234
(79, 641) 235
(78, 641) 236
(78, 641) 237
(78, 640) 238
(77, 640) 239
(77, 640) 240
(77, 640) 241
(77, 640) 242
(77, 638) 243
(78, 637) 244
(78, 635) 245
(79, 633) 246
(79, 632) 247
(79, 630) 248
(83, 628) 249
(86, 625) 250
(89, 623) 251
(92, 621) 252
(95, 619) 253
(98, 617) 254
(100, 615) 255
(102, 613) 256
(109, 612) 257
(114, 611) 258
(117, 610) 259
(124, 609) 260
(131, 608) 261
(134, 607) 262
(140, 606) 263
(146, 606) 264
(146, 605) 265
(145, 603) 266
(144, 602) 267
(142, 601) 268
(141, 600) 269
(140, 598) 270
(139, 597) 271
(138, 596) 272
(136, 595) 273
(130, 594) 274
(125, 593) 275
(114, 594) 276
(104, 594) 277
(91, 596) 278
(81, 597) 279
(71, 598) 280
(63, 599) 281
(54, 600) 282
(47, 601) 283
(41, 602) 284
(34, 604) 285
(28, 606) 286
(22, 607) 287
(17, 609) 288
(12, 610) 289
(12, 612) 290
(1930, 613) 291
(1927, 615) 292
(1923, 616) 293
(1919, 619) 294
(1917, 620) 295
(1917, 621) 296
(1916, 623) 297
(1913, 624) 298
(1909, 625) 299
(1909, 626) 300
(1912, 626) 301
(1918, 627) 302
(1918, 626) 303
(11, 626) 304
(17, 626) 305
(22, 626) 306
(27, 625) 307
(30, 626) 308
(30, 626) 309
(29, 625) 310
(29, 625) 311
(29, 625) 312
(21, 625) 313
(15, 624) 314
(17, 624) 315
(19, 623) 316
(20, 622) 317
(27, 621) 318
(37, 619) 319
(46, 618) 320
(46, 617) 321
(47, 615) 322
(55, 614) 323
(61, 612) 324
(66, 610) 325
(71, 609) 326
(70, 607) 327
(70, 606) 328
(70, 604) 329
(68, 602) 330
(67, 599) 331
(57, 597) 332
(54, 595) 333
(50, 594) 334
(47, 592) 335
(45, 590) 336
(43, 589) 337
(42, 588) 338
(43, 587) 339
(44, 586) 340
(47, 586) 341
(45, 585) 342
(44, 584) 343
(44, 583) 344
(43, 582) 345
(41, 582) 346
(39, 581) 347
(33, 582) 348
(27, 582) 349
(22, 582) 350
(17, 583) 351
(13, 583) 352
(13, 584) 353
(13, 584) 354
(13, 583) 355
(13, 582) 356
(15, 580) 357
(21, 578) 358
(26, 576) 359
(31, 574) 360
(34, 572) 361
(34, 571) 362
(34, 569) 363
(42, 568) 364
(52, 566) 365
(61, 565) 366
(69, 564) 367
(76, 563) 368
(74, 562) 369
(80, 561) 370
(1474, 472) 191
(1473, 472) 192
(1472, 472) 193
(1471, 473) 194
(1470, 473) 195
(1468, 473) 196
(1467, 473) 197
(1466, 474) 198
(1464, 473) 199
(1458, 475) 200
(1454, 476) 201
(1452, 478) 202
(1451, 480) 203
(1449, 482) 204
(1447, 483) 205
(1446, 485) 206
(1444, 487) 207
(1440, 489) 208
(1437, 491) 209
(1434, 493) 210
(1431, 495) 211
(1426, 497) 212
(1419, 500) 213
(1407, 501) 214
(1397, 503) 215
(1387, 505) 216
(1378, 506) 217
(1370, 508) 218
(1363, 509) 219
(1357, 510) 220
(1351, 512) 221
(1346, 513) 222
(1341, 514) 223
(1337, 516) 224
(1333, 517) 225
(1330, 518) 226
(1325, 518) 227
(1321, 518) 228
(1316, 518) 229
(1316, 519) 230
(1318, 519) 231
(1321, 520) 232
(1325, 521) 233
(1329, 522) 234
(1333, 523) 235
(1338, 523) 236
(1343, 522) 237
(1349, 522) 238
(1354, 521) 239
(1359, 520) 240
(1365, 520) 241
(1368, 519) 242
(1370, 518) 243
(1372, 517) 244
(1371, 516) 245
(1371, 514) 246
(1372, 512) 247
(1372, 510) 248
(1372, 508) 249
(1372, 506) 250
(1373, 504) 251
(1373, 502) 252
(1373, 500) 253
(1373, 499) 254
(1368, 497) 255
(1363, 496) 256
(1360, 495) 257
(1360, 495) 258
(1360, 493) 259
(1361, 493) 260
(1360, 493) 261
(1361, 493) 262
(1362, 492) 263
(1366, 491) 264
(1370, 489) 265
(1370, 488) 266
(1370, 486) 267
(1369, 485) 268
(1367, 484) 269
(1364, 483) 270
(1363, 482) 271
(1359, 480) 272
(492, 566) 271
(497, 565) 272
(501, 564) 273
(505, 563) 274
(509, 562) 275
(512, 561) 276
(516, 561) 277
(520, 560) 278
(524, 559) 279
(528, 559) 280
(535, 558) 281
(544, 557) 282
(554, 556) 283
(563, 555) 284
(573, 553) 285
(582, 552) 286
(590, 551) 287
(599, 550) 288
(603, 549) 289
(608, 548) 290
(612, 547) 291
(618, 546) 292
(624, 545) 293
(629, 544) 294
(627, 544) 295
(626, 544) 296
(617, 544) 297
(615, 543) 298
(613, 542) 299
(612, 542) 300
(611, 541) 301
(609, 540) 302
(608, 540) 303
(607, 539) 304
(606, 539) 305
(606, 538) 306
(605, 537) 307
(604, 537) 308
(604, 536) 309
(603, 536) 310
(603, 535) 311
(602, 535) 312
(602, 534) 313
(602, 534) 314
(601, 533) 315
(601, 533) 316
(595, 532) 317
(589, 531) 318
(580, 530) 319
(574, 530) 320
(569, 529) 321
(563, 529) 322
(559, 528) 323
(550, 526) 324
(545, 525) 325
(542, 525) 326
(542, 524) 327
(544, 523) 328
(545, 522) 329
(549, 521) 330
(546, 520) 331
(542, 519) 332
(542, 519) 333
(260, 651) 279
(260, 651) 280
(259, 650) 281
(259, 650) 282
(259, 649) 283
(259, 648) 284
(260, 648) 285
(261, 647) 286
(262, 646) 287
(262, 645) 288
(263, 645) 289
(264, 644) 290
(264, 643) 291
(265, 643) 292
(265, 642) 293
(273, 641) 294
(288, 640) 295
(301, 639) 296
(313, 638) 297
(324, 637) 298
(334, 636) 299
(343, 635) 300
(351, 634) 301
(358, 633) 302
(364, 632) 303
(370, 632) 304
(372, 630) 305
(374, 629) 306
(375, 628) 307
(377, 627) 308
(385, 626) 309
(392, 625) 310
(399, 624) 311
(404, 624) 312
(409, 623) 313
(410, 621) 314
(411, 620) 315
(413, 618) 316
(413, 616) 317
(414, 614) 318
(415, 613) 319
(416, 611) 320
(416, 610) 321
(417, 608) 322
(417, 607) 323
(418, 605) 324
(418, 604) 325
(419, 602) 326
(419, 601) 327
(419, 600) 328
(413, 598) 329
(408, 596) 330
(403, 595) 331
(399, 594) 332
(394, 594) 333
(399, 593) 334
(399, 592) 335
(399, 591) 336
(400, 590) 337
(401, 589) 338
(402, 589) 339
(402, 589) 340
(403, 589) 341
(404, 589) 342
(404, 589) 343
(405, 589) 344
(405, 588) 345
(406, 588) 346
(406, 588) 347
(401, 587) 348
(397, 587) 349
(391, 586) 350
(384, 585) 351
(378, 585) 352
(373, 584) 353
(368, 583) 354
(364, 583) 355
(360, 582) 356
(353, 582) 357
(342, 582) 358
(331, 582) 359
(321, 582) 360
(311, 582) 361
(301, 582) 362
(434, 543) 296
(434, 543) 297
(439, 544) 298
(444, 545) 299
(448, 546) 300
(452, 546) 301
(456, 547) 302
(461, 547) 303
(467, 547) 304
(473, 547) 305
(475, 546) 306
(477, 546) 307
(486, 545) 308
(496, 544) 309
(501, 544) 310
(510, 543) 311
(517, 542) 312
(519, 542) 313
(528, 541) 314
(536, 541) 315
(547, 540) 316
(559, 539) 317
(572, 539) 318
(582, 538) 319
(592, 537) 320
(601, 537) 321
(609, 536) 322
(616, 536) 323
(622, 535) 324
(628, 534) 325
(633, 534) 326
(638, 533) 327
(642, 533) 328
(646, 532) 329
(649, 531) 330
(647, 531) 331
(644, 530) 332
(642, 530) 333
(640, 529) 334
(638, 529) 335
(636, 528) 336
(634, 527) 337
(625, 527) 338
(609, 527) 339
(596, 527) 340
(591, 527) 341
(586, 526) 342
(582, 526) 343
(575, 526) 344
(566, 526) 345
(560, 526) 346
(555, 526) 347
(556, 526) 348
(559, 526) 349
(557, 527) 350
(557, 527) 351
(554, 528) 352
(546, 529) 353
(531, 530) 354
(517, 531) 355
(503, 533) 356
(495, 534) 357
(486, 536) 358
(477, 537) 359
(469, 538) 360
(458, 538) 361
(447, 539) 362
(437, 539) 363
(427, 539) 364
(419, 540) 365
(412, 540) 366
(405, 540) 367
(392, 540) 368
(379, 540) 369
(1293, 471) 344
(1294, 471) 345
(1296, 471) 346
(1305, 471) 347
(1315, 471) 348
(1327, 471) 349
(1338, 471) 350
(1346, 471) 351
(1353, 471) 352
(1361, 471) 353
(1368, 471) 354
(1382, 470) 355
(1394, 470) 356
(1407, 470) 357
(1418, 470) 358
(1429, 471) 359
(1437, 471) 360
(1446, 471) 361
(1461, 470) 362
(1475, 470) 363
(1490, 470) 364
(1503, 470) 365
(1512, 470) 366
(1526, 470) 367
(1537, 470) 368
(1552, 470) 369
(1566, 469) 370
(1579, 469) 371
(1591, 469) 372
(1598, 469) 373
(1605, 469) 374
(1613, 469) 375
(1621, 469) 376
(1629, 469) 377
(1635, 468) 378
(1640, 467) 379
(1644, 467) 380
(1649, 466) 381
(1652, 466) 382
(1656, 465) 383
(1658, 465) 384
(1662, 464) 385
(1666, 463) 386
(1669, 463) 387
(1672, 462) 388
(1675, 461) 389
(1677, 461) 390
(1679, 460) 391
(1681, 459) 392
(1683, 459) 393
(1684, 458) 394
(1686, 457) 395
(1687, 457) 396
(1688, 456) 397
(1689, 456) 398
(1690, 455) 399
(1691, 454) 400
(1691, 454) 401
(1692, 453) 402
(1693, 453) 403
(1693, 453) 404
(1696, 453) 405
(1700, 453) 406
(1703, 454) 407
(1706, 454) 408
(1709, 454) 409
(1712, 454) 410
(1714, 454) 411
(1716, 455) 412
(1717, 455) 413
(1719, 455) 414
(1721, 455) 415
(1722, 456) 416
(1723, 456) 417
(1724, 456) 418
(1725, 456) 419
(1726, 456) 420
(1727, 457) 421
(1735, 457) 422
(1743, 458) 423
(1750, 458) 424
(1756, 458) 425
(1762, 459) 426
(1767, 459) 427
(1771, 460) 428
(1775, 460) 429
(1779, 461) 430
(1782, 461) 431
(1785, 462) 432
(1788, 462) 433
(1790, 462) 434
(1792, 463) 435
(1794, 463) 436
(1796, 464) 437
(1797, 464) 438
(1797, 464) 439
(1802, 464) 440
(1799, 464) 441
(1796, 464) 442
(1793, 464) 443
(1790, 464) 444
(1788, 464) 445
(1789, 465) 446
(1790, 465) 447
(1792, 465) 448
(1793, 465) 449
(1794, 465) 450
(1796, 465) 451
(1797, 466) 452
(1798, 466) 453
(1879, 708) 360
(1872, 707) 361
(1870, 708) 362
(1863, 708) 363
(1864, 708) 364
(1865, 708) 365
(1865, 708) 366
(1866, 708) 367
(1867, 708) 368
(1868, 708) 369
(1871, 708) 370
(1873, 708) 371
(1880, 707) 372
(1893, 705) 373
(1902, 704) 374
(1911, 702) 375
(1919, 700) 376
(1918, 698) 377
(8, 697) 378
(11, 696) 379
(14, 696) 380
(16, 695) 381
(19, 694) 382
(22, 694) 383
(24, 693) 384
(24, 693) 385
(24, 693) 386
(28, 692) 387
(28, 691) 388
(34, 690) 389
(34, 689) 390
(33, 687) 391
(33, 685) 392
(32, 683) 393
(32, 681) 394
(32, 680) 395
(32, 679) 396
(32, 678) 397
(33, 679) 398
(35, 680) 399
(36, 681) 400
(30, 681) 401
(28, 682) 402
(28, 683) 403
(1931, 684) 404
(1919, 685) 405
(1909, 686) 406
(1905, 686) 407
(1902, 685) 408
(1897, 685) 409
(1898, 685) 410
(1898, 684) 411
(1899, 684) 412
(1900, 683) 413
(1900, 682) 414
(1895, 683) 415
(1892, 681) 416
(1889, 680) 417
(1886, 679) 418
(1883, 678) 419
(1881, 677) 420
(67, 488) 393
(67, 488) 394
(67, 488) 395
(67, 488) 396
(64, 488) 397
(57, 489) 398
(51, 489) 399
(46, 490) 400
(42, 490) 401
(40, 490) 402
(37, 490) 403
(34, 490) 404
(32, 490) 405
(25, 490) 406
(20, 490) 407
(14, 489) 408
(14, 489) 409
(1932, 489) 410
(1930, 489) 411
(1928, 490) 412
(1927, 490) 413
(1925, 490) 414
(11, 490) 415
(17, 490) 416
(19, 490) 417
(22, 490) 418
(24, 490) 419
(27, 490) 420
(28, 490) 421
(32, 490) 422
(35, 491) 423
(38, 491) 424
(36, 493) 425
(34, 494) 426
(32, 497) 427
(30, 499) 428
(29, 501) 429
(26, 503) 430
(25, 506) 431
(19, 508) 432
(14, 511) 433
(13, 513) 434
(1932, 515) 435
(1927, 517) 436
(1922, 519) 437
(1918, 521) 438
(1919, 525) 439
(1919, 528) 440
(1917, 530) 441
(1915, 532) 442
(1913, 534) 443
(1912, 536) 444
(1910, 538) 445
(1910, 540) 446
(1911, 542) 447
(1914, 545) 448
(1916, 547) 449
(1917, 549) 450
(1919, 551) 451
(1920, 553) 452
(1922, 555) 453
(1923, 557) 454
(1923, 559) 455
(13, 561) 456
(22, 563) 457
(30, 565) 458
(37, 566) 459
(44, 568) 460
(50, 569) 461
(55, 571) 462
(60, 572) 463
(64, 574) 464
(68, 575) 465
(71, 577) 466
(74, 578) 467
(77, 579) 468
(80, 581) 469
(82, 582) 470
(84, 583) 471
(86, 584) 472
(88, 586) 473
(89, 587) 474
(89, 588) 475
(85, 588) 476
(76, 590) 477
(68, 591) 478
(61, 593) 479
(53, 594) 480
(43, 596) 481
(34, 598) 482
(26, 599) 483
(19, 601) 484
(19, 603) 485
(1934, 605) 486
(1926, 608) 487
(1919, 610) 488
(1912, 613) 489
(1906, 615) 490
(1901, 618) 491
(1896, 620) 492
(1891, 622) 493
(1887, 624) 494
(1884, 627) 495
(1881, 629) 496
(1878, 631) 497
(1875, 633) 498
(1873, 635) 499
(1869, 636) 500
(1866, 638) 501
(1864, 639) 502
(1863, 641) 503
(1862, 642) 504
(1861, 643) 505
(1860, 644) 506
(1861, 645) 507
(1863, 646) 508
(1867, 647) 509
(1872, 647) 510
(1876, 648) 511
(1880, 649) 512
(1884, 649) 513
(1887, 650) 514
(1892, 651) 515
(1898, 651) 516
(1904, 652) 517
(1909, 653) 518
(1907, 653) 519
(1901, 654) 520
(1896, 655) 521
(1891, 656) 522
(1886, 657) 523
(1881, 658) 524
(1877, 659) 525
(1873, 660) 526
(1863, 660) 527
(1854, 660) 528
(1846, 660) 529
(1840, 659) 530
(1834, 659) 531
(1828, 659) 532
(1823, 659) 533
(1819, 659) 534
(1815, 659) 535
(1814, 659) 536
(1815, 659) 537
(1823, 660) 538
(1826, 661) 539
(1828, 662) 540
(1838, 662) 541
(1846, 662) 542
(1853, 663) 543
(1857, 663) 544
(1860, 662) 545
(1865, 662) 546
(1866, 663) 547
(1866, 663) 548
(1867, 664) 549
(1868, 664) 550
(1867, 665) 551
(1867, 665) 552
(1866, 666) 553
(1864, 666) 554
(1863, 667) 555
(1862, 666) 556
(1862, 664) 557
(1859, 663) 558
(1861, 662) 559
(1861, 659) 560
(1863, 658) 561
(1861, 655) 562
(1854, 652) 563
(1775, 477) 499
(1780, 477) 500
(1787, 477) 501
(1786, 477) 502
(1780, 477) 503
(1775, 477) 504
(1771, 477) 505
(1767, 476) 506
(1771, 476) 507
(1773, 476) 508
(1775, 476) 509
(1786, 476) 510
(1795, 476) 511
(1802, 475) 512
(1809, 475) 513
(1820, 475) 514
(1829, 475) 515
(1838, 475) 516
(1846, 474) 517
(1853, 474) 518
(1861, 474) 519
(1869, 474) 520
(1874, 474) 521
(1880, 474) 522
(1884, 473) 523
(1888, 473) 524
(1894, 474) 525
(1898, 474) 526
(1902, 475) 527
(1905, 476) 528
(1908, 477) 529
(1910, 479) 530
(1913, 480) 531
(1915, 481) 532
(1915, 483) 533
(1916, 484) 534
(1918, 485) 535
(1919, 486) 536
(1922, 486) 537
(1924, 487) 538
(1924, 487) 539
(7, 487) 540
(9, 488) 541
(10, 488) 542
(11, 488) 543
(12, 489) 544
(13, 489) 545
(13, 489) 546
(13, 490) 547
(1928, 491) 548
(1919, 491) 549
(1910, 492) 550
(1903, 492) 551
(1896, 492) 552
(1889, 493) 553
(1889, 493) 554
(1890, 496) 555
(1891, 498) 556
(1892, 500) 557
(1893, 501) 558
(1893, 503) 559
(1894, 505) 560
(1895, 507) 561
(1895, 509) 562
(1895, 511) 563
(1893, 511) 564
(1891, 512) 565
(1889, 512) 566
(1887, 513) 567
(1886, 513) 568
(1884, 514) 569
(1883, 514) 570
(1882, 515) 571
(1882, 517) 572
(1880, 519) 573
(1877, 522) 574
(1878, 525) 575
(1878, 528) 576
(1876, 530) 577
(1877, 533) 578
(1878, 536) 579
(1881, 539) 580
(1883, 541) 581
(1888, 544) 582
(1895, 547) 583
(1901, 549) 584
(1907, 552) 585
(1907, 554) 586
(1906, 558) 587
(1903, 561) 588
(1900, 564) 589
(1900, 568) 590
(1902, 570) 591
(1905, 572) 592
(1909, 575) 593
(1913, 577) 594
(1913, 580) 595
(10, 583) 596
(19, 585) 597
(26, 588) 598
(33, 591) 599
(36, 593) 600
(39, 595) 601
(42, 597) 602
(48, 599) 603
(45, 601) 604
(43, 603) 605
(40, 605) 606
(35, 607) 607
(31, 609) 608
(27, 611) 609
(23, 613) 610
(20, 615) 611
(17, 617) 612
(15, 618) 613
(12, 620) 614
(10, 621) 615
(10, 623) 616
(1930, 624) 617
(15, 625) 618
(19, 626) 619
(23, 627) 620
(26, 628) 621
(31, 628) 622
(31, 628) 623
(30, 628) 624
(27, 627) 625
(24, 627) 626
(21, 626) 627
(19, 626) 628
(18, 627) 629
(17, 627) 630
(15, 627) 631
(13, 627) 632
(11, 628) 633
(9, 629) 634
(8, 629) 635
(7, 629) 636
(8, 627) 637
(10, 626) 638
(19, 625) 639
(27, 623) 640
(35, 622) 641
(43, 620) 642
(49, 618) 643
(55, 617) 644
(66, 615) 645
(72, 614) 646
(82, 612) 647
(90, 610) 648
(96, 609) 649
(101, 607) 650
(101, 605) 651
(100, 603) 652
(96, 601) 653
(92, 599) 654
(84, 597) 655
(79, 594) 656
(75, 592) 657
(71, 590) 658
(65, 587) 659
(776, 485) 545
(783, 485) 546
(788, 485) 547
(791, 485) 548
(794, 485) 549
(801, 486) 550
(810, 486) 551
(817, 486) 552
(824, 487) 553
(832, 487) 554
(841, 487) 555
(850, 488) 556
(858, 488) 557
(865, 488) 558
(870, 489) 559
(875, 489) 560
(879, 489) 561
(887, 489) 562
(889, 489) 563
(896, 489) 564
(902, 490) 565
(904, 490) 566
(906, 490) 567
(907, 490) 568
(909, 491) 569
(910, 491) 570
(909, 492) 571
(907, 492) 572
(905, 493) 573
(904, 494) 574
(903, 494) 575
(904, 494) 576
(901, 494) 577
(899, 494) 578
(896, 493) 579
(897, 493) 580
(898, 494) 581
(899, 494) 582
(901, 494) 583
(906, 495) 584
(911, 496) 585
(914, 498) 586
(918, 499) 587
(921, 501) 588
(924, 503) 589
(926, 504) 590
(928, 506) 591
(930, 507) 592
(932, 509) 593
(934, 510) 594
(935, 512) 595
(937, 513) 596
(938, 514) 597
(939, 516) 598
(940, 517) 599
(941, 518) 600
(941, 520) 601
(941, 521) 602
(937, 521) 603
(933, 521) 604
(929, 521) 605
(924, 521) 606
(920, 520) 607
(914, 520) 608
(908, 520) 609
(903, 519) 610
(898, 519) 611
(896, 519) 612
(894, 518) 613
(893, 518) 614
(892, 518) 615
(889, 517) 616
(886, 517) 617
(883, 517) 618
(882, 517) 619
(879, 516) 620
(876, 515) 621
(875, 514) 622
(874, 514) 623
(872, 513) 624
(873, 513) 625
(873, 512) 626
(867, 512) 627
(867, 512) 628
(867, 512) 629
(868, 512) 630
(868, 512) 631
(868, 512) 632
(868, 512) 633
(867, 512) 634
(866, 511) 635
(862, 511) 636
(858, 510) 637
(856, 510) 638
(853, 509) 639
(851, 509) 640
(849, 508) 641
(847, 508) 642
(845, 507) 643
(846, 507) 644
(848, 507) 645
(852, 508) 646
(858, 508) 647
(866, 508) 648
(875, 509) 649
(881, 509) 650
(888, 510) 651
(897, 510) 652
(900, 511) 653
(903, 511) 654
(906, 512) 655
(909, 512) 656
(911, 513) 657
(911, 512) 658
(905, 511) 659
(900, 510) 660
(889, 510) 661
(880, 509) 662
(873, 509) 663
(871, 508) 664
(869, 508) 665
(869, 507) 666
(868, 506) 667
(867, 505) 668
(863, 504) 669
(859, 503) 670
(855, 502) 671
(852, 501) 672
(855, 501) 673
(856, 501) 674
(859, 500) 675
(862, 499) 676
(868, 499) 677
(873, 499) 678
(879, 499) 679
(885, 499) 680
(891, 499) 681
(897, 499) 682
(900, 499) 683
(902, 499) 684
(905, 499) 685
(905, 499) 686
(909, 500) 687
(913, 501) 688
(916, 502) 689
(919, 503) 690
(922, 503) 691
(924, 504) 692
(924, 504) 693
(925, 504) 694
(927, 504) 695
(934, 504) 696
(942, 503) 697
(949, 502) 698
(956, 501) 699
(964, 501) 700
(971, 502) 701
(977, 502) 702
(982, 502) 703
(987, 503) 704
(992, 503) 705
(996, 503) 706
(1000, 504) 707
(1003, 504) 708
(1006, 504) 709
(1006, 505) 710
(1004, 504) 711
(1000, 504) 712
(1000, 504) 713
(1003, 504) 714
(1004, 504) 715
(1005, 504) 716
(1005, 504) 717
(1004, 504) 718
(1004, 504) 719
(1003, 504) 720
(1003, 505) 721
(1006, 505) 722
(1015, 505) 723
(1023, 505) 724
(1030, 505) 725
(474, 578) 573
(474, 578) 574
(479, 578) 575
(477, 578) 576
(475, 579) 577
(472, 579) 578
(469, 579) 579
(466, 580) 580
(467, 579) 581
(468, 578) 582
(477, 577) 583
(485, 575) 584
(491, 574) 585
(498, 573) 586
(504, 571) 587
(501, 571) 588
(495, 571) 589
(490, 571) 590
(484, 571) 591
(478, 572) 592
(473, 573) 593
(468, 573) 594
(463, 573) 595
(458, 573) 596
(454, 573) 597
(449, 573) 598
(448, 574) 599
(445, 574) 600
(441, 575) 601
(436, 575) 602
(434, 576) 603
(426, 577) 604
(419, 578) 605
(420, 579) 606
(420, 579) 607
(421, 579) 608
(423, 579) 609
(424, 578) 610
(426, 578) 611
(433, 577) 612
(434, 577) 613
(434, 577) 614
(435, 576) 615
(435, 576) 616
(436, 576) 617
(437, 576) 618
(437, 575) 619
(437, 575) 620
(442, 574) 621
(449, 573) 622
(456, 572) 623
(462, 570) 624
(468, 569) 625
(472, 567) 626
(477, 566) 627
(485, 564) 628
(491, 562) 629
(495, 561) 630
(497, 560) 631
(499, 559) 632
(501, 559) 633
(503, 558) 634
(503, 557) 635
(501, 556) 636
(500, 554) 637
(499, 553) 638
(499, 551) 639
(500, 550) 640
(504, 550) 641
(507, 549) 642
(509, 549) 643
(510, 548) 644
(512, 548) 645
(514, 548) 646
(515, 547) 647
(516, 547) 648
(517, 547) 649
(517, 546) 650
(516, 546) 651
(518, 546) 652
(520, 546) 653
(522, 545) 654
(524, 545) 655
(525, 545) 656
(526, 544) 657
(526, 544) 658
(521, 544) 659
(511, 544) 660
(1857, 498) 640
(1857, 497) 641
(1857, 497) 642
(1856, 497) 643
(1856, 497) 644
(1855, 497) 645
(1855, 496) 646
(1854, 496) 647
(1854, 496) 648
(1853, 496) 649
(1853, 495) 650
(1853, 495) 651
(1853, 495) 652
(1852, 495) 653
(1852, 495) 654
(1852, 494) 655
(1852, 494) 656
(1852, 494) 657
(1852, 494) 658
(1852, 494) 659
(1859, 493) 660
(1867, 492) 661
(1873, 492) 662
(1879, 491) 663
(1884, 490) 664
(1889, 490) 665
(1899, 490) 666
(1907, 491) 667
(1913, 491) 668
(1920, 491) 669
(1925, 491) 670
(1925, 491) 671
(13, 491) 672
(16, 491) 673
(18, 491) 674
(20, 491) 675
(18, 491) 676
(16, 491) 677
(14, 491) 678
(13, 491) 679
(11, 491) 680
(10, 491) 681
(9, 491) 682
(9, 491) 683
(8, 491) 684
(7, 490) 685
(7, 490) 686
(7, 490) 687
(1926, 490) 688
(1926, 490) 689
(1926, 490) 690
(1925, 490) 691
(1925, 490) 692
(1925, 490) 693
(1924, 490) 694
(1924, 490) 695
(1924, 489) 696
(1924, 489) 697
(1924, 489) 698
(10, 490) 699
(16, 491) 700
(21, 492) 701
(27, 492) 702
(33, 493) 703
(38, 493) 704
(42, 493) 705
(45, 493) 706
(48, 493) 707
(50, 493) 708
(52, 493) 709
(54, 493) 710
(55, 493) 711
(56, 493) 712
(56, 493) 713
(54, 493) 714
(50, 493) 715
(46, 493) 716
(42, 492) 717
(40, 492) 718
(37, 492) 719
(35, 491) 720
(34, 491) 721
(32, 490) 722
(31, 490) 723
(28, 489) 724
(25, 487) 725
(23, 486) 726
(21, 486) 727
(22, 486) 728
(23, 486) 729
(23, 487) 730
(24, 487) 731
(24, 487) 732
(24, 487) 733
(22, 488) 734
(20, 488) 735
(19, 488) 736
(19, 489) 737
(19, 490) 738
(17, 491) 739
(13, 492) 740
(13, 492) 741
(1926, 493) 742
(1916, 494) 743
(1904, 494) 744
(1890, 495) 745
(1826, 663) 644
(1825, 662) 645
(1824, 662) 646
(1823, 662) 647
(1821, 662) 648
(1820, 662) 649
(1818, 662) 650
(1817, 662) 651
(1816, 662) 652
(1815, 662) 653
(1815, 662) 654
(1814, 662) 655
(1814, 662) 656
(1821, 661) 657
(1828, 661) 658
(1834, 661) 659
(1839, 661) 660
(1844, 660) 661
(1849, 660) 662
(1853, 660) 663
(1857, 660) 664
(1860, 660) 665
(1863, 659) 666
(1865, 659) 667
(1868, 659) 668
(1870, 659) 669
(1872, 659) 670
(1873, 658) 671
(1875, 658) 672
(1876, 658) 673
(1878, 658) 674
(1877, 656) 675
(1877, 655) 676
(1877, 653) 677
(1877, 651) 678
(1877, 650) 679
(1877, 648) 680
(1877, 647) 681
(1876, 645) 682
(1876, 644) 683
(1876, 643) 684
(1876, 641) 685
(1876, 640) 686
(1876, 639) 687
(1876, 637) 688
(1876, 636) 689
(1876, 635) 690
(1876, 634) 691
(1876, 632) 692
(1874, 633) 693
(1873, 633) 694
(1871, 633) 695
(1871, 634) 696
(1870, 634) 697
(1869, 634) 698
(1868, 635) 699
(1868, 635) 700
(1867, 635) 701
(1867, 635) 702
(1866, 636) 703
(1866, 636) 704
(1865, 636) 705
(1865, 636) 706
(1865, 637) 707
(1864, 637) 708
(1864, 637) 709
(1864, 637) 710
(1864, 638) 711
(1864, 638) 712
(1864, 638) 713
(1865, 639) 714
(1867, 640) 715
(1869, 640) 716
(1870, 641) 717
(1872, 643) 718
(1873, 644) 719
(1875, 645) 720
(1876, 646) 721
(1876, 647) 722
(1869, 649) 723
(1864, 651) 724
(1858, 653) 725
(1856, 655) 726
(1855, 656) 727
(1854, 658) 728
(1854, 659) 729
(1854, 660) 730
(1854, 661) 731
(1854, 662) 732
(1854, 663) 733
(1854, 664) 734
(1854, 665) 735
(1854, 666) 736
(1854, 667) 737
(1852, 668) 738
(1850, 668) 739
(1848, 669) 740
(1846, 669) 741
(1845, 669) 742
(1843, 670) 743
(1842, 670) 744
(1841, 671) 745
(1840, 671) 746
(1832, 671) 747
(1824, 672) 748
(1817, 672) 749
(1809, 672) 750
(1801, 673) 751
(1795, 673) 752
(1789, 673) 753
(1778, 673) 754
(1767, 674) 755
(1758, 674) 756
(1749, 675) 757
(1741, 675) 758
(1733, 675) 759
(1725, 676) 760
(1719, 676) 761
(1712, 676) 762
(1706, 676) 763
(1701, 677) 764
(1696, 677) 765
(1692, 677) 766
(1688, 677) 767
(1685, 678) 768
(1682, 678) 769
(1679, 678) 770
(1676, 678) 771
(1674, 678) 772
(1672, 679) 773
(1670, 679) 774
(1668, 679) 775
(1667, 679) 776
(1667, 679) 777
(1670, 679) 778
(1670, 678) 779
(1670, 677) 780
(1670, 676) 781
(1670, 675) 782
(1669, 674) 783
(1669, 673) 784
(1669, 673) 785
(1669, 672) 786
(1671, 672) 787
(1673, 671) 788
(1674, 671) 789
(1674, 671) 790
(1675, 671) 791
(1683, 671) 792
(1690, 671) 793
(1697, 671) 794
(1707, 672) 795
(1715, 672) 796
(1723, 673) 797
(1730, 674) 798
(1737, 674) 799
(1743, 675) 800
(1748, 676) 801
(1755, 676) 802
(1761, 676) 803
(1767, 676) 804
(1772, 676) 805
(1777, 676) 806
(1781, 676) 807
(1791, 676) 808
(1801, 675) 809
(1810, 674) 810
(1818, 674) 811
(1825, 673) 812
(1829, 674) 813
(183, 551) 652
(183, 551) 653
(183, 551) 654
(175, 551) 655
(168, 550) 656
(159, 551) 657
(157, 552) 658
(153, 555) 659
(145, 558) 660
(134, 560) 661
(131, 562) 662
(128, 565) 663
(117, 567) 664
(107, 569) 665
(97, 571) 666
(89, 574) 667
(81, 576) 668
(74, 579) 669
(67, 581) 670
(61, 583) 671
(49, 585) 672
(38, 586) 673
(29, 588) 674
(20, 590) 675
(19, 591) 676
(1934, 593) 677
(1928, 595) 678
(1923, 596) 679
(1918, 598) 680
(1911, 600) 681
(1911, 603) 682
(1912, 605) 683
(1918, 606) 684
(1923, 608) 685
(1923, 610) 686
(11, 611) 687
(15, 613) 688
(18, 615) 689
(21, 616) 690
(24, 618) 691
(27, 619) 692
(29, 621) 693
(31, 622) 694
(33, 623) 695
(34, 625) 696
(36, 626) 697
(37, 627) 698
(38, 629) 699
(37, 631) 700
(36, 633) 701
(35, 636) 702
(35, 638) 703
(41, 640) 704
(46, 642) 705
(50, 643) 706
(53, 645) 707
(55, 647) 708
(63, 648) 709
(70, 650) 710
(76, 651) 711
(82, 652) 712
(87, 654) 713
(92, 655) 714
(96, 656) 715
(100, 658) 716
(103, 659) 717
(106, 660) 718
(109, 661) 719
(109, 662) 720
(104, 664) 721
(107, 666) 722
(110, 668) 723
(110, 670) 724
(111, 671) 725
(113, 673) 726
(117, 675) 727
(120, 677) 728
(122, 679) 729
(124, 681) 730
(126, 683) 731
(126, 684) 732
(123, 685) 733
(119, 686) 734
(115, 686) 735
(112, 687) 736
(109, 688) 737
(106, 688) 738
(96, 689) 739
(88, 689) 740
(79, 688) 741
(70, 688) 742
(65, 688) 743
(60, 688) 744
(56, 689) 745
(55, 689) 746
(56, 689) 747
(56, 690) 748
(54, 690) 749
(55, 691) 750
(56, 692) 751
(52, 692) 752
(48, 692) 753
(49, 693) 754
(49, 693) 755
(44, 694) 756
(46, 694) 757
(48, 694) 758
(51, 695) 759
(53, 695) 760
(56, 695) 761
(56, 695) 762
(54, 695) 763
(50, 695) 764
(48, 696) 765
(42, 696) 766
(36, 696) 767
(33, 696) 768
(31, 695) 769
(29, 695) 770
(27, 695) 771
(26, 695) 772
(25, 695) 773
(23, 695) 774
(22, 694) 775
(21, 694) 776
(21, 694) 777
(20, 694) 778
(19, 694) 779
(27, 694) 780
(954, 693) 658
(954, 693) 659
(954, 693) 660
(954, 693) 661
(954, 693) 662
(954, 693) 663
(954, 693) 664
(954, 693) 665
(954, 693) 666
(954, 693) 667
(954, 693) 668
(954, 693) 669
(954, 693) 670
(959, 694) 671
(964, 696) 672
(968, 697) 673
(972, 698) 674
(975, 699) 675
(978, 700) 676
(985, 702) 677
(990, 703) 678
(1001, 705) 679
(1012, 707) 680
(1017, 709) 681
(1022, 711) 682
(1031, 712) 683
(1037, 715) 684
(1041, 716) 685
(1045, 718) 686
(1049, 720) 687
(1053, 722) 688
(1056, 724) 689
(1059, 725) 690
(1062, 727) 691
(1071, 729) 692
(1079, 731) 693
(1086, 733) 694
(1094, 735) 695
(1100, 737) 696
(1106, 738) 697
(1111, 740) 698
(1115, 742) 699
(1119, 743) 700
(1122, 745) 701
(1125, 746) 702
(1128, 748) 703
(1130, 749) 704
(1132, 751) 705
(1134, 752) 706
(1136, 753) 707
(1135, 755) 708
(1134, 756) 709
(1134, 758) 710
(1133, 759) 711
(1132, 761) 712
(1131, 762) 713
(1131, 764) 714
(1130, 765) 715
(1130, 766) 716
(1130, 768) 717
(1129, 769) 718
(1129, 770) 719
(1129, 771) 720
(1128, 773) 721
(1128, 774) 722
(1121, 774) 723
(1109, 774) 724
(1054, 505) 669
(1054, 505) 670
(1054, 505) 671
(1054, 505) 672
(1054, 505) 673
(1054, 505) 674
(1054, 505) 675
(1054, 505) 676
(1054, 505) 677
(1054, 505) 678
(1054, 505) 679
(1054, 505) 680
(1054, 505) 681
(1054, 505) 682
(1054, 505) 683
(1054, 505) 684
(1054, 505) 685
(1054, 505) 686
(1054, 505) 687
(1054, 505) 688
(1050, 504) 689
(1048, 504) 690
(1045, 504) 691
(1043, 504) 692
(1041, 503) 693
(1039, 503) 694
(1037, 503) 695
(1036, 503) 696
(1034, 502) 697
(1033, 502) 698
(1032, 502) 699
(1031, 502) 700
(1030, 502) 701
(1029, 501) 702
(1029, 501) 703
(1020, 501) 704
(1012, 501) 705
(1005, 501) 706
(996, 501) 707
(989, 501) 708
(984, 501) 709
(979, 501) 710
(975, 501) 711
(971, 500) 712
(967, 500) 713
(964, 500) 714
(961, 500) 715
(959, 500) 716
(957, 500) 717
(955, 499) 718
(950, 500) 719
(944, 500) 720
(939, 501) 721
(935, 501) 722
(929, 502) 723
(926, 502) 724
(923, 502) 725
(920, 502) 726
(918, 503) 727
(918, 503) 728
(919, 503) 729
(925, 503) 730
(925, 503) 731
(924, 503) 732
(927, 502) 733
(932, 502) 734
(937, 502) 735
(944, 502) 736
(950, 502) 737
(954, 502) 738
(958, 503) 739
(960, 504) 740
(961, 505) 741
(961, 506) 742
(961, 507) 743
(961, 507) 744
(960, 508) 745
(960, 508) 746
(961, 509) 747
(960, 510) 748
(960, 511) 749
(958, 512) 750
(956, 513) 751
(954, 515) 752
(952, 516) 753
(949, 517) 754
(947, 517) 755
(943, 517) 756
(941, 517) 757
(938, 517) 758
(938, 518) 759
(940, 518) 760
(941, 518) 761
(941, 518) 762
(940, 518) 763
(940, 518) 764
(939, 518) 765
(939, 518) 766
(939, 518) 767
(937, 519) 768
(935, 519) 769
(926, 518) 770
(916, 518) 771
(908, 518) 772
(900, 518) 773
(891, 517) 774
(884, 517) 775
(882, 517) 776
(882, 517) 777
(882, 517) 778
(881, 517) 779
(881, 516) 780
(884, 516) 781
(884, 516) 782
(876, 516) 783
(867, 515) 784
(859, 514) 785
(853, 514) 786
(849, 515) 787
(850, 515) 788
(850, 516) 789
(846, 516) 790
(843, 515) 791
(840, 515) 792
(840, 515) 793
(840, 515) 794
(843, 514) 795
(843, 514) 796
(843, 514) 797
(844, 514) 798
(848, 514) 799
(852, 513) 800
(854, 513) 801
(857, 512) 802
(860, 512) 803
(860, 511) 804
(859, 511) 805
(852, 511) 806
(846, 510) 807
(846, 510) 808
(850, 509) 809
(854, 509) 810
(859, 508) 811
(859, 508) 812
(858, 508) 813
(857, 507) 814
(855, 507) 815
(850, 505) 816
(846, 504) 817
(841, 503) 818
(841, 503) 819
(840, 502) 820
(835, 501) 821
(830, 500) 822
(829, 499) 823
(827, 499) 824
(827, 498) 825
(826, 498) 826
(824, 497) 827
(822, 496) 828
(820, 496) 829
(819, 496) 830
(817, 496) 831
(816, 495) 832
(814, 495) 833
(812, 495) 834
(807, 495) 835
(801, 495) 836
(801, 494) 837
(806, 494) 838
(805, 493) 839
(802, 493) 840
(795, 492) 841
(549, 780) 677
(549, 780) 678
(549, 780) 679
(549, 780) 680
(551, 781) 681
(553, 782) 682
(562, 782) 683
(570, 783) 684
(577, 784) 685
(584, 785) 686
(590, 786) 687
(595, 787) 688
(600, 787) 689
(604, 788) 690
(608, 789) 691
(611, 790) 692
(615, 790) 693
(618, 790) 694
(621, 791) 695
(624, 791) 696
(626, 792) 697
(629, 792) 698
(631, 792) 699
(632, 793) 700
(634, 793) 701
(635, 793) 702
(637, 794) 703
(637, 792) 704
(638, 792) 705
(638, 793) 706
(637, 793) 707
(637, 793) 708
(636, 793) 709
(636, 793) 710
(635, 794) 711
(635, 794) 712
(635, 794) 713
(634, 794) 714
(634, 795) 715
(634, 795) 716
(634, 795) 717
(634, 795) 718
(633, 795) 719
(634, 796) 720
(634, 796) 721
(634, 796) 722
(638, 796) 723
(643, 797) 724
(646, 797) 725
(650, 797) 726
(653, 797) 727
(656, 797) 728
(658, 798) 729
(660, 798) 730
(662, 798) 731
(664, 798) 732
(666, 798) 733
(667, 799) 734
(669, 799) 735
(670, 799) 736
(671, 799) 737
(672, 799) 738
(673, 799) 739
(677, 800) 740
(681, 800) 741
(685, 800) 742
(688, 800) 743
(692, 800) 744
(695, 800) 745
(698, 800) 746
(701, 801) 747
(711, 802) 748
(720, 803) 749
(722, 804) 750
(727, 804) 751
(729, 804) 752
(733, 805) 753
(733, 805) 754
(672, 473) 749
(673, 473) 750
(673, 473) 751
(672, 473) 752
(663, 473) 753
(654, 474) 754
(647, 474) 755
(641, 475) 756
(635, 476) 757
(629, 476) 758
(624, 477) 759
(619, 477) 760
(616, 478) 761
(615, 478) 762
(615, 478) 763
(616, 478) 764
(616, 477) 765
(616, 477) 766
(615, 477) 767
(614, 477) 768
(612, 476) 769
(611, 476) 770
(609, 476) 771
(608, 476) 772
(607, 476) 773
(606, 475) 774
(605, 475) 775
(598, 475) 776
(585, 475) 777
(572, 475) 778
(556, 476) 779
(543, 476) 780
(532, 477) 781
(521, 477) 782
(512, 478) 783
(503, 478) 784
(502, 479) 785
(501, 479) 786
(500, 479) 787
(501, 480) 788
(501, 480) 789
(502, 481) 790
(503, 481) 791
(503, 482) 792
(504, 482) 793
(505, 482) 794
(506, 483) 795
(507, 483) 796
(508, 484) 797
(509, 484) 798
(510, 485) 799
(511, 485) 800
(511, 486) 801
(512, 486) 802
(513, 486) 803
(513, 487) 804
(514, 487) 805
(514, 487) 806
(514, 488) 807
(515, 488) 808
(515, 489) 809
(515, 489) 810
(520, 489) 811
(524, 489) 812
(527, 490) 813
(531, 490) 814
(534, 490) 815
(536, 490) 816
(539, 491) 817
(538, 491) 818
(537, 491) 819
(532, 491) 820
(528, 491) 821
(524, 491) 822
(515, 491) 823
(500, 490) 824
(487, 490) 825
(475, 490) 826
(464, 490) 827
(455, 489) 828
(446, 489) 829
(438, 489) 830
(431, 488) 831
(425, 488) 832
(419, 488) 833
(421, 487) 834
(422, 487) 835
(424, 486) 836
(425, 486) 837
(426, 485) 838
(427, 484) 839
(428, 484) 840
(429, 483) 841
(430, 483) 842
(430, 482) 843
(431, 482) 844
(432, 481) 845
(432, 481) 846
(433, 480) 847
(433, 480) 848
(433, 479) 849
(434, 479) 850
(434, 479) 851
(434, 478) 852
(442, 478) 853
(450, 480) 854
(455, 481) 855
(458, 482) 856
(462, 483) 857
(464, 484) 858
(467, 486) 859
(469, 487) 860
(473, 488) 861
(479, 489) 862
(484, 489) 863
(494, 489) 864
(498, 488) 865
(502, 488) 866
(506, 487) 867
(1830, 632) 836
(1822, 632) 837
(1815, 632) 838
(1809, 633) 839
(1803, 633) 840
(1797, 634) 841
(1792, 634) 842
(1786, 635) 843
(1782, 636) 844
(1777, 636) 845
(1773, 637) 846
(1770, 638) 847
(1767, 638) 848
(1762, 639) 849
(1758, 640) 850
(1751, 641) 851
(1744, 642) 852
(1737, 643) 853
(1730, 644) 854
(1725, 644) 855
(1715, 645) 856
(1708, 646) 857
(1702, 647) 858
(1692, 648) 859
(1687, 649) 860
(1682, 650) 861
(1677, 652) 862
(1672, 653) 863
(1666, 654) 864
(1661, 656) 865
(1650, 658) 866
(1640, 660) 867
(1632, 662) 868
(1629, 663) 869
(1626, 664) 870
(1624, 665) 871
(1621, 666) 872
(1619, 666) 873
(1617, 667) 874
(1615, 668) 875
(1614, 669) 876
(1611, 668) 877
(1612, 667) 878
(1612, 667) 879
(1612, 668) 880
(1607, 668) 881
(1600, 669) 882
(1596, 670) 883
(1593, 671) 884
(1591, 672) 885
(1588, 673) 886
(1586, 674) 887
(1584, 674) 888
(1582, 675) 889
(1581, 676) 890
(1579, 677) 891
(1578, 677) 892
(1577, 678) 893
(1577, 679) 894
(1577, 681) 895
(1578, 682) 896
(1581, 684) 897
(42, 749) 855
(42, 749) 856
(43, 749) 857
(43, 749) 858
(44, 749) 859
(41, 749) 860
(38, 749) 861
(35, 749) 862
(32, 750) 863
(29, 750) 864
(32, 750) 865
(35, 750) 866
(37, 750) 867
(40, 750) 868
(42, 750) 869
(44, 750) 870
(46, 750) 871
(48, 750) 872
(49, 750) 873
(51, 750) 874
(52, 750) 875
(53, 750) 876
(54, 750) 877
(56, 750) 878
(57, 749) 879
(58, 749) 880
(58, 749) 881
(59, 749) 882
(60, 749) 883
(60, 749) 884
(61, 749) 885
(61, 748) 886
(62, 748) 887
(62, 748) 888
(62, 748) 889
(63, 748) 890
(63, 747) 891
(63, 747) 892
(59, 747) 893
(52, 745) 894
(46, 745) 895
(39, 744) 896
(34, 743) 897
(28, 742) 898
(24, 741) 899
(20, 740) 900
(16, 739) 901
(16, 738) 902
(1936, 737) 903
(1933, 736) 904
(1930, 735) 905
(1927, 734) 906
(1924, 734) 907
(1922, 733) 908
(1915, 732) 909
(1909, 731) 910
(1904, 730) 911
(1893, 730) 912
(1883, 729) 913
(1876, 729) 914
(402, 603) 872
(401, 603) 873
(402, 603) 874
(403, 603) 875
(406, 603) 876
(409, 603) 877
(411, 604) 878
(411, 604) 879
(408, 604) 880
(403, 605) 881
(398, 605) 882
(393, 606) 883
(383, 605) 884
(369, 604) 885
(356, 602) 886
(343, 600) 887
(331, 599) 888
(322, 598) 889
(314, 596) 890
(299, 595) 891
(285, 593) 892
(272, 591) 893
(253, 590) 894
(241, 588) 895
(230, 586) 896
(219, 585) 897
(210, 583) 898
(201, 581) 899
(193, 580) 900
(185, 578) 901
(178, 576) 902
(169, 576) 903
(160, 575) 904
(156, 574) 905
(152, 574) 906
(149, 573) 907
(147, 572) 908
(145, 572) 909
(143, 571) 910
(142, 571) 911
(140, 570) 912
(137, 571) 913
(134, 571) 914
(133, 572) 915
(133, 572) 916
(134, 572) 917
(134, 572) 918
(133, 571) 919
(133, 571) 920
(132, 571) 921
(132, 571) 922
(132, 571) 923
(132, 571) 924
(132, 570) 925
(132, 569) 926
(132, 568) 927
(130, 567) 928
(127, 565) 929
(125, 564) 930
(122, 562) 931
(121, 561) 932
(120, 560) 933
(119, 559) 934
(118, 557) 935
(115, 556) 936
(108, 554) 937
(107, 552) 938
(105, 551) 939
(104, 550) 940
(103, 549) 941
(103, 548) 942
(102, 546) 943
(96, 546) 944
(88, 545) 945
(82, 544) 946
(81, 543) 947
(79, 542) 948
(72, 541) 949
(66, 540) 950
(61, 539) 951
(56, 538) 952
(52, 537) 953
(53, 536) 954
(57, 535) 955
(60, 534) 956
(63, 533) 957
(63, 532) 958
(62, 532) 959
(62, 531) 960
(58, 530) 961
(54, 529) 962
(53, 528) 963
(53, 526) 964
(50, 525) 965
(47, 524) 966
(44, 524) 967
(40, 523) 968
(37, 522) 969
(33, 521) 970
(31, 520) 971
(29, 519) 972
(28, 517) 973
(27, 516) 974
(27, 515) 975
(28, 513) 976
(28, 512) 977
(32, 512) 978
(43, 512) 979
(52, 512) 980
(56, 513) 981
(60, 513) 982
(63, 513) 983
(67, 513) 984
(69, 514) 985
(69, 516) 986
(75, 518) 987
(74, 520) 988
(74, 523) 989
(74, 525) 990
(931, 776) 952
(931, 776) 953
(931, 776) 954
(931, 776) 955
(931, 776) 956
(931, 776) 957
(931, 776) 958
(931, 776) 959
(931, 776) 960
(937, 775) 961
(943, 775) 962
(948, 774) 963
(953, 774) 964
(957, 773) 965
(961, 773) 966
(965, 772) 967
(968, 772) 968
(971, 771) 969
(973, 771) 970
(978, 769) 971
(982, 767) 972
(984, 766) 973
(986, 764) 974
(988, 762) 975
(989, 761) 976
(991, 759) 977
(992, 758) 978
(993, 756) 979
(994, 755) 980
(995, 754) 981
(996, 752) 982
(996, 751) 983
(997, 750) 984
(997, 748) 985
(998, 747) 986
(998, 746) 987
(999, 745) 988
(1001, 742) 989
(1006, 739) 990
(1010, 735) 991
(1013, 732) 992
(1015, 728) 993
(1019, 724) 994
(1021, 719) 995
(1023, 715) 996
(1023, 711) 997
(1024, 706) 998
(1023, 702) 999
(1021, 698) 1000
(1020, 693) 1001
(1019, 689) 1002
(1018, 685) 1003
(1017, 681) 1004
(1016, 677) 1005
(1015, 673) 1006
(1014, 669) 1007
(1013, 665) 1008
(1013, 662) 1009
(1013, 658) 1010
(1014, 655) 1011
(1015, 652) 1012
(1016, 649) 1013
(1017, 647) 1014
(1017, 644) 1015
(1018, 641) 1016
(1019, 639) 1017
(1020, 636) 1018
(1020, 634) 1019
(1021, 631) 1020
(1018, 629) 1021
(1199, 597) 953
(1199, 597) 954
(1199, 596) 955
(1198, 596) 956
(1197, 596) 957
(1196, 596) 958
(1196, 596) 959
(1195, 596) 960
(1195, 596) 961
(1194, 596) 962
(1194, 596) 963
(1193, 596) 964
(1193, 596) 965
(1193, 595) 966
(1192, 595) 967
(1192, 595) 968
(1192, 595) 969
(1192, 595) 970
(1199, 596) 971
(1205, 597) 972
(1211, 597) 973
(1216, 598) 974
(1221, 598) 975
(1225, 599) 976
(1229, 600) 977
(1235, 600) 978
(1241, 600) 979
(1250, 599) 980
(1254, 599) 981
(1260, 598) 982
(1264, 598) 983
(1263, 597) 984
(1261, 596) 985
(1257, 595) 986
(1251, 593) 987
(1245, 591) 988
(1241, 589) 989
(1237, 588) 990
(1234, 586) 991
(1229, 584) 992
(1224, 583) 993
(1220, 581) 994
(1217, 579) 995
(1213, 578) 996
(1210, 576) 997
(1208, 575) 998
(1205, 573) 999
(1203, 572) 1000
(1201, 571) 1001
(1200, 569) 1002
(1198, 568) 1003
(1197, 567) 1004
(1195, 565) 1005
(1194, 564) 1006
(1193, 563) 1007
(1192, 562) 1008
(1192, 561) 1009
(1198, 559) 1010
(1201, 558) 1011
(1206, 556) 1012
(1211, 555) 1013
(1214, 553) 1014
(1218, 552) 1015
(1220, 551) 1016
(110, 487) 953
(117, 486) 954
(123, 485) 955
(129, 485) 956
(134, 484) 957
(139, 484) 958
(147, 484) 959
(154, 483) 960
(161, 483) 961
(167, 483) 962
(172, 483) 963
(176, 482) 964
(178, 482) 965
(179, 482) 966
(179, 482) 967
(180, 481) 968
(181, 481) 969
(182, 481) 970
(182, 481) 971
(183, 482) 972
(184, 483) 973
(184, 484) 974
(184, 485) 975
(184, 486) 976
(185, 487) 977
(185, 488) 978
(185, 489) 979
(185, 490) 980
(190, 492) 981
(194, 494) 982
(199, 496) 983
(203, 498) 984
(206, 500) 985
(210, 502) 986
(213, 504) 987
(215, 506) 988
(219, 507) 989
(223, 508) 990
(226, 509) 991
(235, 510) 992
(243, 512) 993
(249, 514) 994
(257, 515) 995
(258, 516) 996
(258, 517) 997
(259, 518) 998
(260, 519) 999
(260, 520) 1000
(263, 521) 1001
(265, 522) 1002
(266, 523) 1003
(268, 524) 1004
(270, 525) 1005
(271, 526) 1006
(274, 527) 1007
(278, 528) 1008
(282, 529) 1009
(281, 530) 1010
(282, 530) 1011
(283, 530) 1012
(285, 531) 1013
(293, 531) 1014
(300, 532) 1015
(307, 532) 1016
(315, 533) 1017
(321, 533) 1018
(328, 533) 1019
(333, 534) 1020
(338, 534) 1021
(343, 535) 1022
(355, 534) 1023
(360, 535) 1024
(364, 535) 1025
(367, 535) 1026
(369, 535) 1027
(369, 535) 1028
(366, 536) 1029
(360, 536) 1030
(358, 536) 1031
(355, 536) 1032
(352, 536) 1033
(342, 536) 1034
(333, 536) 1035
(325, 536) 1036
(318, 536) 1037
(303, 535) 1038
(290, 535) 1039
(274, 534) 1040
(258, 533) 1041
(244, 532) 1042
(229, 531) 1043
(215, 530) 1044
(201, 529) 1045
(188, 527) 1046
(180, 526) 1047
(172, 525) 1048
(164, 524) 1049
(159, 524) 1050
(150, 524) 1051
(141, 524) 1052
(134, 525) 1053
(126, 525) 1054
(120, 525) 1055
(111, 524) 1056
(104, 524) 1057
(98, 524) 1058
(92, 523) 1059
(86, 523) 1060
(78, 523) 1061
(70, 523) 1062
(860, 603) 982
(859, 603) 983
(859, 603) 984
(860, 604) 985
(862, 604) 986
(862, 604) 987
(859, 604) 988
(850, 604) 989
(842, 604) 990
(843, 604) 991
(844, 604) 992
(841, 604) 993
(835, 603) 994
(830, 603) 995
(829, 604) 996
(829, 605) 997
(829, 605) 998
(824, 605) 999
(824, 606) 1000
(826, 605) 1001
(831, 604) 1002
(834, 604) 1003
(833, 603) 1004
(831, 603) 1005
(829, 602) 1006
(828, 601) 1007
(827, 600) 1008
(826, 600) 1009
(823, 599) 1010
(819, 598) 1011
(817, 598) 1012
(818, 598) 1013
(816, 597) 1014
(814, 596) 1015
(814, 595) 1016
(820, 593) 1017
(819, 593) 1018
(816, 592) 1019
(812, 592) 1020
(808, 592) 1021
(808, 592) 1022
(808, 592) 1023
(809, 592) 1024
(809, 592) 1025
(809, 592) 1026
(810, 592) 1027
(812, 591) 1028
(813, 591) 1029
(813, 591) 1030
(812, 590) 1031
(810, 591) 1032
(807, 590) 1033
(804, 589) 1034
(801, 589) 1035
(799, 588) 1036
(797, 587) 1037
(795, 586) 1038
(794, 586) 1039
(794, 586) 1040
(794, 585) 1041
(802, 584) 1042
(803, 582) 1043
(804, 581) 1044
(806, 581) 1045
(808, 581) 1046
(810, 580) 1047
(812, 580) 1048
(811, 580) 1049
(811, 580) 1050
(811, 580) 1051
(811, 579) 1052
(810, 579) 1053
(807, 579) 1054
(803, 579) 1055
(801, 578) 1056
(798, 577) 1057
(798, 577) 1058
(797, 576) 1059
(795, 575) 1060
(791, 575) 1061
(790, 574) 1062
(789, 574) 1063
(789, 574) 1064
(789, 573) 1065
(788, 573) 1066
(787, 572) 1067
(787, 572) 1068
(791, 572) 1069
(796, 572) 1070
(800, 571) 1071
(804, 572) 1072
(809, 572) 1073
(809, 571) 1074
(813, 570) 1075
(816, 570) 1076
(819, 570) 1077
(823, 570) 1078
(825, 570) 1079
(830, 570) 1080
(825, 570) 1081
(823, 569) 1082
(823, 569) 1083
(823, 568) 1084
(828, 569) 1085
(834, 569) 1086
(839, 570) 1087
(844, 570) 1088
(843, 569) 1089
(842, 569) 1090
(844, 568) 1091
(845, 567) 1092
(850, 566) 1093
(854, 565) 1094
(858, 564) 1095
(861, 563) 1096
(861, 563) 1097
(859, 563) 1098
(858, 562) 1099
(856, 561) 1100
(855, 561) 1101
(854, 560) 1102
(854, 560) 1103
(851, 560) 1104
(849, 560) 1105
(845, 560) 1106
(843, 559) 1107
(842, 559) 1108
(837, 559) 1109
(832, 559) 1110
(828, 560) 1111
(824, 560) 1112
(819, 560) 1113
(817, 561) 1114
(816, 560) 1115
(817, 558) 1116
(815, 557) 1117
(814, 556) 1118
(810, 556) 1119
(808, 555) 1120
(802, 555) 1121
(797, 555) 1122
(793, 555) 1123
(788, 555) 1124
(784, 555) 1125
(780, 556) 1126
(780, 556) 1127
(778, 556) 1128
(775, 556) 1129
(774, 556) 1130
(771, 556) 1131
(772, 556) 1132
(773, 557) 1133
(774, 557) 1134
(771, 557) 1135
(768, 557) 1136
(764, 557) 1137
(761, 556) 1138
(754, 557) 1139
(743, 556) 1140
(732, 555) 1141
(723, 554) 1142
(714, 553) 1143
(708, 554) 1144
(703, 554) 1145
(699, 555) 1146
(695, 556) 1147
(691, 556) 1148
(688, 557) 1149
(685, 557) 1150
(682, 558) 1151
(680, 558) 1152
(677, 559) 1153
(676, 559) 1154
(674, 560) 1155
(671, 560) 1156
(663, 559) 1157
(656, 558) 1158
(649, 558) 1159
(643, 557) 1160
(636, 557) 1161
(632, 556) 1162
(628, 556) 1163
(628, 555) 1164
(629, 555) 1165
(631, 555) 1166
(633, 555) 1167
(638, 555) 1168
(642, 554) 1169
(646, 554) 1170
(648, 554) 1171
(651, 554) 1172
(651, 553) 1173
(647, 552) 1174
(640, 553) 1175
(628, 553) 1176
(1067, 482) 1049
(1068, 482) 1050
(1068, 482) 1051
(1069, 482) 1052
(1069, 482) 1053
(1077, 481) 1054
(1085, 481) 1055
(1092, 481) 1056
(1099, 480) 1057
(1105, 480) 1058
(1110, 480) 1059
(1115, 479) 1060
(1115, 479) 1061
(1116, 479) 1062
(1117, 479) 1063
(1117, 479) 1064
(1118, 479) 1065
(1118, 479) 1066
(1118, 479) 1067
(1119, 479) 1068
(1119, 479) 1069
(1119, 479) 1070
(1120, 479) 1071
(1120, 479) 1072
(1120, 479) 1073
(1120, 479) 1074
(1120, 479) 1075
(1121, 479) 1076
(1121, 479) 1077
(1121, 479) 1078
(1117, 479) 1079
(1113, 479) 1080
(1108, 480) 1081
(1103, 481) 1082
(1102, 481) 1083
(1102, 482) 1084
(1102, 482) 1085
(1099, 482) 1086
(1095, 482) 1087
(1092, 481) 1088
(1089, 481) 1089
(1086, 481) 1090
(1084, 481) 1091
(1082, 480) 1092
(1080, 480) 1093
(1078, 480) 1094
(1077, 480) 1095
(1077, 479) 1096
(1077, 478) 1097
(1077, 477) 1098
(1077, 477) 1099
(1076, 476) 1100
(1076, 475) 1101
(1076, 475) 1102
(1073, 475) 1103
(1071, 475) 1104
(1069, 475) 1105
(1067, 476) 1106
(1065, 477) 1107
(1064, 480) 1108
(1465, 670) 1063
(1467, 670) 1064
(1470, 670) 1065
(1472, 670) 1066
(1472, 670) 1067
(1474, 670) 1068
(1478, 670) 1069
(1482, 669) 1070
(1479, 668) 1071
(1476, 667) 1072
(1473, 665) 1073
(1471, 664) 1074
(1468, 663) 1075
(1466, 662) 1076
(1464, 661) 1077
(1463, 659) 1078
(1461, 658) 1079
(1460, 656) 1080
(1460, 654) 1081
(1460, 652) 1082
(1461, 650) 1083
(1461, 648) 1084
(1460, 646) 1085
(1458, 645) 1086
(1456, 644) 1087
(1454, 643) 1088
(1452, 641) 1089
(1451, 640) 1090
(1450, 639) 1091
(1448, 638) 1092
(1447, 637) 1093
(1446, 636) 1094
(1445, 635) 1095
(1445, 634) 1096
(1444, 633) 1097
(1443, 632) 1098
(1443, 631) 1099
(1442, 630) 1100
(1442, 629) 1101
(1445, 627) 1102
(1444, 625) 1103
(1439, 623) 1104
(1427, 621) 1105
(1415, 617) 1106
(1404, 614) 1107
(1395, 611) 1108
(1388, 608) 1109
(1380, 605) 1110
(1374, 602) 1111
(1368, 599) 1112
(1363, 597) 1113
(1358, 594) 1114
(1354, 591) 1115
(1358, 588) 1116
(1360, 586) 1117
(1369, 583) 1118
(1377, 580) 1119
(1386, 578) 1120
(1395, 575) 1121
(1400, 573) 1122
(1405, 572) 1123
(1409, 570) 1124
(1413, 569) 1125
(1416, 567) 1126
(1419, 566) 1127
(1422, 565) 1128
(1424, 565) 1129
(1426, 564) 1130
(1428, 563) 1131
(1430, 562) 1132
(1432, 562) 1133
(1433, 561) 1134
(1435, 561) 1135
(1436, 560) 1136
(1437, 559) 1137
(1438, 559) 1138
(1439, 558) 1139
(1439, 558) 1140
(1440, 557) 1141
(1441, 556) 1142
(1445, 555) 1143
(1449, 554) 1144
(1453, 553) 1145
(1456, 552) 1146
(1458, 550) 1147
(1461, 549) 1148
(1463, 548) 1149
(1473, 547) 1150
(1487, 546) 1151
(1500, 545) 1152
(1511, 544) 1153
(1525, 542) 1154
(1538, 541) 1155
(1545, 540) 1156
(1552, 539) 1157
(1558, 538) 1158
(1566, 537) 1159
(1571, 536) 1160
(1576, 535) 1161
(1581, 534) 1162
(1586, 533) 1163
(1588, 532) 1164
(1591, 531) 1165
(1593, 530) 1166
(1594, 529) 1167
(1592, 528) 1168
(1591, 527) 1169
(1591, 525) 1170
(1590, 524) 1171
(1588, 523) 1172
(1588, 522) 1173
(1582, 521) 1174
(1577, 520) 1175
(1566, 519) 1176
(1556, 518) 1177
(1547, 516) 1178
(1540, 516) 1179
(1539, 515) 1180
(1535, 514) 1181
(1531, 513) 1182
(1527, 513) 1183
(1520, 512) 1184
(1514, 511) 1185
(1508, 510) 1186
(1504, 510) 1187
(1501, 509) 1188
(1497, 509) 1189
(1494, 508) 1190
(1492, 508) 1191
(1490, 507) 1192
(1487, 506) 1193
(1486, 506) 1194
(1484, 505) 1195
(1482, 505) 1196
(1481, 504) 1197
(1480, 504) 1198
(1479, 504) 1199
(1479, 503) 1200
(1484, 503) 1201
(1490, 503) 1202
(1496, 503) 1203
(1503, 503) 1204
(1510, 504) 1205
(1511, 503) 1206
(1512, 503) 1207
(1512, 503) 1208
(1512, 503) 1209
(1512, 503) 1210
(1511, 504) 1211
(1509, 504) 1212
(1507, 505) 1213
(1505, 506) 1214
(1503, 507) 1215
(1502, 507) 1216
(1500, 507) 1217
(1497, 506) 1218
(1494, 505) 1219
(1490, 505) 1220
(1487, 504) 1221
(1484, 504) 1222
(1474, 503) 1223
(1465, 503) 1224
(1457, 503) 1225
(1450, 503) 1226
(1443, 503) 1227
(1437, 502) 1228
(1432, 502) 1229
(1427, 502) 1230
(1428, 502) 1231
(1429, 502) 1232
(1429, 502) 1233
(1427, 502) 1234
(1424, 501) 1235
(1422, 501) 1236
(1420, 500) 1237
(1418, 500) 1238
(1418, 499) 1239
(1422, 499) 1240
(1426, 498) 1241
(1430, 498) 1242
(1434, 498) 1243
(1437, 498) 1244
(1439, 498) 1245
(1441, 497) 1246
(1443, 498) 1247
(1445, 498) 1248
(1447, 498) 1249
(1448, 498) 1250
(1450, 498) 1251
(1451, 498) 1252
(1452, 498) 1253
(1453, 499) 1254
(1454, 499) 1255
(1455, 499) 1256
(1456, 499) 1257
(1457, 499) 1258
(1457, 499) 1259
(1460, 498) 1260
(1466, 497) 1261
(1472, 496) 1262
(1477, 495) 1263
(1482, 494) 1264
(1486, 493) 1265
(1489, 492) 1266
(1493, 491) 1267
(1496, 490) 1268
(1498, 489) 1269
(1501, 488) 1270
(1509, 488) 1271
(1515, 488) 1272
(1521, 488) 1273
(1525, 488) 1274
(1529, 488) 1275
(1533, 488) 1276
(1537, 488) 1277
(1541, 488) 1278
(1544, 488) 1279
(1547, 488) 1280
(1550, 488) 1281
(1552, 488) 1282
(1554, 488) 1283
(1556, 488) 1284
(1558, 488) 1285
(1560, 488) 1286
(1561, 488) 1287
(1562, 488) 1288
(1564, 488) 1289
(1565, 489) 1290
(1566, 489) 1291
(1566, 489) 1292
(1567, 489) 1293
(1568, 489) 1294
(1568, 489) 1295
(1569, 489) 1296
(1570, 489) 1297
(1572, 490) 1298
(1845, 510) 1066
(1844, 510) 1067
(1841, 510) 1068
(1839, 510) 1069
(1834, 510) 1070
(1828, 510) 1071
(1816, 511) 1072
(1806, 512) 1073
(1797, 512) 1074
(1781, 512) 1075
(1769, 513) 1076
(1757, 513) 1077
(1743, 513) 1078
(1731, 512) 1079
(1722, 512) 1080
(1714, 511) 1081
(1703, 511) 1082
(1696, 510) 1083
(1689, 510) 1084
(1685, 510) 1085
(1682, 510) 1086
(1673, 510) 1087
(1667, 510) 1088
(1661, 510) 1089
(1656, 510) 1090
(1654, 510) 1091
(1653, 509) 1092
(1652, 509) 1093
(1651, 509) 1094
(1651, 509) 1095
(1657, 509) 1096
(1664, 509) 1097
(1672, 508) 1098
(1681, 508) 1099
(1687, 508) 1100
(1693, 507) 1101
(1699, 507) 1102
(1704, 506) 1103
(1709, 506) 1104
(1713, 506) 1105
(1717, 506) 1106
(1720, 506) 1107
(1724, 506) 1108
(1734, 505) 1109
(1743, 505) 1110
(1750, 504) 1111
(1757, 504) 1112
(1762, 504) 1113
(1768, 504) 1114
(1769, 503) 1115
(1773, 503) 1116
(1775, 503) 1117
(1778, 503) 1118
(1778, 503) 1119
(1781, 502) 1120
(1781, 502) 1121
(1781, 502) 1122
(1779, 502) 1123
(1776, 501) 1124
(1774, 501) 1125
(1771, 501) 1126
(1769, 500) 1127
(1769, 500) 1128
(1769, 500) 1129
(1768, 500) 1130
(1768, 500) 1131
(1767, 500) 1132
(1767, 500) 1133
(1767, 500) 1134
(1774, 499) 1135
(1779, 498) 1136
(1784, 497) 1137
(1788, 497) 1138
(1793, 497) 1139
(1796, 497) 1140
(1800, 497) 1141
(1799, 497) 1142
(1798, 497) 1143
(1793, 497) 1144
(1789, 497) 1145
(1786, 497) 1146
(1782, 497) 1147
(1779, 497) 1148
(1777, 497) 1149
(1774, 497) 1150
(1772, 497) 1151
(1770, 497) 1152
(1769, 497) 1153
(1767, 497) 1154
(1766, 497) 1155
(1764, 497) 1156
(1763, 497) 1157
(1762, 497) 1158
(1761, 497) 1159
(1760, 496) 1160
(1760, 496) 1161
(1758, 496) 1162
(932, 488) 1100
(933, 487) 1101
(934, 488) 1102
(935, 488) 1103
(936, 488) 1104
(937, 488) 1105
(938, 488) 1106
(939, 488) 1107
(940, 488) 1108
(940, 488) 1109
(941, 488) 1110
(941, 489) 1111
(942, 489) 1112
(942, 489) 1113
(943, 489) 1114
(943, 489) 1115
(943, 489) 1116
(944, 489) 1117
(944, 489) 1118
(944, 489) 1119
(944, 489) 1120
(939, 489) 1121
(936, 489) 1122
(933, 489) 1123
(931, 489) 1124
(930, 489) 1125
(935, 488) 1126
(939, 488) 1127
(945, 487) 1128
(951, 486) 1129
(956, 486) 1130
(962, 485) 1131
(967, 484) 1132
(971, 484) 1133
(976, 483) 1134
(980, 482) 1135
(981, 482) 1136
(982, 481) 1137
(983, 481) 1138
(992, 480) 1139
(999, 479) 1140
(1009, 479) 1141
(1017, 479) 1142
(1024, 480) 1143
(1031, 480) 1144
(1035, 480) 1145
(1040, 481) 1146
(1043, 480) 1147
(1046, 479) 1148
(1048, 479) 1149
(1050, 478) 1150
(1052, 476) 1151
(1053, 475) 1152
(1055, 474) 1153
(1055, 473) 1154
(1053, 473) 1155
(1051, 472) 1156
(1051, 471) 1157
(1051, 470) 1158
(1053, 469) 1159
(1053, 467) 1160
(1051, 467) 1161
(1047, 467) 1162
(1044, 467) 1163
(1041, 467) 1164
(1041, 467) 1165
(1044, 466) 1166
(1049, 466) 1167
(1058, 466) 1168
(1067, 466) 1169
(1075, 466) 1170
(1082, 465) 1171
(1082, 465) 1172
(1082, 465) 1173
(1082, 466) 1174
(1082, 466) 1175
(1082, 466) 1176
(1082, 466) 1177
(1082, 466) 1178
(1082, 467) 1179
(1082, 467) 1180
(1082, 467) 1181
(1082, 467) 1182
(1088, 467) 1183
(1092, 466) 1184
(1094, 466) 1185
(1097, 465) 1186
(1099, 465) 1187
(1100, 465) 1188
(1098, 464) 1189
(567, 497) 1128
(565, 497) 1129
(562, 497) 1130
(558, 497) 1131
(554, 497) 1132
(551, 497) 1133
(548, 497) 1134
(541, 496) 1135
(533, 496) 1136
(524, 495) 1137
(516, 495) 1138
(508, 494) 1139
(504, 494) 1140
(501, 493) 1141
(496, 493) 1142
(485, 493) 1143
(474, 492) 1144
(462, 492) 1145
(451, 491) 1146
(440, 491) 1147
(431, 491) 1148
(422, 490) 1149
(413, 490) 1150
(404, 490) 1151
(394, 490) 1152
(386, 489) 1153
(378, 489) 1154
(372, 489) 1155
(365, 489) 1156
(360, 489) 1157
(355, 490) 1158
(351, 490) 1159
(347, 490) 1160
(344, 490) 1161
(341, 490) 1162
(339, 490) 1163
(339, 490) 1164
(340, 491) 1165
(341, 492) 1166
(338, 492) 1167
(339, 493) 1168
(337, 493) 1169
(332, 493) 1170
(331, 494) 1171
(329, 494) 1172
(325, 494) 1173
(324, 495) 1174
(322, 495) 1175
(320, 495) 1176
(319, 495) 1177
(318, 496) 1178
(317, 496) 1179
(316, 496) 1180
(315, 496) 1181
(314, 496) 1182
(313, 497) 1183
(313, 497) 1184
(312, 497) 1185
(312, 497) 1186
(311, 497) 1187
(311, 497) 1188
(312, 499) 1189
(314, 500) 1190
(315, 502) 1191
(316, 503) 1192
(317, 505) 1193
(318, 506) 1194
(319, 507) 1195
(320, 509) 1196
(320, 510) 1197
(321, 511) 1198
(322, 512) 1199
(322, 514) 1200
(323, 515) 1201
(323, 516) 1202
(320, 519) 1202
(315, 521) 1203
(310, 524) 1204
(305, 526) 1205
(300, 528) 1206
(296, 530) 1207
(295, 533) 1208
(294, 535) 1209
(293, 538) 1210
(292, 540) 1211
(291, 543) 1212
(291, 545) 1213
(290, 547) 1214
(290, 549) 1215
(289, 552) 1216
(289, 554) 1217
(289, 556) 1218
(296, 558) 1219
(771, 665) 1140
(771, 665) 1141
(769, 664) 1142
(763, 663) 1143
(758, 662) 1144
(759, 661) 1145
(760, 659) 1146
(761, 657) 1147
(762, 656) 1148
(762, 654) 1149
(762, 652) 1150
(762, 651) 1151
(761, 649) 1152
(761, 648) 1153
(760, 646) 1154
(760, 645) 1155
(760, 643) 1156
(758, 642) 1157
(756, 640) 1158
(754, 638) 1159
(753, 636) 1160
(752, 634) 1161
(751, 633) 1162
(750, 631) 1163
(749, 629) 1164
(748, 628) 1165
(747, 626) 1166
(747, 624) 1167
(746, 623) 1168
(745, 621) 1169
(745, 620) 1170
(745, 618) 1171
(744, 617) 1172
(744, 616) 1173
(745, 615) 1174
(747, 613) 1175
(747, 613) 1176
(748, 612) 1177
(748, 611) 1178
(749, 610) 1179
(750, 609) 1180
(750, 608) 1181
(751, 607) 1182
(746, 606) 1183
(741, 605) 1184
(736, 604) 1185
(732, 603) 1186
(728, 602) 1187
(724, 601) 1188
(721, 601) 1189
(718, 600) 1190
(715, 599) 1191
(712, 598) 1192
(709, 597) 1193
(708, 596) 1194
(706, 594) 1195
(705, 593) 1196
(703, 591) 1197
(703, 590) 1198
(703, 588) 1199
(703, 587) 1200
(702, 586) 1201
(701, 585) 1202
(701, 583) 1203
(701, 582) 1204
(704, 581) 1205
(708, 579) 1206
(716, 578) 1207
(722, 577) 1208
(728, 576) 1209
(741, 575) 1210
(752, 574) 1211
(762, 572) 1212
(772, 571) 1213
(775, 571) 1214
(776, 570) 1215
(778, 569) 1216
(780, 569) 1217
(781, 568) 1218
(782, 566) 1219
(786, 565) 1220
(790, 563) 1221
(793, 561) 1222
(797, 560) 1223
(800, 558) 1224
(803, 557) 1225
(807, 555) 1226
(810, 554) 1227
(813, 552) 1228
(815, 551) 1229
(817, 549) 1230
(819, 548) 1231
(821, 547) 1232
(825, 546) 1233
(828, 544) 1234
(831, 543) 1235
(834, 542) 1236
(835, 541) 1237
(840, 539) 1238
(844, 538) 1239
(848, 537) 1240
(851, 535) 1241
(853, 534) 1242
(852, 532) 1243
(850, 531) 1244
(849, 530) 1245
(848, 529) 1246
(845, 528) 1247
(843, 527) 1248
(1136, 794) 1164
(1136, 794) 1165
(1134, 794) 1166
(1132, 794) 1167
(1130, 794) 1168
(1129, 794) 1169
(1127, 794) 1170
(1126, 794) 1171
(1125, 794) 1172
(1124, 795) 1173
(1123, 795) 1174
(1122, 795) 1175
(1121, 795) 1176
(1117, 794) 1177
(1114, 794) 1178
(1111, 793) 1179
(1108, 792) 1180
(1106, 791) 1181
(1105, 791) 1182
(1103, 790) 1183
(1103, 789) 1184
(1103, 789) 1185
(1102, 789) 1186
(1101, 788) 1187
(1101, 788) 1188
(1100, 787) 1189
(1100, 787) 1190
(1100, 786) 1191
(1099, 786) 1192
(1099, 785) 1193
(1099, 785) 1194
(1098, 784) 1195
(1098, 784) 1196
(1098, 784) 1197
(1094, 783) 1198
(1090, 783) 1199
(1087, 782) 1200
(1084, 782) 1201
(1082, 782) 1202
(1079, 781) 1203
(1077, 781) 1204
(1075, 781) 1205
(1076, 780) 1206
(1078, 779) 1207
(1084, 778) 1208
(1089, 778) 1209
(1094, 777) 1210
(1094, 775) 1211
(1094, 773) 1212
(1093, 769) 1213
(1091, 765) 1214
(1090, 761) 1215
(1088, 756) 1216
(1087, 752) 1217
(1085, 747) 1218
(1084, 743) 1219
(1083, 739) 1220
(1082, 735) 1221
(1082, 731) 1222
(1081, 727) 1223
(1080, 723) 1224
(1080, 720) 1225
(1079, 716) 1226
(1079, 712) 1227
(1078, 709) 1228
(1078, 705) 1229
(1078, 702) 1230
(1077, 699) 1231
(1077, 695) 1232
(1076, 693) 1233
(1075, 690) 1234
(1077, 687) 1235
(1079, 684) 1236
(1080, 682) 1237
(1081, 681) 1238
(1337, 423) 1164
(1337, 423) 1165
(1336, 423) 1166
(1336, 424) 1167
(1335, 425) 1168
(1335, 425) 1169
(1334, 426) 1170
(1334, 426) 1171
(1334, 427) 1172
(1334, 428) 1173
(1334, 429) 1174
(1336, 430) 1175
(1335, 431) 1176
(1331, 432) 1177
(1331, 433) 1178
(1330, 434) 1179
(1329, 435) 1180
(1329, 436) 1181
(1328, 437) 1182
(1328, 438) 1183
(1327, 439) 1184
(1327, 441) 1185
(1327, 442) 1186
(1327, 444) 1187
(1326, 446) 1188
(1320, 448) 1189
(1315, 450) 1190
(1310, 452) 1191
(1305, 454) 1192
(1301, 457) 1193
(1297, 459) 1194
(1293, 461) 1195
(1290, 463) 1196
(1287, 465) 1197
(1285, 467) 1198
(1283, 469) 1199
(1280, 470) 1200
(1279, 472) 1201
(1277, 474) 1202
(1275, 476) 1203
(1274, 478) 1204
(1273, 479) 1205
(1272, 481) 1206
(1271, 483) 1207
(1270, 484) 1208
(1270, 486) 1209
(1273, 486) 1210
(1276, 486) 1211
(1277, 486) 1212
(1279, 486) 1213
(1281, 486) 1214
(1282, 486) 1215
(1281, 486) 1216
(1280, 486) 1217
(1278, 487) 1218
(1276, 487) 1219
(1275, 487) 1220
(1274, 487) 1221
(1273, 487) 1222
(1272, 487) 1223
(1271, 487) 1224
(1271, 486) 1225
(1270, 486) 1226
(1266, 487) 1227
(1262, 487) 1228
(1258, 488) 1229
(1255, 489) 1230
(1255, 489) 1231
(1261, 489) 1232
(1267, 490) 1233
(1267, 490) 1234
(1272, 490) 1235
(1276, 490) 1236
(1277, 490) 1237
(1276, 490) 1238
(1275, 490) 1239
(1272, 490) 1240
(1269, 490) 1241
(1264, 490) 1242
(1261, 490) 1243
(1258, 490) 1244
(1253, 491) 1245
(1186, 622) 1178
(1186, 622) 1179
(1186, 622) 1180
(1186, 622) 1181
(1186, 622) 1182
(1186, 622) 1183
(1186, 622) 1184
(1186, 622) 1185
(1186, 622) 1186
(1186, 622) 1187
(1186, 622) 1188
(1186, 622) 1189
(1186, 622) 1190
(1186, 622) 1191
(1186, 622) 1192
(1186, 622) 1193
(1192, 620) 1194
(1197, 619) 1195
(1201, 619) 1196
(1204, 618) 1197
(1205, 617) 1198
(1206, 616) 1199
(1208, 615) 1200
(1209, 614) 1201
(1210, 613) 1202
(1211, 613) 1203
(1211, 612) 1204
(1212, 611) 1205
(1213, 610) 1206
(1213, 610) 1207
(1214, 609) 1208
(1214, 608) 1209
(1217, 609) 1210
(1222, 607) 1211
(1220, 607) 1212
(1221, 608) 1213
(1221, 608) 1214
(1219, 608) 1215
(1216, 610) 1216
(1210, 612) 1217
(1204, 615) 1218
(1199, 618) 1219
(1194, 620) 1220
(1189, 623) 1221
(1185, 626) 1222
(1181, 628) 1223
(1177, 631) 1224
(1174, 633) 1225
(1168, 635) 1226
(1168, 638) 1227
(1164, 640) 1228
(1160, 642) 1229
(1159, 645) 1230
(1158, 647) 1231
(1157, 649) 1232
(1157, 651) 1233
(1156, 654) 1234
(1155, 656) 1235
(1155, 658) 1236
(1154, 660) 1237
(1154, 662) 1238
(1152, 664) 1239
(1151, 666) 1240
(1150, 668) 1241
(1149, 669) 1242
(1148, 671) 1243
(1148, 673) 1244
(1148, 675) 1245
(1148, 677) 1246
(1149, 679) 1247
(1149, 681) 1248
(1149, 682) 1249
(1149, 684) 1250
(1149, 686) 1251
(1149, 687) 1252
(1150, 689) 1253
(1150, 691) 1254
(1150, 692) 1255
(1150, 694) 1256
(1150, 695) 1257
(1150, 697) 1258
(1150, 698) 1259
(1150, 699) 1260
(1148, 701) 1261
(1146, 703) 1262
(1144, 704) 1263
(1143, 706) 1264
(1141, 707) 1265
(1140, 708) 1266
(1139, 710) 1267
(1138, 711) 1268
(1137, 713) 1269
(1136, 714) 1270
(1135, 715) 1271
(1135, 717) 1272
(1134, 718) 1273
(1133, 719) 1274
(1133, 720) 1275
(1132, 721) 1276
(1132, 723) 1277
(1132, 724) 1278
(1131, 725) 1279
(1131, 725) 1280
(1130, 726) 1281
(1130, 727) 1282
(1129, 728) 1283
(1129, 730) 1284
(1129, 731) 1285
(1128, 731) 1286
(1125, 731) 1287
(1122, 731) 1288
(1147, 557) 1199
(1138, 556) 1200
(1128, 556) 1201
(1117, 556) 1202
(1107, 556) 1203
(1097, 556) 1204
(1087, 557) 1205
(1078, 557) 1206
(1069, 557) 1207
(1060, 557) 1208
(1052, 557) 1209
(1044, 557) 1210
(1037, 557) 1211
(1031, 557) 1212
(1026, 558) 1213
(1021, 558) 1214
(1015, 556) 1215
(1018, 556) 1216
(1019, 555) 1217
(1020, 553) 1218
(1024, 553) 1219
(1027, 552) 1220
(1030, 550) 1221
(1033, 549) 1222
(1036, 548) 1223
(1039, 547) 1224
(1041, 546) 1225
(1041, 545) 1226
(1040, 544) 1227
(1032, 543) 1228
(1025, 542) 1229
(1018, 541) 1230
(1011, 540) 1231
(1008, 539) 1232
(1005, 539) 1233
(1000, 538) 1234
(999, 537) 1235
(999, 536) 1236
(997, 535) 1237
(996, 534) 1238
(994, 533) 1239
(993, 532) 1240
(992, 531) 1241
(991, 530) 1242
(990, 529) 1243
(990, 528) 1244
(989, 527) 1245
(980, 526) 1246
(973, 524) 1247
(966, 523) 1248
(954, 523) 1249
(945, 522) 1250
(939, 521) 1251
(933, 521) 1252
(928, 521) 1253
(924, 520) 1254
(916, 520) 1255
(910, 520) 1256
(903, 519) 1257
(897, 519) 1258
(891, 519) 1259
(886, 519) 1260
(881, 519) 1261
(877, 519) 1262
(877, 518) 1263
(878, 518) 1264
(877, 517) 1265
(876, 517) 1266
(875, 516) 1267
(875, 516) 1268
(875, 515) 1269
(868, 515) 1270
(860, 514) 1271
(854, 514) 1272
(845, 513) 1273
(837, 513) 1274
(828, 513) 1275
(819, 512) 1276
(811, 512) 1277
(803, 512) 1278
(789, 512) 1279
(777, 512) 1280
(767, 512) 1281
(759, 512) 1282
(752, 512) 1283
(746, 512) 1284
(741, 512) 1285
(737, 513) 1286
(737, 513) 1287
(731, 513) 1288
(722, 513) 1289
(716, 513) 1290
(711, 513) 1291
(707, 513) 1292
(703, 513) 1293
(699, 513) 1294
(696, 513) 1295
(693, 513) 1296
(691, 514) 1297
(688, 514) 1298
(686, 514) 1299
(689, 513) 1300
(691, 513) 1301
(694, 513) 1302
(695, 512) 1303
(697, 512) 1304
(698, 511) 1305
(698, 511) 1306
(699, 510) 1307
(699, 510) 1308
(700, 509) 1309
(700, 509) 1310
(701, 509) 1311
(701, 508) 1312
(701, 508) 1313
(702, 507) 1314
(701, 507) 1315
(700, 508) 1316
(692, 510) 1317
(690, 511) 1318
(688, 512) 1319
(687, 514) 1320
(683, 515) 1321
(680, 517) 1322
(673, 518) 1323
(667, 519) 1324
(662, 521) 1325
(657, 522) 1326
(651, 522) 1327
(646, 523) 1328
(642, 523) 1329
(638, 523) 1330
(629, 524) 1331
(623, 524) 1332
(618, 525) 1333
(613, 525) 1334
(609, 526) 1335
(605, 526) 1336
(599, 527) 1337
(595, 528) 1338
(592, 529) 1339
(589, 529) 1340
(587, 530) 1341
(584, 530) 1342
(583, 531) 1343
(577, 531) 1344
(571, 531) 1345
(562, 530) 1346
(553, 528) 1347
(551, 528) 1348
(547, 527) 1349
(545, 525) 1350
(1145, 496) 1246
(1144, 495) 1247
(1142, 495) 1248
(1141, 495) 1249
(1143, 495) 1250
(1145, 494) 1251
(1148, 494) 1252
(1150, 493) 1253
(1151, 493) 1254
(1155, 493) 1255
(1157, 493) 1256
(1159, 493) 1257
(1159, 493) 1258
(1156, 493) 1259
(1153, 493) 1260
(1149, 493) 1261
(1153, 492) 1262
(1160, 492) 1263
(1168, 493) 1264
(1173, 493) 1265
(1178, 493) 1266
(1182, 493) 1267
(1182, 494) 1268
(1185, 494) 1269
(1188, 494) 1270
(1192, 494) 1271
(1196, 494) 1272
(1191, 495) 1273
(1187, 495) 1274
(1182, 496) 1275
(1178, 496) 1276
(1176, 497) 1277
(1174, 498) 1278
(1171, 498) 1279
(1169, 499) 1280
(1165, 500) 1281
(1160, 500) 1282
(1156, 501) 1283
(1151, 501) 1284
(1147, 502) 1285
(1143, 503) 1286
(1140, 503) 1287
(1135, 504) 1288
(1131, 504) 1289
(1129, 505) 1290
(1122, 506) 1291
(1115, 507) 1292
(1109, 508) 1293
(1103, 509) 1294
(1098, 509) 1295
(1094, 510) 1296
(1090, 511) 1297
(1086, 512) 1298
(1083, 512) 1299
(1080, 513) 1300
(1078, 513) 1301
(1076, 513) 1302
(1074, 514) 1303
(1072, 514) 1304
(1070, 515) 1305
(1069, 515) 1306
(1067, 515) 1307
(1066, 516) 1308
(1062, 516) 1309
(1057, 516) 1310
(1052, 516) 1311
(1048, 516) 1312
(1044, 516) 1313
(1042, 516) 1314
(1842, 511) 1253
(1842, 511) 1254
(1842, 511) 1255
(1842, 511) 1256
(1842, 511) 1257
(1842, 511) 1258
(1846, 512) 1259
(1853, 513) 1260
(1859, 514) 1261
(1863, 516) 1262
(1866, 519) 1263
(1870, 520) 1264
(1867, 521) 1265
(1865, 522) 1266
(1863, 523) 1267
(1863, 524) 1268
(1863, 525) 1269
(1865, 525) 1270
(1867, 526) 1271
(1868, 527) 1272
(1868, 528) 1273
(1868, 529) 1274
(1865, 530) 1275
(1867, 531) 1276
(1870, 532) 1277
(1871, 533) 1278
(1873, 535) 1279
(1875, 536) 1280
(1876, 537) 1281
(1877, 538) 1282
(1878, 539) 1283
(1879, 540) 1284
(1880, 541) 1285
(1881, 542) 1286
(1888, 541) 1287
(1891, 542) 1288
(1893, 542) 1289
(1895, 542) 1290
(1897, 542) 1291
(1899, 542) 1292
(1901, 542) 1293
(1902, 542) 1294
(1904, 542) 1295
(1905, 542) 1296
(1906, 542) 1297
(1907, 543) 1298
(1908, 543) 1299
(1908, 543) 1300
(1909, 543) 1301
(1910, 543) 1302
(1910, 543) 1303
(1910, 543) 1304
(1905, 543) 1305
(1900, 542) 1306
(1893, 541) 1307
(1886, 539) 1308
(1881, 538) 1309
(1880, 536) 1310
(1878, 535) 1311
(1879, 534) 1312
(1879, 533) 1313
(1882, 532) 1314
(1885, 530) 1315
(1888, 529) 1316
(1892, 528) 1317
(1898, 527) 1318
(1907, 527) 1319
(1745, 524) 1264
(1745, 524) 1265
(1745, 524) 1266
(1745, 524) 1267
(1745, 524) 1268
(1745, 524) 1269
(1745, 524) 1270
(1745, 524) 1271
(1745, 524) 1272
(1745, 524) 1273
(1745, 524) 1274
(1745, 524) 1275
(1745, 524) 1276
(1745, 524) 1277
(1745, 524) 1278
(1747, 525) 1279
(1750, 527) 1280
(1753, 528) 1281
(1755, 530) 1282
(1756, 531) 1283
(1757, 533) 1284
(1757, 534) 1285
(1757, 536) 1286
(1757, 537) 1287
(1759, 539) 1288
(1765, 540) 1289
(1771, 541) 1290
(1775, 542) 1291
(1779, 543) 1292
(1782, 544) 1293
(1784, 545) 1294
(1790, 545) 1295
(1795, 546) 1296
(1801, 547) 1297
(1808, 548) 1298
(1821, 549) 1299
(1833, 550) 1300
(1845, 551) 1301
(1856, 552) 1302
(1866, 553) 1303
(1872, 554) 1304
(1878, 555) 1305
(1882, 556) 1306
(1887, 557) 1307
(1896, 558) 1308
(1904, 560) 1309
(1904, 562) 1310
(15, 563) 1311
(26, 565) 1312
(34, 567) 1313
(42, 569) 1314
(50, 570) 1315
(57, 572) 1316
(62, 574) 1317
(65, 575) 1318
(66, 577) 1319
(67, 579) 1320
(68, 579) 1321
(70, 579) 1322
(74, 578) 1323
(74, 579) 1324
(76, 579) 1325
(80, 577) 1326
(84, 575) 1327
(86, 575) 1328
(88, 575) 1329
(90, 574) 1330
(93, 574) 1331
(97, 574) 1332
(105, 574) 1333
(108, 573) 1334
(111, 573) 1335
(113, 573) 1336
(120, 572) 1337
(126, 571) 1338
(130, 571) 1339
(132, 570) 1340
(134, 570) 1341
(136, 569) 1342
(137, 569) 1343
(137, 569) 1344
(137, 568) 1345
(137, 568) 1346
(137, 567) 1347
(135, 567) 1348
(134, 566) 1349
(133, 566) 1350
(133, 566) 1351
(132, 565) 1352
(131, 565) 1353
(131, 564) 1354
(130, 564) 1355
(130, 564) 1356
(129, 563) 1357
(129, 563) 1358
(128, 563) 1359
(128, 562) 1360
(128, 562) 1361
(127, 562) 1362
(127, 561) 1363
(124, 559) 1364
(126, 558) 1365
(129, 556) 1366
(133, 555) 1367
(852, 463) 1279
(855, 464) 1280
(855, 464) 1281
(855, 464) 1282
(855, 464) 1283
(857, 465) 1284
(868, 466) 1285
(872, 466) 1286
(883, 467) 1287
(892, 468) 1288
(901, 468) 1289
(908, 469) 1290
(915, 469) 1291
(921, 471) 1292
(927, 472) 1293
(933, 474) 1294
(935, 475) 1295
(937, 476) 1296
(939, 477) 1297
(941, 479) 1298
(943, 480) 1299
(947, 481) 1300
(952, 482) 1301
(952, 482) 1302
(956, 483) 1303
(960, 484) 1304
(964, 485) 1305
(963, 486) 1306
(960, 487) 1307
(956, 488) 1308
(951, 489) 1309
(948, 489) 1310
(944, 490) 1311
(941, 491) 1312
(940, 491) 1313
(940, 492) 1314
(943, 493) 1315
(947, 494) 1316
(947, 495) 1317
(945, 496) 1318
(943, 496) 1319
(939, 497) 1320
(938, 498) 1321
(938, 498) 1322
(934, 499) 1323
(926, 500) 1324
(918, 500) 1325
(910, 501) 1326
(910, 502) 1327
(906, 502) 1328
(900, 503) 1329
(894, 503) 1330
(892, 504) 1331
(891, 504) 1332
(891, 505) 1333
(892, 505) 1334
(891, 506) 1335
(891, 506) 1336
(891, 506) 1337
(891, 506) 1338
(891, 506) 1339
(889, 506) 1340
(889, 506) 1341
(893, 506) 1342
(897, 507) 1343
(899, 507) 1344
(899, 507) 1345
(900, 507) 1346
(897, 507) 1347
(897, 507) 1348
(895, 507) 1349
(895, 506) 1350
(893, 506) 1351
(893, 506) 1352
(892, 506) 1353
(893, 506) 1354
(893, 506) 1355
(890, 506) 1356
(892, 506) 1357
(893, 506) 1358
(895, 505) 1359
(895, 505) 1360
(893, 505) 1361
(889, 506) 1362
(885, 506) 1363
(884, 506) 1364
(882, 506) 1365
(880, 506) 1366
(878, 507) 1367
(874, 506) 1368
(871, 506) 1369
(869, 506) 1370
(868, 506) 1371
(867, 505) 1372
(867, 505) 1373
(866, 504) 1374
(862, 504) 1375
(861, 503) 1376
(861, 503) 1377
(857, 503) 1378
(856, 502) 1379
(853, 502) 1380
(853, 501) 1381
(857, 501) 1382
(856, 501) 1383
(857, 501) 1384
(859, 501) 1385
(863, 501) 1386
(860, 501) 1387
(857, 502) 1388
(856, 504) 1389
(855, 505) 1390
(852, 506) 1391
(849, 507) 1392
(846, 508) 1393
(844, 509) 1394
(841, 510) 1395
(839, 510) 1396
(836, 511) 1397
(834, 512) 1398
(834, 511) 1399
(833, 511) 1400
(833, 510) 1401
(831, 509) 1402
(830, 509) 1403
(822, 508) 1404
(815, 508) 1405
(811, 508) 1406
(805, 508) 1407
(800, 507) 1408
(803, 507) 1409
(805, 506) 1410
(807, 506) 1411
(812, 505) 1412
(814, 505) 1413
(817, 504) 1414
(819, 504) 1415
(821, 503) 1416
(825, 503) 1417
(826, 503) 1418
(827, 502) 1419
(828, 502) 1420
(829, 502) 1421
(830, 502) 1422
(831, 501) 1423
(833, 501) 1424
(835, 501) 1425
(836, 500) 1426
(838, 500) 1427
(836, 500) 1428
(837, 500) 1429
(836, 499) 1430
(838, 499) 1431
(838, 499) 1432
(838, 498) 1433
(839, 498) 1434
(837, 498) 1435
(836, 497) 1436
(834, 497) 1437
(832, 496) 1438
(833, 496) 1439
(833, 496) 1440
(832, 496) 1441
(831, 496) 1442
(830, 496) 1443
(829, 496) 1444
(829, 496) 1445
(829, 496) 1446
(829, 495) 1447
(829, 495) 1448
(829, 495) 1449
(828, 495) 1450
(830, 494) 1451
(830, 494) 1452
(830, 494) 1453
(831, 494) 1454
(831, 494) 1455
(831, 494) 1456
(831, 494) 1457
(831, 494) 1458
(832, 494) 1459
(836, 494) 1460
(841, 494) 1461
(844, 494) 1462
(848, 494) 1463
(852, 494) 1464
(856, 494) 1465
(859, 494) 1466
(862, 494) 1467
(865, 494) 1468
(873, 495) 1469
(876, 495) 1470
(878, 495) 1471
(875, 495) 1472
(874, 495) 1473
(873, 495) 1474
(872, 495) 1475
(876, 495) 1476
(879, 495) 1477
(881, 494) 1478
(880, 494) 1479
(880, 494) 1480
(884, 494) 1481
(885, 494) 1482
(887, 494) 1483
(892, 494) 1484
(899, 494) 1485
(904, 494) 1486
(909, 494) 1487
(915, 494) 1488
(915, 494) 1489
(916, 494) 1490
(921, 493) 1491
(926, 493) 1492
(928, 493) 1493
(933, 493) 1494
(935, 493) 1495
(936, 493) 1496
(935, 493) 1497
(934, 493) 1498
(934, 493) 1499
(936, 493) 1500
(939, 493) 1501
(949, 493) 1502
(959, 493) 1503
(967, 493) 1504
(975, 493) 1505
(981, 493) 1506
(988, 494) 1507
(986, 494) 1508
(984, 494) 1509
(982, 494) 1510
(982, 495) 1511
(976, 495) 1512
(976, 495) 1513
(975, 496) 1514
(975, 496) 1515
(974, 496) 1516
(974, 497) 1517
(974, 497) 1518
(973, 497) 1519
(973, 497) 1520
(973, 498) 1521
(973, 498) 1522
(973, 498) 1523
(978, 498) 1524
(299, 598) 1282
(299, 598) 1283
(300, 598) 1284
(302, 598) 1285
(305, 598) 1286
(309, 598) 1287
(310, 598) 1288
(310, 598) 1289
(309, 598) 1290
(307, 598) 1291
(302, 599) 1292
(299, 600) 1293
(298, 600) 1294
(298, 600) 1295
(297, 600) 1296
(297, 600) 1297
(297, 600) 1298
(297, 600) 1299
(297, 600) 1300
(301, 598) 1301
(305, 597) 1302
(305, 596) 1303
(304, 596) 1304
(298, 597) 1305
(289, 598) 1306
(274, 598) 1307
(262, 599) 1308
(250, 600) 1309
(240, 600) 1310
(230, 601) 1311
(222, 601) 1312
(214, 602) 1313
(207, 602) 1314
(201, 603) 1315
(195, 603) 1316
(190, 603) 1317
(186, 604) 1318
(182, 604) 1319
(178, 605) 1320
(175, 605) 1321
(172, 606) 1322
(169, 606) 1323
(167, 606) 1324
(165, 607) 1325
(163, 607) 1326
(153, 607) 1327
(144, 608) 1328
(137, 608) 1329
(129, 608) 1330
(123, 608) 1331
(117, 608) 1332
(112, 609) 1333
(107, 609) 1334
(103, 609) 1335
(99, 609) 1336
(92, 609) 1337
(85, 609) 1338
(79, 609) 1339
(73, 609) 1340
(68, 609) 1341
(56, 610) 1342
(45, 610) 1343
(35, 610) 1344
(26, 611) 1345
(17, 611) 1346
(18, 611) 1347
(18, 611) 1348
(10, 611) 1349
(9, 610) 1350
(1928, 610) 1351
(1926, 610) 1352
(1924, 610) 1353
(1923, 609) 1354
(1921, 609) 1355
(1919, 609) 1356
(1914, 608) 1357
(1910, 607) 1358
(1908, 606) 1359
(1905, 605) 1360
(1903, 604) 1361
(1901, 604) 1362
(1900, 603) 1363
(1900, 602) 1364
(1896, 602) 1365
(1891, 602) 1366
(1885, 602) 1367
(1879, 601) 1368
(1875, 601) 1369
(1870, 601) 1370
(1866, 601) 1371
(1863, 600) 1372
(1860, 600) 1373
(1857, 600) 1374
(1854, 600) 1375
(1852, 600) 1376
(1850, 599) 1377
(1848, 599) 1378
(1847, 599) 1379
(1845, 599) 1380
(1844, 599) 1381
(1839, 597) 1382
(1834, 596) 1383
(1830, 594) 1384
(1831, 593) 1385
(1828, 591) 1386
