(858, 611) 20
(858, 611) 21
(860, 610) 22
(861, 610) 23
(861, 611) 24
(858, 611) 25
(855, 611) 26
(851, 611) 27
(845, 611) 28
(844, 611) 29
(840, 612) 30
(836, 612) 31
(829, 612) 32
(823, 612) 33
(818, 612) 34
(813, 612) 35
(808, 612) 36
(800, 612) 37
(795, 612) 38
(791, 611) 39
(785, 611) 40
(778, 611) 41
(771, 610) 42
(766, 610) 43
(760, 610) 44
(757, 609) 45
(752, 609) 46
(750, 608) 47
(748, 608) 48
(747, 607) 49
(747, 607) 50
(746, 606) 51
(745, 606) 52
(740, 604) 53
(735, 603) 54
(730, 601) 55
(721, 601) 56
(715, 601) 57
(710, 601) 58
(698, 600) 59
(687, 600) 60
(678, 599) 61
(677, 599) 62
(677, 599) 63
(677, 598) 64
(678, 598) 65
(678, 597) 66
(678, 596) 67
(673, 596) 68
(673, 595) 69
(674, 595) 70
(677, 594) 71
(680, 594) 72
(683, 593) 73
(689, 593) 74
(694, 591) 75
(699, 590) 76
(703, 589) 77
(706, 588) 78
(709, 588) 79
(711, 588) 80
(716, 587) 81
(721, 587) 82
(724, 587) 83
(727, 587) 84
(730, 587) 85
(732, 587) 86
(734, 587) 87
(738, 587) 88
(741, 588) 89
(748, 588) 90
(752, 587) 91
(755, 587) 92
(758, 586) 93
(760, 586) 94
(762, 586) 95
(767, 586) 96
(767, 586) 97
(767, 585) 98
(763, 585) 99
(759, 584) 100
(756, 584) 101
(754, 583) 102
(752, 583) 103
(751, 582) 104
(750, 582) 105
(750, 581) 106
(749, 580) 107
(750, 579) 108
(750, 578) 109
(750, 577) 110
(750, 576) 111
(750, 575) 112
(751, 574) 113
(752, 572) 114
(747, 571) 115
(555, 581) 29
(555, 581) 30
(555, 581) 31
(555, 581) 32
(555, 581) 33
(555, 581) 34
(555, 581) 35
(555, 581) 36
(555, 581) 37
(555, 581) 38
(555, 581) 39
(555, 581) 40
(555, 581) 41
(555, 581) 42
(555, 581) 43
(555, 581) 44
(555, 581) 45
(555, 581) 46
(555, 581) 47
(555, 581) 48
(553, 580) 49
(552, 580) 50
(552, 579) 51
(551, 578) 52
(550, 577) 53
(549, 577) 54
(548, 576) 55
(547, 575) 56
(547, 574) 57
(547, 574) 58
(548, 573) 59
(549, 573) 60
(549, 572) 61
(549, 572) 62
(550, 571) 63
(550, 571) 64
(551, 570) 65
(551, 570) 66
(551, 569) 67
(551, 569) 68
(552, 569) 69
(552, 568) 70
(552, 568) 71
(552, 567) 72
(552, 567) 73
(552, 566) 74
(552, 566) 75
(559, 566) 76
(558, 566) 77
(557, 565) 78
(556, 565) 79
(556, 565) 80
(555, 565) 81
(554, 565) 82
(554, 564) 83
(553, 564) 84
(553, 564) 85
(553, 564) 86
(552, 564) 87
(552, 563) 88
(552, 563) 89
(551, 563) 90
(550, 562) 91
(550, 562) 92
(549, 562) 93
(549, 562) 94
(548, 561) 95
(548, 561) 96
(549, 562) 97
(549, 562) 98
(549, 562) 99
(547, 561) 100
(547, 560) 101
(546, 559) 102
(546, 558) 103
(546, 557) 104
(545, 556) 105
(545, 555) 106
(545, 554) 107
(545, 553) 108
(548, 553) 109
(551, 552) 110
(554, 552) 111
(559, 550) 112
(563, 548) 113
(568, 546) 114
(573, 544) 115
(577, 542) 116
(581, 541) 117
(583, 539) 118
(585, 537) 119
(587, 535) 120
(590, 533) 121
(592, 531) 122
(298, 469) 83
(297, 469) 84
(296, 469) 85
(296, 469) 86
(296, 469) 87
(292, 469) 88
(287, 469) 89
(283, 469) 90
(282, 470) 91
(279, 470) 92
(276, 470) 93
(267, 470) 94
(258, 470) 95
(250, 471) 96
(242, 471) 97
(234, 471) 98
(223, 472) 99
(212, 472) 100
(201, 472) 101
(191, 472) 102
(181, 472) 103
(173, 473) 104
(164, 473) 105
(154, 473) 106
(145, 474) 107
(136, 474) 108
(128, 474) 109
(121, 474) 110
(115, 475) 111
(108, 475) 112
(102, 475) 113
(97, 476) 114
(96, 476) 115
(95, 476) 116
(94, 476) 117
(95, 476) 118
(98, 476) 119
(102, 476) 120
(106, 476) 121
(110, 476) 122
(114, 476) 123
(118, 476) 124
(122, 476) 125
(125, 476) 126
(134, 477) 127
(142, 478) 128
(149, 478) 129
(155, 479) 130
(161, 480) 131
(166, 481) 132
(167, 480) 133
(166, 480) 134
(164, 480) 135
(162, 479) 136
(159, 479) 137
(156, 478) 138
(156, 478) 139
(155, 477) 140
(153, 477) 141
(152, 476) 142
(150, 475) 143
(150, 475) 144
(146, 475) 145
(142, 475) 146
(138, 475) 147
(135, 474) 148
(131, 474) 149
(122, 474) 150
(115, 474) 151
(107, 474) 152
(99, 475) 153
(95, 475) 154
(93, 476) 155
(90, 476) 156
(91, 476) 157
(93, 478) 158
(91, 479) 159
(91, 481) 160
(91, 482) 161
(92, 483) 162
(99, 485) 163
(105, 486) 164
(111, 487) 165
(115, 488) 166
(118, 489) 167
(124, 490) 168
(128, 490) 169
(132, 491) 170
(135, 491) 171
(135, 491) 172
(136, 490) 173
(136, 490) 174
(133, 490) 175
(128, 490) 176
(123, 489) 177
(120, 489) 178
(117, 489) 179
(114, 488) 180
(108, 488) 181
(103, 488) 182
(95, 487) 183
(88, 487) 184
(80, 487) 185
(73, 487) 186
(70, 487) 187
(66, 487) 188
(626, 489) 139
(626, 489) 140
(626, 489) 141
(626, 489) 142
(626, 489) 143
(626, 489) 144
(626, 489) 145
(626, 489) 146
(626, 489) 147
(626, 489) 148
(626, 489) 149
(626, 489) 150
(626, 489) 151
(621, 488) 152
(616, 488) 153
(612, 488) 154
(608, 488) 155
(605, 488) 156
(601, 488) 157
(599, 488) 158
(590, 489) 159
(582, 490) 160
(577, 492) 161
(573, 494) 162
(569, 496) 163
(565, 497) 164
(562, 499) 165
(559, 501) 166
(558, 502) 167
(556, 504) 168
(555, 505) 169
(554, 507) 170
(553, 508) 171
(549, 511) 172
(545, 513) 173
(541, 515) 174
(537, 517) 175
(535, 518) 176
(534, 520) 177
(534, 521) 178
(534, 522) 179
(534, 524) 180
(534, 525) 181
(534, 526) 182
(534, 527) 183
(534, 529) 184
(534, 530) 185
(535, 531) 186
(535, 532) 187
(533, 533) 188
(531, 535) 189
(529, 536) 190
(526, 538) 191
(524, 539) 192
(526, 540) 193
(527, 541) 194
(529, 543) 195
(530, 544) 196
(531, 545) 197
(532, 545) 198
(532, 546) 199
(532, 546) 200
(531, 546) 201
(531, 546) 202
(529, 546) 203
(527, 545) 204
(526, 545) 205
(525, 544) 206
(525, 544) 207
(525, 543) 208
(525, 542) 209
(525, 542) 210
(527, 541) 211
(888, 576) 139
(888, 576) 140
(888, 576) 141
(888, 576) 142
(888, 576) 143
(888, 576) 144
(888, 576) 145
(888, 576) 146
(888, 576) 147
(888, 576) 148
(888, 576) 149
(888, 576) 150
(888, 576) 151
(888, 576) 152
(888, 576) 153
(888, 576) 154
(888, 576) 155
(888, 576) 156
(888, 576) 157
(888, 576) 158
(886, 574) 159
(881, 574) 160
(876, 573) 161
(872, 572) 162
(869, 572) 163
(861, 571) 164
(855, 570) 165
(846, 569) 166
(845, 568) 167
(839, 567) 168
(838, 566) 169
(835, 565) 170
(832, 564) 171
(829, 563) 172
(830, 563) 173
(829, 563) 174
(829, 563) 175
(830, 563) 176
(830, 563) 177
(826, 563) 178
(818, 563) 179
(812, 563) 180
(806, 564) 181
(801, 564) 182
(796, 565) 183
(791, 565) 184
(788, 565) 185
(784, 566) 186
(780, 566) 187
(782, 566) 188
(785, 566) 189
(788, 566) 190
(791, 567) 191
(794, 567) 192
(797, 568) 193
(800, 569) 194
(800, 569) 195
(797, 570) 196
(797, 570) 197
(797, 571) 198
(799, 571) 199
(801, 571) 200
(802, 572) 201
(810, 573) 202
(810, 574) 203
(807, 574) 204
(803, 573) 205
(801, 573) 206
(798, 573) 207
(796, 574) 208
(794, 573) 209
(791, 572) 210
(788, 572) 211
(787, 571) 212
(788, 570) 213
(787, 570) 214
(783, 569) 215
(777, 568) 216
(777, 568) 217
(780, 567) 218
(791, 566) 219
(800, 566) 220
(801, 565) 221
(801, 565) 222
(801, 565) 223
(801, 564) 224
(801, 564) 225
(801, 564) 226
(801, 563) 227
(801, 563) 228
(807, 563) 229
(811, 563) 230
(815, 562) 231
(822, 562) 232
(828, 562) 233
(834, 562) 234
(838, 563) 235
(834, 563) 236
(830, 563) 237
(826, 563) 238
(823, 563) 239
(820, 564) 240
(817, 564) 241
(817, 564) 242
(821, 564) 243
(828, 565) 244
(832, 566) 245
(836, 566) 246
(839, 567) 247
(837, 567) 248
(837, 568) 249
(838, 568) 250
(848, 568) 251
(854, 568) 252
(853, 568) 253
(852, 568) 254
(851, 568) 255
(849, 568) 256
(849, 569) 257
(848, 569) 258
(850, 569) 259
(850, 569) 260
(846, 570) 261
(843, 570) 262
(842, 570) 263
(841, 570) 264
(840, 571) 265
(840, 571) 266
(839, 571) 267
(839, 571) 268
(838, 570) 269
(831, 571) 270
(825, 571) 271
(818, 570) 272
(812, 570) 273
(803, 570) 274
(796, 569) 275
(790, 569) 276
(784, 568) 277
(780, 567) 278
(224, 319) 160
(225, 319) 161
(226, 319) 162
(227, 318) 163
(229, 318) 164
(230, 318) 165
(231, 317) 166
(232, 317) 167
(233, 317) 168
(234, 316) 169
(235, 316) 170
(235, 316) 171
(236, 315) 172
(243, 314) 173
(250, 313) 174
(256, 311) 175
(263, 310) 176
(270, 308) 177
(277, 307) 178
(283, 306) 179
(290, 304) 180
(296, 303) 181
(303, 301) 182
(310, 300) 183
(322, 298) 184
(333, 297) 185
(343, 295) 186
(352, 294) 187
(362, 293) 188
(372, 292) 189
(382, 290) 190
(391, 289) 191
(401, 288) 192
(414, 288) 193
(429, 287) 194
(443, 287) 195
(457, 287) 196
(471, 287) 197
(484, 286) 198
(497, 286) 199
(509, 286) 200
(516, 286) 201
(523, 286) 202
(531, 286) 203
(539, 286) 204
(549, 286) 205
(560, 287) 206
(571, 287) 207
(581, 288) 208
(591, 288) 209
(602, 289) 210
(612, 289) 211
(621, 290) 212
(630, 290) 213
(637, 291) 214
(644, 291) 215
(650, 292) 216
(655, 292) 217
(660, 293) 218
(664, 293) 219
(668, 294) 220
(672, 294) 221
(675, 295) 222
(678, 295) 223
(681, 296) 224
(690, 296) 225
(699, 297) 226
(707, 297) 227
(715, 298) 228
(1554, 608) 162
(1554, 607) 163
(1556, 607) 164
(1557, 607) 165
(1558, 607) 166
(1560, 607) 167
(1561, 607) 168
(1562, 607) 169
(1563, 607) 170
(1563, 607) 171
(1563, 607) 172
(1560, 606) 173
(1557, 605) 174
(1554, 604) 175
(1552, 604) 176
(1550, 603) 177
(1548, 602) 178
(1547, 601) 179
(1545, 601) 180
(1543, 600) 181
(1541, 599) 182
(1539, 599) 183
(1529, 598) 184
(1521, 597) 185
(1513, 597) 186
(1506, 596) 187
(1500, 595) 188
(1494, 595) 189
(1489, 594) 190
(1485, 594) 191
(1481, 593) 192
(1477, 593) 193
(1473, 592) 194
(1470, 592) 195
(1468, 591) 196
(1465, 591) 197
(1463, 590) 198
(1454, 589) 199
(1447, 589) 200
(1442, 588) 201
(1436, 587) 202
(1432, 586) 203
(1430, 585) 204
(1428, 584) 205
(1426, 583) 206
(1424, 582) 207
(1423, 581) 208
(1423, 580) 209
(1427, 579) 210
(1432, 577) 211
(1437, 576) 212
(1443, 575) 213
(1448, 573) 214
(1453, 572) 215
(1459, 571) 216
(1461, 570) 217
(1462, 569) 218
(1463, 568) 219
(1464, 567) 220
(1465, 566) 221
(1466, 565) 222
(1466, 564) 223
(1467, 563) 224
(1468, 563) 225
(1468, 562) 226
(1469, 561) 227
(1469, 560) 228
(1469, 559) 229
(1463, 559) 230
(1458, 559) 231
(1453, 559) 232
(1446, 558) 233
(1441, 558) 234
(1436, 558) 235
(1432, 558) 236
(1429, 557) 237
(1426, 557) 238
(1423, 557) 239
(1419, 557) 240
(1408, 556) 241
(1398, 556) 242
(1388, 556) 243
(1379, 556) 244
(1371, 556) 245
(1364, 555) 246
(1357, 555) 247
(1350, 555) 248
(1344, 555) 249
(1339, 555) 250
(1334, 554) 251
(1329, 554) 252
(1317, 554) 253
(1310, 555) 254
(1304, 556) 255
(1299, 556) 256
(1294, 557) 257
(1291, 557) 258
(1294, 558) 259
(1297, 559) 260
(1300, 560) 261
(1304, 561) 262
(1308, 562) 263
(1312, 563) 264
(1317, 564) 265
(1319, 564) 266
(1320, 564) 267
(1323, 564) 268
(1332, 565) 269
(1340, 566) 270
(1348, 566) 271
(1354, 567) 272
(1360, 568) 273
(1366, 568) 274
(1371, 569) 275
(1375, 570) 276
(1379, 570) 277
(1382, 571) 278
(1386, 572) 279
(1389, 572) 280
(1391, 573) 281
(1393, 573) 282
(1392, 573) 283
(1390, 572) 284
(1389, 571) 285
(1379, 571) 286
(1372, 570) 287
(1364, 569) 288
(1347, 569) 289
(1325, 568) 290
(1306, 567) 291
(1288, 567) 292
(1272, 566) 293
(1261, 566) 294
(1252, 566) 295
(1244, 567) 296
(1238, 567) 297
(1235, 567) 298
(1231, 566) 299
(1227, 566) 300
(1223, 566) 301
(1220, 566) 302
(1217, 565) 303
(1214, 565) 304
(1212, 565) 305
(1210, 565) 306
(1208, 564) 307
(1206, 564) 308
(1204, 564) 309
(1203, 564) 310
(1203, 563) 311
(1209, 564) 312
(1217, 564) 313
(1227, 564) 314
(1236, 564) 315
(1246, 564) 316
(1256, 564) 317
(1260, 564) 318
(1265, 563) 319
(1263, 563) 320
(1261, 563) 321
(1260, 563) 322
(1254, 563) 323
(1248, 563) 324
(1245, 564) 325
(1244, 564) 326
(1244, 565) 327
(1244, 565) 328
(1249, 565) 329
(1255, 566) 330
(1261, 567) 331
(1266, 567) 332
(1270, 568) 333
(1274, 569) 334
(1278, 570) 335
(1281, 570) 336
(1284, 571) 337
(1284, 570) 338
(1285, 569) 339
(1287, 568) 340
(1286, 567) 341
(1285, 566) 342
(1286, 566) 343
(1288, 565) 344
(1289, 564) 345
(1291, 563) 346
(1292, 562) 347
(1294, 562) 348
(1295, 561) 349
(1296, 560) 350
(1297, 559) 351
(1298, 559) 352
(1298, 558) 353
(1299, 557) 354
(1300, 556) 355
(1300, 556) 356
(1300, 555) 357
(1298, 554) 358
(1296, 553) 359
(1294, 552) 360
(1292, 551) 361
(1291, 550) 362
(1289, 550) 363
(1286, 550) 364
(1282, 550) 365
(1275, 551) 366
(1269, 551) 367
(1265, 552) 368
(1262, 552) 369
(1256, 553) 370
(1251, 553) 371
(1248, 554) 372
(1244, 554) 373
(1242, 555) 374
(1239, 555) 375
(1237, 556) 376
(1235, 556) 377
(1233, 557) 378
(1231, 557) 379
(1230, 558) 380
(1229, 558) 381
(1229, 559) 382
(1232, 558) 383
(1229, 558) 384
(1226, 557) 385
(1224, 556) 386
(1221, 556) 387
(1217, 555) 388
(1213, 555) 389
(1206, 554) 390
(1199, 554) 391
(1191, 553) 392
(1184, 552) 393
(1178, 552) 394
(1173, 551) 395
(1165, 551) 396
(142, 701) 201
(142, 701) 202
(148, 701) 203
(155, 701) 204
(160, 701) 205
(165, 701) 206
(170, 700) 207
(174, 700) 208
(177, 700) 209
(181, 700) 210
(184, 700) 211
(186, 700) 212
(189, 700) 213
(191, 700) 214
(193, 700) 215
(195, 700) 216
(196, 700) 217
(198, 700) 218
(199, 700) 219
(200, 700) 220
(201, 700) 221
(202, 700) 222
(203, 700) 223
(206, 700) 224
(208, 700) 225
(211, 698) 226
(211, 698) 227
(212, 698) 228
(213, 698) 229
(219, 697) 230
(225, 696) 231
(231, 695) 232
(236, 695) 233
(240, 694) 234
(244, 693) 235
(248, 693) 236
(251, 692) 237
(254, 691) 238
(257, 691) 239
(259, 690) 240
(259, 689) 241
(255, 688) 242
(250, 687) 243
(245, 686) 244
(241, 685) 245
(237, 684) 246
(234, 683) 247
(234, 684) 248
(232, 684) 249
(228, 684) 250
(225, 685) 251
(222, 685) 252
(213, 685) 253
(208, 685) 254
(203, 685) 255
(198, 685) 256
(193, 685) 257
(189, 685) 258
(185, 685) 259
(182, 686) 260
(181, 686) 261
(181, 686) 262
(174, 686) 263
(169, 686) 264
(164, 686) 265
(153, 686) 266
(145, 685) 267
(139, 684) 268
(135, 684) 269
(130, 683) 270
(126, 683) 271
(122, 682) 272
(123, 680) 273
(125, 678) 274
(125, 676) 275
(124, 675) 276
(124, 673) 277
(123, 672) 278
(123, 671) 279
(123, 670) 280
(126, 670) 281
(128, 669) 282
(130, 669) 283
(132, 668) 284
(133, 668) 285
(134, 668) 286
(132, 669) 287
(129, 670) 288
(127, 671) 289
(124, 672) 290
(121, 673) 291
(116, 674) 292
(108, 676) 293
(100, 677) 294
(92, 678) 295
(84, 680) 296
(1137, 586) 242
(1138, 586) 243
(1140, 586) 244
(1142, 586) 245
(1146, 586) 246
(1149, 586) 247
(1151, 586) 248
(1153, 586) 249
(1157, 585) 250
(1161, 585) 251
(1165, 585) 252
(1168, 584) 253
(1171, 584) 254
(1174, 584) 255
(1176, 584) 256
(1178, 583) 257
(1180, 583) 258
(1182, 583) 259
(1183, 583) 260
(1185, 583) 261
(1186, 582) 262
(1187, 582) 263
(1188, 582) 264
(1189, 582) 265
(1190, 581) 266
(1190, 581) 267
(1191, 581) 268
(1198, 580) 269
(1202, 580) 270
(1202, 579) 271
(1203, 578) 272
(1203, 578) 273
(1203, 577) 274
(1202, 577) 275
(1202, 576) 276
(1201, 576) 277
(1197, 575) 278
(1194, 575) 279
(1190, 574) 280
(1187, 574) 281
(1185, 574) 282
(1183, 573) 283
(1180, 573) 284
(1179, 573) 285
(1177, 572) 286
(1175, 572) 287
(1174, 572) 288
(1173, 571) 289
(1172, 571) 290
(1171, 571) 291
(1170, 570) 292
(1177, 571) 293
(1183, 571) 294
(1188, 571) 295
(1193, 571) 296
(1198, 572) 297
(1202, 572) 298
(1206, 572) 299
(1209, 572) 300
(1210, 574) 301
(1560, 565) 245
(1553, 565) 246
(1553, 565) 247
(1552, 565) 248
(1552, 565) 249
(1553, 565) 250
(1559, 566) 251
(1570, 566) 252
(1575, 567) 253
(1583, 568) 254
(1591, 568) 255
(1597, 569) 256
(1605, 569) 257
(1612, 570) 258
(1618, 570) 259
(1622, 570) 260
(1626, 570) 261
(1626, 570) 262
(1622, 570) 263
(1615, 570) 264
(1608, 570) 265
(1604, 570) 266
(1599, 570) 267
(1598, 570) 268
(1596, 570) 269
(1588, 570) 270
(1581, 570) 271
(1576, 570) 272
(1571, 570) 273
(1573, 569) 274
(1573, 569) 275
(1573, 569) 276
(1574, 569) 277
(1576, 568) 278
(1578, 568) 279
(1579, 568) 280
(1581, 568) 281
(1582, 568) 282
(1583, 568) 283
(1584, 568) 284
(1585, 568) 285
(1587, 568) 286
(1589, 568) 287
(1590, 568) 288
(1590, 568) 289
(1590, 568) 290
(1592, 569) 291
(1593, 569) 292
(1594, 569) 293
(1595, 570) 294
(1595, 570) 295
(1595, 570) 296
(1595, 571) 297
(1594, 572) 298
(1592, 573) 299
(1589, 573) 300
(1591, 574) 301
(1592, 574) 302
(1593, 575) 303
(1594, 576) 304
(1595, 576) 305
(1595, 577) 306
(1596, 577) 307
(1596, 578) 308
(1597, 578) 309
(1597, 579) 310
(1597, 579) 311
(1597, 580) 312
(1591, 579) 313
(1584, 579) 314
(1577, 579) 315
(1570, 579) 316
(1564, 579) 317
(1559, 578) 318
(1554, 578) 319
(1550, 578) 320
(1546, 578) 321
(1542, 578) 322
(1539, 577) 323
(1536, 577) 324
(1527, 577) 325
(1518, 576) 326
(1511, 575) 327
(1504, 575) 328
(1498, 574) 329
(1493, 573) 330
(1482, 573) 331
(1473, 572) 332
(1470, 571) 333
(1468, 571) 334
(1467, 570) 335
(1467, 570) 336
(1468, 570) 337
(1469, 569) 338
(1470, 569) 339
(1472, 569) 340
(1474, 568) 341
(1476, 568) 342
(1477, 567) 343
(1478, 566) 344
(1478, 566) 345
(1479, 566) 346
(1479, 565) 347
(1480, 565) 348
(1481, 565) 349
(1481, 565) 350
(1481, 565) 351
(1482, 565) 352
(1487, 564) 353
(1492, 564) 354
(1496, 564) 355
(1500, 564) 356
(1504, 564) 357
(1501, 563) 358
(1499, 562) 359
(1497, 561) 360
(1495, 561) 361
(1495, 560) 362
(1498, 560) 363
(1508, 561) 364
(1516, 562) 365
(1523, 563) 366
(1530, 564) 367
(1536, 565) 368
(1542, 565) 369
(1547, 566) 370
(1552, 566) 371
(1556, 565) 372
(1559, 565) 373
(1562, 565) 374
(1563, 564) 375
(1568, 563) 376
(1572, 562) 377
(1577, 561) 378
(1579, 560) 379
(1581, 559) 380
(1583, 558) 381
(1586, 557) 382
(1596, 555) 383
(1607, 554) 384
(1617, 552) 385
(1626, 551) 386
(1637, 550) 387
(1647, 549) 388
(1660, 548) 389
(1672, 547) 390
(1684, 547) 391
(1695, 546) 392
(1706, 546) 393
(1715, 545) 394
(1723, 545) 395
(1730, 544) 396
(1745, 544) 397
(1764, 543) 398
(1781, 541) 399
(1794, 540) 400
(1807, 539) 401
(1818, 538) 402
(172, 568) 272
(172, 568) 273
(172, 568) 274
(172, 568) 275
(172, 568) 276
(172, 568) 277
(172, 568) 278
(170, 567) 279
(168, 567) 280
(168, 566) 281
(173, 566) 282
(178, 566) 283
(183, 566) 284
(192, 565) 285
(201, 563) 286
(208, 562) 287
(215, 560) 288
(218, 559) 289
(221, 558) 290
(224, 557) 291
(227, 557) 292
(229, 556) 293
(231, 555) 294
(233, 554) 295
(235, 553) 296
(236, 553) 297
(238, 552) 298
(239, 551) 299
(240, 551) 300
(241, 550) 301
(249, 549) 302
(256, 549) 303
(263, 548) 304
(268, 547) 305
(272, 547) 306
(275, 546) 307
(278, 545) 308
(280, 545) 309
(281, 544) 310
(283, 544) 311
(288, 543) 312
(293, 543) 313
(303, 542) 314
(311, 540) 315
(318, 539) 316
(325, 538) 317
(331, 536) 318
(335, 535) 319
(344, 534) 320
(353, 534) 321
(357, 532) 322
(359, 530) 323
(360, 528) 324
(360, 526) 325
(359, 525) 326
(357, 523) 327
(355, 521) 328
(352, 520) 329
(348, 518) 330
(343, 517) 331
(338, 516) 332
(332, 514) 333
(326, 513) 334
(320, 512) 335
(316, 511) 336
(313, 510) 337
(309, 509) 338
(305, 508) 339
(300, 507) 340
(295, 506) 341
(808, 537) 301
(808, 537) 302
(812, 537) 303
(816, 537) 304
(819, 537) 305
(822, 538) 306
(824, 538) 307
(826, 538) 308
(831, 538) 309
(834, 539) 310
(842, 539) 311
(845, 539) 312
(846, 539) 313
(849, 540) 314
(852, 541) 315
(856, 541) 316
(859, 542) 317
(862, 542) 318
(862, 543) 319
(864, 544) 320
(865, 545) 321
(868, 545) 322
(869, 545) 323
(871, 545) 324
(871, 546) 325
(870, 546) 326
(869, 547) 327
(867, 547) 328
(868, 547) 329
(868, 546) 330
(874, 546) 331
(872, 546) 332
(869, 545) 333
(871, 545) 334
(873, 545) 335
(875, 546) 336
(875, 546) 337
(875, 546) 338
(875, 547) 339
(876, 548) 340
(877, 548) 341
(877, 549) 342
(876, 548) 343
(871, 547) 344
(865, 547) 345
(865, 546) 346
(868, 546) 347
(872, 546) 348
(869, 546) 349
(867, 547) 350
(867, 548) 351
(867, 549) 352
(865, 549) 353
(864, 550) 354
(861, 551) 355
(858, 552) 356
(856, 553) 357
(854, 554) 358
(852, 555) 359
(850, 555) 360
(848, 556) 361
(848, 557) 362
(852, 558) 363
(856, 558) 364
(862, 559) 365
(861, 559) 366
(862, 560) 367
(862, 560) 368
(862, 560) 369
(861, 561) 370
(860, 561) 371
(859, 561) 372
(854, 562) 373
(850, 562) 374
(847, 563) 375
(845, 563) 376
(843, 562) 377
(842, 560) 378
(840, 561) 379
(841, 561) 380
(842, 563) 381
(845, 564) 382
(845, 566) 383
(844, 566) 384
(842, 566) 385
(839, 566) 386
(838, 566) 387
(838, 566) 388
(838, 565) 389
(834, 565) 390
(832, 565) 391
(829, 565) 392
(826, 565) 393
(823, 565) 394
(821, 565) 395
(821, 565) 396
(823, 564) 397
(826, 564) 398
(828, 565) 399
(828, 564) 400
(827, 564) 401
(826, 564) 402
(823, 563) 403
(822, 563) 404
(819, 562) 405
(816, 562) 406
(813, 562) 407
(810, 562) 408
(812, 562) 409
(812, 562) 410
(812, 562) 411
(815, 562) 412
(816, 562) 413
(818, 562) 414
(820, 562) 415
(821, 562) 416
(821, 562) 417
(818, 562) 418
(815, 562) 419
(815, 561) 420
(813, 560) 421
(813, 560) 422
(810, 559) 423
(812, 560) 424
(814, 560) 425
(813, 560) 426
(813, 560) 427
(815, 559) 428
(821, 559) 429
(828, 558) 430
(835, 557) 431
(835, 557) 432
(835, 556) 433
(833, 556) 434
(828, 555) 435
(824, 555) 436
(819, 554) 437
(814, 554) 438
(808, 553) 439
(803, 552) 440
(799, 552) 441
(797, 551) 442
(796, 551) 443
(797, 551) 444
(797, 550) 445
(797, 550) 446
(798, 549) 447
(802, 550) 448
(805, 549) 449
(805, 548) 450
(803, 548) 451
(805, 547) 452
(807, 546) 453
(808, 546) 454
(808, 545) 455
(809, 545) 456
(810, 545) 457
(811, 544) 458
(814, 544) 459
(819, 543) 460
(820, 543) 461
(821, 542) 462
(823, 542) 463
(824, 542) 464
(824, 542) 465
(825, 542) 466
(826, 542) 467
(827, 542) 468
(831, 542) 469
(836, 541) 470
(841, 541) 471
(842, 540) 472
(844, 540) 473
(845, 540) 474
(854, 539) 475
(861, 539) 476
(860, 538) 477
(858, 538) 478
(859, 537) 479
(863, 538) 480
(865, 538) 481
(868, 538) 482
(874, 537) 483
(877, 537) 484
(878, 536) 485
(883, 536) 486
(884, 535) 487
(884, 535) 488
(881, 535) 489
(879, 534) 490
(877, 534) 491
(875, 533) 492
(872, 534) 493
(872, 534) 494
(872, 533) 495
(872, 533) 496
(872, 532) 497
(873, 532) 498
(875, 532) 499
(875, 532) 500
(875, 532) 501
(875, 532) 502
(875, 532) 503
(875, 532) 504
(874, 532) 505
(874, 533) 506
(872, 533) 507
(869, 533) 508
(866, 534) 509
(864, 534) 510
(862, 534) 511
(860, 535) 512
(859, 535) 513
(857, 536) 514
(855, 536) 515
(855, 536) 516
(853, 537) 517
(852, 537) 518
(851, 537) 519
(851, 537) 520
(851, 537) 521
(852, 537) 522
(852, 537) 523
(852, 537) 524
(849, 537) 525
(843, 537) 526
(838, 537) 527
(833, 537) 528
(828, 537) 529
(823, 538) 530
(820, 538) 531
(823, 538) 532
(827, 538) 533
(830, 539) 534
(830, 539) 535
(831, 540) 536
(833, 540) 537
(831, 540) 538
(830, 540) 539
(829, 540) 540
(828, 540) 541
(827, 540) 542
(825, 540) 543
(824, 539) 544
(824, 539) 545
(822, 539) 546
(822, 539) 547
(822, 539) 548
(822, 540) 549
(820, 540) 550
(818, 540) 551
(818, 540) 552
(818, 540) 553
(819, 541) 554
(819, 541) 555
(819, 541) 556
(819, 541) 557
(820, 541) 558
(823, 541) 559
(826, 541) 560
(828, 541) 561
(829, 541) 562
(831, 541) 563
(832, 541) 564
(832, 541) 565
(833, 540) 566
(835, 540) 567
(835, 540) 568
(835, 540) 569
(836, 540) 570
(836, 541) 571
(835, 541) 572
(833, 541) 573
(832, 541) 574
(832, 542) 575
(832, 542) 576
(832, 542) 577
(832, 542) 578
(833, 542) 579
(836, 542) 580
(837, 541) 581
(839, 542) 582
(840, 542) 583
(842, 542) 584
(844, 542) 585
(847, 542) 586
(849, 542) 587
(850, 542) 588
(851, 543) 589
(851, 543) 590
(852, 543) 591
(851, 543) 592
(853, 544) 593
(854, 544) 594
(854, 544) 595
(858, 544) 596
(861, 544) 597
(862, 544) 598
(862, 544) 599
(861, 545) 600
(860, 545) 601
(859, 546) 602
(858, 545) 603
(861, 545) 604
(861, 545) 605
(862, 544) 606
(862, 544) 607
(861, 544) 608
(859, 545) 609
(859, 545) 610
(861, 546) 611
(861, 547) 612
(860, 547) 613
(860, 548) 614
(860, 548) 615
(860, 549) 616
(860, 549) 617
(860, 550) 618
(861, 550) 619
(861, 551) 620
(861, 552) 621
(860, 552) 622
(860, 552) 623
(860, 553) 624
(859, 553) 625
(858, 553) 626
(855, 553) 627
(853, 553) 628
(852, 554) 629
(851, 554) 630
(850, 554) 631
(848, 554) 632
(845, 554) 633
(844, 554) 634
(843, 554) 635
(842, 554) 636
(840, 554) 637
(839, 555) 638
(839, 555) 639
(840, 555) 640
(842, 555) 641
(843, 554) 642
(845, 554) 643
(845, 554) 644
(844, 554) 645
(841, 554) 646
(838, 554) 647
(838, 555) 648
(837, 555) 649
(837, 555) 650
(838, 555) 651
(838, 556) 652
(838, 556) 653
(840, 556) 654
(842, 556) 655
(843, 556) 656
(843, 556) 657
(842, 556) 658
(841, 556) 659
(841, 556) 660
(840, 556) 661
(839, 556) 662
(840, 557) 663
(847, 557) 664
(854, 557) 665
(858, 557) 666
(863, 557) 667
(865, 556) 668
(868, 556) 669
(876, 555) 670
(881, 555) 671
(881, 554) 672
(886, 554) 673
(889, 554) 674
(891, 553) 675
(893, 553) 676
(895, 553) 677
(900, 552) 678
(904, 552) 679
(905, 551) 680
(905, 551) 681
(906, 551) 682
(906, 552) 683
(905, 552) 684
(904, 553) 685
(905, 552) 686
(904, 552) 687
(899, 551) 688
(894, 551) 689
(889, 550) 690
(886, 550) 691
(883, 549) 692
(880, 549) 693
(877, 549) 694
(873, 549) 695
(869, 549) 696
(865, 548) 697
(861, 548) 698
(858, 549) 699
(855, 549) 700
(850, 549) 701
(846, 549) 702
(843, 549) 703
(840, 549) 704
(840, 549) 705
(840, 549) 706
(841, 548) 707
(843, 547) 708
(843, 547) 709
(843, 547) 710
(842, 547) 711
(841, 547) 712
(841, 547) 713
(841, 546) 714
(843, 546) 715
(845, 545) 716
(846, 544) 717
(848, 543) 718
(849, 543) 719
(850, 542) 720
(851, 541) 721
(851, 541) 722
(845, 540) 723
(842, 540) 724
(838, 540) 725
(837, 540) 726
(832, 541) 727
(828, 541) 728
(824, 542) 729
(820, 542) 730
(823, 542) 731
(825, 543) 732
(826, 543) 733
(829, 543) 734
(834, 543) 735
(838, 543) 736
(847, 543) 737
(848, 543) 738
(852, 543) 739
(856, 544) 740
(858, 544) 741
(868, 543) 742
(877, 543) 743
(877, 543) 744
(877, 543) 745
(880, 542) 746
(881, 542) 747
(882, 542) 748
(882, 542) 749
(882, 543) 750
(882, 543) 751
(886, 543) 752
(890, 542) 753
(891, 542) 754
(892, 542) 755
(891, 542) 756
(892, 542) 757
(893, 542) 758
(896, 542) 759
(896, 542) 760
(896, 542) 761
(900, 542) 762
(908, 541) 763
(915, 541) 764
(918, 540) 765
(922, 540) 766
(928, 539) 767
(930, 539) 768
(933, 539) 769
(929, 539) 770
(931, 538) 771
(934, 538) 772
(937, 538) 773
(939, 539) 774
(940, 539) 775
(944, 539) 776
(951, 538) 777
(957, 537) 778
(955, 537) 779
(954, 537) 780
(946, 536) 781
(936, 536) 782
(930, 536) 783
(925, 536) 784
(924, 536) 785
(927, 536) 786
(932, 536) 787
(934, 536) 788
(939, 537) 789
(939, 536) 790
(940, 535) 791
(940, 535) 792
(940, 534) 793
(941, 534) 794
(948, 534) 795
(954, 534) 796
(963, 534) 797
(966, 534) 798
(968, 534) 799
(970, 534) 800
(970, 535) 801
(974, 535) 802
(970, 535) 803
(966, 536) 804
(960, 536) 805
(957, 537) 806
(948, 537) 807
(946, 539) 808
(945, 539) 809
(945, 540) 810
(945, 541) 811
(943, 542) 812
(943, 543) 813
(944, 543) 814
(947, 543) 815
(950, 543) 816
(953, 544) 817
(956, 544) 818
(959, 545) 819
(962, 545) 820
(963, 546) 821
(962, 546) 822
(955, 547) 823
(948, 547) 824
(942, 547) 825
(936, 548) 826
(929, 548) 827
(924, 549) 828
(924, 549) 829
(923, 550) 830
(919, 550) 831
(916, 550) 832
(912, 551) 833
(912, 551) 834
(911, 552) 835
(908, 553) 836
(905, 554) 837
(903, 554) 838
(903, 555) 839
(904, 555) 840
(908, 554) 841
(915, 554) 842
(926, 554) 843
(930, 554) 844
(931, 555) 845
(932, 555) 846
(932, 555) 847
(932, 556) 848
(932, 556) 849
(936, 556) 850
(933, 556) 851
(933, 557) 852
(933, 557) 853
(934, 557) 854
(938, 557) 855
(942, 556) 856
(947, 556) 857
(949, 555) 858
(949, 555) 859
(947, 555) 860
(944, 556) 861
(942, 556) 862
(940, 557) 863
(936, 557) 864
(932, 558) 865
(932, 559) 866
(935, 559) 867
(939, 558) 868
(942, 558) 869
(945, 558) 870
(946, 558) 871
(946, 558) 872
(947, 559) 873
(947, 559) 874
(948, 559) 875
(949, 559) 876
(953, 559) 877
(957, 558) 878
(967, 558) 879
(977, 557) 880
(983, 556) 881
(991, 556) 882
(998, 555) 883
(998, 555) 884
(995, 555) 885
(992, 555) 886
(993, 555) 887
(995, 555) 888
(993, 554) 889
(984, 553) 890
(975, 553) 891
(972, 553) 892
(972, 553) 893
(972, 553) 894
(972, 553) 895
(972, 552) 896
(971, 551) 897
(970, 551) 898
(969, 550) 899
(969, 550) 900
(970, 550) 901
(970, 549) 902
(970, 549) 903
(970, 549) 904
(967, 549) 905
(962, 548) 906
(955, 548) 907
(951, 548) 908
(944, 548) 909
(939, 548) 910
(930, 548) 911
(922, 548) 912
(916, 548) 913
(916, 548) 914
(915, 548) 915
(913, 549) 916
(913, 549) 917
(914, 548) 918
(916, 548) 919
(918, 548) 920
(925, 547) 921
(925, 547) 922
(922, 546) 923
(922, 545) 924
(918, 546) 925
(914, 546) 926
(911, 546) 927
(908, 546) 928
(905, 546) 929
(904, 546) 930
(903, 547) 931
(903, 548) 932
(902, 548) 933
(901, 549) 934
(900, 549) 935
(899, 550) 936
(899, 550) 937
(898, 550) 938
(897, 551) 939
(896, 551) 940
(895, 552) 941
(894, 552) 942
(893, 553) 943
(892, 553) 944
(893, 554) 945
(897, 554) 946
(898, 553) 947
(898, 553) 948
(895, 553) 949
(895, 553) 950
(894, 552) 951
(895, 552) 952
(897, 551) 953
(899, 551) 954
(898, 551) 955
(894, 551) 956
(891, 551) 957
(888, 550) 958
(888, 549) 959
(891, 549) 960
(899, 548) 961
(906, 547) 962
(913, 546) 963
(912, 546) 964
(912, 546) 965
(912, 545) 966
(907, 544) 967
(902, 544) 968
(898, 544) 969
(898, 544) 970
(899, 544) 971
(901, 543) 972
(904, 543) 973
(909, 543) 974
(914, 542) 975
(919, 542) 976
(922, 542) 977
(926, 541) 978
(929, 541) 979
(932, 541) 980
(933, 541) 981
(934, 540) 982
(934, 540) 983
(933, 540) 984
(932, 539) 985
(931, 539) 986
(925, 538) 987
(919, 537) 988
(913, 537) 989
(908, 537) 990
(903, 537) 991
(900, 537) 992
(897, 536) 993
(900, 535) 994
(900, 535) 995
(897, 535) 996
(893, 535) 997
(888, 535) 998
(884, 536) 999
(880, 536) 1000
(881, 537) 1001
(881, 538) 1002
(879, 538) 1003
(880, 539) 1004
(883, 539) 1005
(887, 539) 1006
(889, 539) 1007
(891, 539) 1008
(893, 539) 1009
(901, 538) 1010
(908, 538) 1011
(915, 537) 1012
(914, 537) 1013
(914, 538) 1014
(919, 538) 1015
(922, 538) 1016
(922, 538) 1017
(924, 538) 1018
(923, 538) 1019
(921, 539) 1020
(920, 539) 1021
(920, 539) 1022
(919, 539) 1023
(918, 539) 1024
(917, 538) 1025
(916, 538) 1026
(914, 538) 1027
(912, 538) 1028
(912, 538) 1029
(914, 538) 1030
(919, 537) 1031
(920, 537) 1032
(919, 537) 1033
(916, 537) 1034
(912, 538) 1035
(908, 538) 1036
(911, 538) 1037
(909, 539) 1038
(904, 540) 1039
(904, 540) 1040
(904, 540) 1041
(905, 539) 1042
(904, 539) 1043
(904, 539) 1044
(904, 538) 1045
(901, 539) 1046
(900, 539) 1047
(899, 539) 1048
(899, 539) 1049
(903, 538) 1050
(904, 538) 1051
(910, 538) 1052
(916, 537) 1053
(921, 537) 1054
(923, 536) 1055
(925, 536) 1056
(924, 536) 1057
(922, 537) 1058
(918, 538) 1059
(915, 539) 1060
(911, 540) 1061
(908, 541) 1062
(905, 542) 1063
(903, 543) 1064
(900, 543) 1065
(898, 544) 1066
(897, 545) 1067
(895, 546) 1068
(893, 547) 1069
(892, 548) 1070
(891, 548) 1071
(890, 549) 1072
(889, 550) 1073
(888, 551) 1074
(887, 551) 1075
(887, 552) 1076
(888, 552) 1077
(895, 551) 1078
(898, 551) 1079
(901, 550) 1080
(907, 550) 1081
(916, 549) 1082
(925, 549) 1083
(927, 548) 1084
(936, 547) 1085
(944, 547) 1086
(952, 546) 1087
(952, 546) 1088
(952, 545) 1089
(952, 545) 1090
(952, 545) 1091
(953, 544) 1092
(953, 544) 1093
(953, 543) 1094
(953, 543) 1095
(953, 543) 1096
(953, 542) 1097
(953, 542) 1098
(953, 542) 1099
(948, 543) 1100
(942, 543) 1101
(938, 543) 1102
(937, 544) 1103
(938, 545) 1104
(941, 545) 1105
(941, 545) 1106
(940, 545) 1107
(936, 546) 1108
(930, 547) 1109
(925, 547) 1110
(919, 548) 1111
(919, 548) 1112
(918, 548) 1113
(917, 548) 1114
(917, 548) 1115
(917, 548) 1116
(916, 548) 1117
(913, 548) 1118
(911, 548) 1119
(908, 548) 1120
(909, 548) 1121
(916, 547) 1122
(922, 547) 1123
(928, 546) 1124
(934, 546) 1125
(939, 545) 1126
(943, 545) 1127
(947, 545) 1128
(951, 544) 1129
(954, 544) 1130
(957, 544) 1131
(960, 543) 1132
(963, 543) 1133
(966, 543) 1134
(968, 542) 1135
(971, 542) 1136
(972, 542) 1137
(974, 541) 1138
(976, 541) 1139
(978, 540) 1140
(980, 539) 1141
(981, 539) 1142
(982, 538) 1143
(983, 538) 1144
(983, 537) 1145
(983, 537) 1146
(985, 536) 1147
(985, 536) 1148
(985, 536) 1149
(984, 536) 1150
(984, 536) 1151
(985, 536) 1152
(986, 536) 1153
(985, 535) 1154
(986, 535) 1155
(986, 535) 1156
(986, 535) 1157
(986, 534) 1158
(987, 534) 1159
(986, 534) 1160
(987, 534) 1161
(987, 533) 1162
(987, 533) 1163
(988, 533) 1164
(988, 533) 1165
(989, 533) 1166
(989, 532) 1167
(989, 532) 1168
(985, 532) 1169
(981, 532) 1170
(978, 532) 1171
(975, 532) 1172
(972, 531) 1173
(974, 531) 1174
(977, 531) 1175
(976, 531) 1176
(977, 531) 1177
(978, 531) 1178
(979, 530) 1179
(976, 530) 1180
(972, 530) 1181
(969, 530) 1182
(965, 530) 1183
(965, 530) 1184
(966, 530) 1185
(969, 530) 1186
(971, 530) 1187
(973, 530) 1188
(973, 529) 1189
(972, 529) 1190
(969, 529) 1191
(966, 529) 1192
(957, 529) 1193
(948, 529) 1194
(941, 528) 1195
(934, 528) 1196
(928, 528) 1197
(923, 528) 1198
(918, 527) 1199
(913, 527) 1200
(909, 527) 1201
(906, 527) 1202
(902, 526) 1203
(899, 526) 1204
(897, 526) 1205
(894, 525) 1206
(892, 525) 1207
(890, 525) 1208
(889, 524) 1209
(887, 524) 1210
(886, 524) 1211
(884, 523) 1212
(883, 523) 1213
(882, 523) 1214
(881, 522) 1215
(880, 522) 1216
(880, 522) 1217
(886, 522) 1218
(896, 521) 1219
(902, 521) 1220
(905, 521) 1221
(910, 520) 1222
(915, 520) 1223
(920, 519) 1224
(927, 519) 1225
(928, 519) 1226
(929, 520) 1227
(930, 520) 1228
(930, 520) 1229
(933, 520) 1230
(933, 520) 1231
(934, 520) 1232
(940, 520) 1233
(946, 519) 1234
(951, 519) 1235
(955, 518) 1236
(959, 518) 1237
(962, 518) 1238
(966, 517) 1239
(969, 517) 1240
(972, 517) 1241
(975, 516) 1242
(977, 516) 1243
(979, 516) 1244
(981, 515) 1245
(983, 515) 1246
(985, 515) 1247
(986, 514) 1248
(988, 514) 1249
(989, 514) 1250
(990, 514) 1251
(991, 513) 1252
(992, 513) 1253
(993, 513) 1254
(994, 512) 1255
(995, 512) 1256
(996, 512) 1257
(997, 511) 1258
(997, 511) 1259
(998, 511) 1260
(998, 511) 1261
(999, 510) 1262
(999, 510) 1263
(999, 510) 1264
(999, 509) 1265
(999, 509) 1266
(999, 509) 1267
(999, 508) 1268
(996, 508) 1269
(998, 508) 1270
(999, 507) 1271
(999, 507) 1272
(999, 507) 1273
(998, 507) 1274
(998, 506) 1275
(998, 506) 1276
(998, 506) 1277
(999, 506) 1278
(999, 505) 1279
(999, 505) 1280
(999, 505) 1281
(999, 505) 1282
(998, 504) 1283
(997, 504) 1284
(996, 504) 1285
(995, 504) 1286
(995, 504) 1287
(994, 503) 1288
(993, 503) 1289
(992, 503) 1290
(992, 503) 1291
(991, 503) 1292
(990, 503) 1293
(989, 503) 1294
(988, 502) 1295
(988, 502) 1296
(987, 502) 1297
(987, 502) 1298
(986, 502) 1299
(985, 502) 1300
(985, 501) 1301
(984, 501) 1302
(984, 501) 1303
(984, 501) 1304
(983, 501) 1305
(983, 501) 1306
(983, 501) 1307
(983, 501) 1308
(983, 500) 1309
(983, 500) 1310
(983, 500) 1311
(983, 500) 1312
(983, 500) 1313
(983, 500) 1314
(983, 500) 1315
(982, 500) 1316
(982, 500) 1317
(982, 500) 1318
(982, 500) 1319
(982, 499) 1320
(982, 499) 1321
(983, 499) 1322
(983, 499) 1323
(983, 499) 1324
(984, 499) 1325
(984, 499) 1326
(985, 499) 1327
(986, 499) 1328
(986, 499) 1329
(987, 499) 1330
(987, 499) 1331
(987, 499) 1332
(988, 499) 1333
(988, 499) 1334
(988, 499) 1335
(989, 499) 1336
(989, 499) 1337
(989, 499) 1338
(989, 499) 1339
(989, 499) 1340
(989, 499) 1341
(989, 499) 1342
(989, 499) 1343
(989, 500) 1344
(989, 500) 1345
(989, 500) 1346
(989, 500) 1347
(989, 500) 1348
(989, 500) 1349
(989, 500) 1350
(989, 500) 1351
(989, 500) 1352
(989, 500) 1353
(988, 500) 1354
(988, 500) 1355
(988, 500) 1356
(987, 500) 1357
(987, 500) 1358
(986, 500) 1359
(986, 500) 1360
(986, 500) 1361
(985, 500) 1362
(985, 500) 1363
(984, 500) 1364
(984, 500) 1365
(983, 500) 1366
(983, 500) 1367
(982, 500) 1368
(982, 500) 1369
(981, 500) 1370
(981, 501) 1371
(981, 501) 1372
(980, 501) 1373
(980, 501) 1374
(980, 501) 1375
(979, 501) 1376
(979, 501) 1377
(979, 501) 1378
(978, 501) 1379
(978, 501) 1380
(978, 502) 1381
(977, 502) 1382
(977, 502) 1383
(977, 502) 1384
(977, 502) 1385
(977, 502) 1386
(977, 502) 1387
(977, 503) 1388
(977, 503) 1389
(977, 503) 1390
(977, 503) 1391
(977, 503) 1392
(977, 503) 1393
(978, 503) 1394
(978, 503) 1395
(978, 503) 1396
(978, 503) 1397
(978, 504) 1398
(978, 504) 1399
(978, 504) 1400
(978, 504) 1401
(978, 504) 1402
(978, 504) 1403
(978, 504) 1404
(978, 505) 1405
(978, 505) 1406
(978, 505) 1407
(978, 505) 1408
(978, 505) 1409
(978, 505) 1410
(978, 505) 1411
(978, 505) 1412
(978, 505) 1413
(978, 505) 1414
(978, 505) 1415
(978, 505) 1416
(978, 505) 1417
(978, 505) 1418
(978, 505) 1419
(978, 505) 1420
(978, 505) 1421
(978, 505) 1422
(977, 506) 1423
(977, 506) 1424
(977, 506) 1425
(977, 506) 1426
(977, 506) 1427
(977, 506) 1428
(977, 506) 1429
(977, 506) 1430
(978, 506) 1431
(978, 506) 1432
(978, 506) 1433
(979, 506) 1434
(979, 506) 1435
(980, 506) 1436
(980, 507) 1437
(981, 507) 1438
(981, 507) 1439
(981, 507) 1440
(982, 507) 1441
(982, 507) 1442
(983, 507) 1443
(983, 507) 1444
(984, 507) 1445
(984, 508) 1446
(984, 508) 1447
(985, 508) 1448
(985, 508) 1449
(986, 508) 1450
(987, 509) 1451
(987, 509) 1452
(988, 509) 1453
(988, 509) 1454
(988, 509) 1455
(989, 509) 1456
(989, 509) 1457
(990, 510) 1458
(990, 510) 1459
(990, 510) 1460
(991, 510) 1461
(991, 510) 1462
(992, 510) 1463
(992, 510) 1464
(992, 511) 1465
(992, 511) 1466
(993, 511) 1467
(993, 511) 1468
(993, 511) 1469
(993, 512) 1470
(994, 512) 1471
(994, 512) 1472
(994, 512) 1473
(994, 512) 1474
(993, 513) 1475
(993, 513) 1476
(993, 513) 1477
(993, 513) 1478
(993, 513) 1479
(993, 514) 1480
(993, 514) 1481
(993, 514) 1482
(993, 514) 1483
(993, 515) 1484
(993, 515) 1485
(992, 515) 1486
(992, 515) 1487
(992, 515) 1488
(992, 515) 1489
(992, 516) 1490
(992, 516) 1491
(992, 516) 1492
(992, 516) 1493
(992, 516) 1494
(991, 516) 1495
(991, 517) 1496
(991, 517) 1497
(991, 517) 1498
(991, 517) 1499
(992, 517) 1500
(992, 517) 1501
(992, 517) 1502
(992, 518) 1503
(992, 518) 1504
(992, 518) 1505
(992, 518) 1506
(992, 518) 1507
(992, 518) 1508
(992, 519) 1509
(992, 519) 1510
(992, 519) 1511
(993, 519) 1512
(992, 519) 1513
(992, 519) 1514
(992, 519) 1515
(992, 519) 1516
(992, 520) 1517
(992, 520) 1518
(991, 520) 1519
(991, 520) 1520
(991, 520) 1521
(991, 520) 1522
(991, 520) 1523
(991, 520) 1524
(990, 520) 1525
(990, 520) 1526
(990, 520) 1527
(990, 520) 1528
(990, 521) 1529
(990, 521) 1530
(990, 521) 1531
(990, 521) 1532
(990, 521) 1533
(991, 521) 1534
(991, 521) 1535
(991, 521) 1536
(991, 521) 1537
(991, 521) 1538
(990, 521) 1539
(990, 521) 1540
(990, 521) 1541
(990, 522) 1542
(990, 522) 1543
(990, 522) 1544
(990, 522) 1545
(990, 522) 1546
(990, 522) 1547
(989, 522) 1548
(989, 522) 1549
(989, 522) 1550
(989, 522) 1551
(987, 522) 1552
(985, 523) 1553
(986, 523) 1554
(985, 523) 1555
(984, 523) 1556
(982, 523) 1557
(981, 523) 1558
(980, 524) 1559
(979, 524) 1560
(978, 524) 1561
(977, 524) 1562
(976, 525) 1563
(976, 525) 1564
(975, 525) 1565
(974, 526) 1566
(973, 526) 1567
(973, 526) 1568
(974, 526) 1569
(974, 526) 1570
(975, 526) 1571
(976, 526) 1572
(976, 526) 1573
(977, 526) 1574
(977, 526) 1575
(977, 526) 1576
(979, 526) 1577
(980, 526) 1578
(980, 526) 1579
(981, 526) 1580
(981, 526) 1581
(981, 526) 1582
(980, 526) 1583
(980, 526) 1584
(980, 526) 1585
(979, 527) 1586
(979, 527) 1587
(979, 527) 1588
(979, 527) 1589
(979, 527) 1590
(979, 527) 1591
(978, 527) 1592
(978, 527) 1593
(977, 527) 1594
(977, 527) 1595
(976, 527) 1596
(976, 527) 1597
(976, 527) 1598
(975, 527) 1599
(975, 527) 1600
(975, 527) 1601
(975, 527) 1602
(975, 527) 1603
(975, 527) 1604
(975, 527) 1605
(975, 527) 1606
(975, 528) 1607
(975, 528) 1608
(975, 528) 1609
(975, 528) 1610
(976, 528) 1611
(976, 528) 1612
(976, 528) 1613
(976, 528) 1614
(976, 528) 1615
(975, 529) 1616
(975, 529) 1617
(974, 529) 1618
(975, 529) 1619
(974, 529) 1620
(974, 529) 1621
(974, 529) 1622
(974, 529) 1623
(973, 529) 1624
(973, 529) 1625
(973, 529) 1626
(976, 529) 1627
(978, 529) 1628
(980, 528) 1629
(980, 528) 1630
(979, 528) 1631
(979, 528) 1632
(979, 528) 1633
(979, 528) 1634
(979, 528) 1635
(979, 529) 1636
(979, 529) 1637
(979, 529) 1638
(979, 529) 1639
(978, 529) 1640
(978, 529) 1641
(979, 529) 1642
(979, 529) 1643
(980, 529) 1644
(980, 529) 1645
(980, 528) 1646
(980, 528) 1647
(981, 528) 1648
(981, 528) 1649
(981, 528) 1650
(981, 528) 1651
(981, 528) 1652
(981, 527) 1653
(980, 527) 1654
(980, 527) 1655
(980, 527) 1656
(980, 527) 1657
(979, 527) 1658
(979, 527) 1659
(979, 527) 1660
(979, 527) 1661
(979, 527) 1662
(979, 527) 1663
(979, 526) 1664
(979, 526) 1665
(979, 526) 1666
(980, 526) 1667
(979, 526) 1668
(980, 525) 1669
(980, 525) 1670
(980, 525) 1671
(980, 525) 1672
(978, 525) 1673
(979, 524) 1674
(979, 524) 1675
(979, 524) 1676
(980, 524) 1677
(980, 524) 1678
(980, 524) 1679
(981, 523) 1680
(980, 523) 1681
(980, 523) 1682
(980, 523) 1683
(980, 523) 1684
(979, 523) 1685
(979, 523) 1686
(980, 523) 1687
(980, 523) 1688
(980, 523) 1689
(980, 523) 1690
(981, 523) 1691
(980, 522) 1692
(981, 522) 1693
(981, 522) 1694
(980, 522) 1695
(980, 522) 1696
(980, 522) 1697
(980, 522) 1698
(981, 521) 1699
(980, 521) 1700
(981, 521) 1701
(981, 521) 1702
(981, 521) 1703
(981, 521) 1704
(980, 521) 1705
(980, 521) 1706
(981, 521) 1707
(980, 521) 1708
(980, 521) 1709
(980, 521) 1710
(981, 521) 1711
(982, 520) 1712
(983, 520) 1713
(984, 520) 1714
(984, 520) 1715
(985, 520) 1716
(986, 520) 1717
(986, 520) 1718
(987, 520) 1719
(987, 520) 1720
(987, 520) 1721
(987, 520) 1722
(988, 520) 1723
(988, 519) 1724
(988, 519) 1725
(988, 519) 1726
(988, 519) 1727
(988, 519) 1728
(988, 519) 1729
(988, 519) 1730
(988, 519) 1731
(988, 519) 1732
(988, 519) 1733
(988, 518) 1734
(988, 518) 1735
(988, 518) 1736
(988, 518) 1737
(988, 518) 1738
(988, 518) 1739
(988, 518) 1740
(987, 518) 1741
(987, 518) 1742
(987, 518) 1743
(987, 518) 1744
(987, 518) 1745
(986, 518) 1746
(986, 518) 1747
(986, 518) 1748
(985, 518) 1749
(985, 518) 1750
(985, 518) 1751
(985, 518) 1752
(986, 517) 1753
(986, 517) 1754
(986, 517) 1755
(986, 516) 1756
(986, 516) 1757
(986, 516) 1758
(985, 516) 1759
(986, 516) 1760
(988, 516) 1761
(987, 516) 1762
(985, 516) 1763
(983, 516) 1764
(980, 517) 1765
(978, 517) 1766
(979, 517) 1767
(979, 517) 1768
(980, 517) 1769
(980, 517) 1770
(980, 517) 1771
(980, 517) 1772
(981, 516) 1773
(981, 516) 1774
(981, 516) 1775
(982, 516) 1776
(982, 517) 1777
(63, 682) 320
(69, 682) 321
(74, 683) 322
(84, 684) 323
(89, 684) 324
(99, 685) 325
(107, 686) 326
(116, 687) 327
(123, 688) 328
(129, 689) 329
(135, 690) 330
(140, 691) 331
(145, 692) 332
(149, 693) 333
(153, 694) 334
(156, 695) 335
(156, 696) 336
(155, 696) 337
(156, 696) 338
(151, 696) 339
(154, 696) 340
(156, 697) 341
(157, 697) 342
(159, 697) 343
(162, 698) 344
(163, 698) 345
(165, 698) 346
(164, 698) 347
(163, 698) 348
(163, 698) 349
(162, 698) 350
(155, 697) 351
(149, 697) 352
(137, 696) 353
(127, 694) 354
(118, 693) 355
(110, 691) 356
(103, 690) 357
(96, 689) 358
(90, 687) 359
(85, 686) 360
(80, 685) 361
(75, 684) 362
(72, 682) 363
(68, 681) 364
(65, 680) 365
(62, 679) 366
(59, 678) 367
(59, 677) 368
(59, 677) 369
(61, 677) 370
(66, 677) 371
(70, 677) 372
(74, 677) 373
(82, 677) 374
(88, 676) 375
(94, 675) 376
(102, 674) 377
(109, 673) 378
(115, 672) 379
(121, 671) 380
(126, 670) 381
(130, 669) 382
(134, 668) 383
(138, 668) 384
(141, 667) 385
(144, 666) 386
(147, 665) 387
(150, 664) 388
(152, 663) 389
(156, 663) 390
(160, 663) 391
(165, 663) 392
(170, 663) 393
(174, 663) 394
(179, 663) 395
(182, 663) 396
(186, 663) 397
(189, 662) 398
(193, 663) 399
(197, 663) 400
(203, 664) 401
(153, 469) 342
(150, 468) 343
(147, 468) 344
(143, 468) 345
(138, 468) 346
(132, 469) 347
(126, 469) 348
(122, 469) 349
(118, 469) 350
(114, 469) 351
(110, 469) 352
(106, 469) 353
(102, 469) 354
(98, 469) 355
(93, 470) 356
(88, 470) 357
(84, 470) 358
(79, 470) 359
(74, 470) 360
(69, 471) 361
(65, 471) 362
(60, 471) 363
(56, 471) 364
(53, 471) 365
(49, 471) 366
(46, 472) 367
(48, 472) 368
(54, 472) 369
(61, 471) 370
(67, 471) 371
(74, 471) 372
(79, 471) 373
(85, 471) 374
(90, 471) 375
(95, 471) 376
(99, 471) 377
(99, 471) 378
(98, 471) 379
(98, 471) 380
(98, 471) 381
(97, 471) 382
(97, 471) 383
(95, 472) 384
(94, 472) 385
(92, 472) 386
(92, 473) 387
(91, 474) 388
(92, 475) 389
(92, 476) 390
(92, 477) 391
(92, 477) 392
(95, 477) 393
(97, 477) 394
(99, 477) 395
(101, 477) 396
(103, 477) 397
(105, 478) 398
(110, 478) 399
(118, 478) 400
(126, 478) 401
(127, 478) 402
(125, 478) 403
(123, 478) 404
(122, 478) 405
(121, 478) 406
(119, 477) 407
(118, 477) 408
(116, 477) 409
(113, 477) 410
(112, 477) 411
(110, 476) 412
(108, 476) 413
(107, 476) 414
(105, 475) 415
(104, 475) 416
(101, 475) 417
(98, 474) 418
(94, 475) 419
(91, 475) 420
(87, 476) 421
(83, 477) 422
(79, 478) 423
(75, 478) 424
(74, 479) 425
(74, 480) 426
(80, 481) 427
(88, 481) 428
(95, 481) 429
(101, 481) 430
(107, 481) 431
(112, 481) 432
(117, 482) 433
(121, 482) 434
(125, 482) 435
(128, 482) 436
(131, 482) 437
(134, 482) 438
(136, 482) 439
(139, 482) 440
(141, 483) 441
(142, 483) 442
(144, 483) 443
(153, 483) 444
(162, 483) 445
(168, 482) 446
(174, 482) 447
(180, 482) 448
(184, 482) 449
(186, 481) 450
(188, 481) 451
(190, 480) 452
(190, 480) 453
(189, 479) 454
(188, 479) 455
(184, 479) 456
(181, 480) 457
(177, 481) 458
(174, 481) 459
(171, 482) 460
(168, 482) 461
(165, 483) 462
(162, 484) 463
(163, 483) 464
(169, 483) 465
(181, 482) 466
(191, 482) 467
(201, 481) 468
(209, 481) 469
(217, 480) 470
(224, 480) 471
(1222, 540) 414
(1221, 539) 415
(1221, 539) 416
(1220, 539) 417
(1220, 539) 418
(1224, 539) 419
(1226, 539) 420
(1228, 539) 421
(1229, 540) 422
(1230, 540) 423
(1232, 540) 424
(1236, 541) 425
(1240, 541) 426
(1242, 542) 427
(1243, 542) 428
(1244, 543) 429
(1245, 544) 430
(1246, 544) 431
(1247, 545) 432
(1248, 545) 433
(1249, 546) 434
(1255, 545) 435
(1259, 545) 436
(1262, 545) 437
(1263, 544) 438
(1265, 543) 439
(1268, 542) 440
(1268, 542) 441
(1262, 542) 442
(1256, 542) 443
(1249, 542) 444
(1243, 542) 445
(1237, 542) 446
(1232, 542) 447
(1227, 542) 448
(1225, 541) 449
(1224, 541) 450
(1223, 541) 451
(1223, 541) 452
(1220, 540) 453
(1217, 539) 454
(1210, 539) 455
(1203, 538) 456
(1196, 537) 457
(1190, 537) 458
(1185, 536) 459
(1180, 536) 460
(1180, 535) 461
(1180, 534) 462
(1181, 532) 463
(1182, 531) 464
(1184, 530) 465
(1185, 529) 466
(1186, 528) 467
(1186, 527) 468
(1187, 526) 469
(1187, 525) 470
(1188, 524) 471
(1188, 523) 472
(1189, 522) 473
(1189, 521) 474
(1189, 520) 475
(1190, 519) 476
(1190, 518) 477
(1190, 517) 478
(1192, 518) 479
(1194, 518) 480
(1196, 518) 481
(1199, 518) 482
(1201, 518) 483
(1205, 518) 484
(1209, 518) 485
(1312, 549) 713
(1313, 549) 714
(1314, 549) 715
(1317, 549) 716
(1321, 549) 717
(1324, 549) 718
(1328, 549) 719
(1332, 549) 720
(1335, 549) 721
(1333, 548) 722
(1331, 548) 723
(1330, 547) 724
(1329, 547) 725
(1328, 546) 726
(1328, 546) 727
(1327, 545) 728
(1326, 545) 729
(1326, 544) 730
(1326, 544) 731
(1327, 543) 732
(1327, 543) 733
(1325, 542) 734
(1320, 541) 735
(1314, 540) 736
(1308, 539) 737
(1296, 538) 738
(1284, 537) 739
(1270, 537) 740
(1261, 536) 741
(1253, 535) 742
(1247, 534) 743
(1238, 534) 744
(1230, 533) 745
(1223, 533) 746
(1217, 533) 747
(1212, 534) 748
(1207, 534) 749
(1202, 534) 750
(1198, 535) 751
(1195, 535) 752
(1191, 535) 753
(1188, 536) 754
(1186, 536) 755
(1183, 536) 756
(1180, 536) 757
(1176, 536) 758
(1173, 536) 759
(1170, 536) 760
(1168, 536) 761
(1165, 536) 762
(1163, 536) 763
(1161, 536) 764
(1160, 536) 765
(1158, 535) 766
(1157, 535) 767
(1156, 535) 768
(1156, 535) 769
(1156, 536) 770
(1158, 536) 771
(1160, 536) 772
(1161, 537) 773
(1162, 537) 774
(1164, 537) 775
(1165, 538) 776
(1166, 538) 777
(1166, 538) 778
(1167, 539) 779
(1167, 538) 780
(1167, 538) 781
(1168, 538) 782
(1174, 538) 783
(1180, 538) 784
(1186, 538) 785
(1192, 538) 786
(1197, 538) 787
(1201, 539) 788
(1205, 539) 789
(1209, 539) 790
(1214, 539) 791
(1220, 539) 792
(1225, 539) 793
(1229, 539) 794
(1233, 539) 795
(1237, 539) 796
(1240, 539) 797
(1243, 539) 798
(1245, 539) 799
(1247, 539) 800
(1249, 539) 801
(1251, 539) 802
(1256, 539) 803
(1260, 538) 804
(1260, 538) 805
(1260, 537) 806
(1259, 537) 807
(1259, 536) 808
(1258, 536) 809
(1258, 535) 810
(1258, 535) 811
(1257, 534) 812
(1257, 534) 813
(1257, 533) 814
(1257, 533) 815
(1256, 532) 816
(1256, 532) 817
(1256, 532) 818
(1256, 531) 819
(1256, 531) 820
(1256, 530) 821
(1255, 530) 822
(1251, 530) 823
(1247, 530) 824
(1240, 531) 825
(1236, 531) 826
(1233, 531) 827
(1231, 531) 828
(1228, 531) 829
(1229, 531) 830
(1228, 531) 831
(1227, 530) 832
(1226, 530) 833
(1488, 443) 747
(1487, 443) 748
(1486, 443) 749
(1485, 443) 750
(1484, 444) 751
(1483, 444) 752
(1483, 444) 753
(1483, 445) 754
(1483, 445) 755
(1481, 446) 756
(1480, 447) 757
(1479, 447) 758
(1478, 448) 759
(1478, 448) 760
(1478, 449) 761
(1478, 449) 762
(1478, 450) 763
(1478, 450) 764
(1478, 450) 765
(1478, 451) 766
(1484, 451) 767
(1489, 452) 768
(1494, 452) 769
(1500, 453) 770
(1505, 453) 771
(1510, 454) 772
(1514, 454) 773
(1518, 455) 774
(1521, 455) 775
(1525, 455) 776
(1527, 456) 777
(1530, 456) 778
(1538, 457) 779
(1546, 458) 780
(1553, 459) 781
(1559, 460) 782
(1565, 460) 783
(1571, 461) 784
(1581, 462) 785
(1590, 464) 786
(1599, 465) 787
(1607, 466) 788
(1615, 467) 789
(1622, 468) 790
(1628, 469) 791
(1634, 470) 792
(1638, 471) 793
(1643, 473) 794
(1647, 474) 795
(1650, 475) 796
(1653, 476) 797
(1656, 477) 798
(1658, 478) 799
(1661, 479) 800
(1663, 480) 801
(1665, 481) 802
(1666, 482) 803
(1668, 483) 804
(1669, 484) 805
(1670, 485) 806
(1671, 486) 807
(1671, 487) 808
(1670, 488) 809
(1669, 490) 810
(1667, 491) 811
(1663, 492) 812
(1664, 493) 813
(1665, 494) 814
(1669, 494) 815
(1674, 495) 816
(1679, 495) 817
(1684, 495) 818
(1686, 496) 819
(1690, 496) 820
(1701, 497) 821
(1715, 497) 822
(1726, 498) 823
(1737, 498) 824
(1747, 499) 825
(1755, 500) 826
(1763, 500) 827
(1770, 501) 828
(1776, 501) 829
(1788, 501) 830
(602, 538) 797
(603, 537) 798
(603, 536) 799
(603, 536) 800
(602, 535) 801
(600, 535) 802
(596, 534) 803
(593, 532) 804
(590, 532) 805
(587, 532) 806
(585, 531) 807
(583, 531) 808
(581, 531) 809
(578, 531) 810
(576, 530) 811
(575, 530) 812
(573, 530) 813
(571, 529) 814
(569, 529) 815
(567, 529) 816
(565, 529) 817
(564, 529) 818
(562, 528) 819
(562, 528) 820
(561, 528) 821
(561, 528) 822
(560, 528) 823
(559, 528) 824
(557, 528) 825
(556, 528) 826
(555, 528) 827
(554, 527) 828
(553, 527) 829
(552, 527) 830
(550, 527) 831
(550, 527) 832
(552, 527) 833
(554, 527) 834
(555, 528) 835
(555, 528) 836
(551, 528) 837
(546, 528) 838
(541, 528) 839
(537, 528) 840
(534, 528) 841
(530, 528) 842
(527, 528) 843
(524, 528) 844
(522, 529) 845
(520, 529) 846
(518, 529) 847
(516, 529) 848
(514, 529) 849
(507, 529) 850
(500, 529) 851
(494, 528) 852
(489, 528) 853
(486, 528) 854
(488, 528) 855
(490, 529) 856
(495, 529) 857
(498, 530) 858
(502, 531) 859
(506, 532) 860
(506, 532) 861
(505, 534) 862
(495, 535) 863
(486, 536) 864
(477, 536) 865
(467, 537) 866
(461, 538) 867
(454, 539) 868
(447, 540) 869
(441, 540) 870
(435, 541) 871
(430, 542) 872
(426, 542) 873
(422, 543) 874
(418, 543) 875
(415, 544) 876
(412, 545) 877
(409, 545) 878
(400, 545) 879
(392, 545) 880
(385, 545) 881
(380, 545) 882
(375, 545) 883
(379, 544) 884
(380, 544) 885
(378, 543) 886
(375, 542) 887
(371, 541) 888
(368, 541) 889
(364, 540) 890
(362, 540) 891
(359, 540) 892
(357, 539) 893
(354, 539) 894
(353, 539) 895
(351, 538) 896
(349, 538) 897
(348, 537) 898
(347, 537) 899
(346, 537) 900
(345, 536) 901
(345, 536) 902
(349, 536) 903
(353, 535) 904
(356, 535) 905
(358, 534) 906
(361, 533) 907
(363, 533) 908
(363, 532) 909
(364, 532) 910
(359, 531) 911
(353, 531) 912
(348, 530) 913
(258, 537) 848
(256, 537) 849
(254, 537) 850
(249, 539) 851
(244, 541) 852
(238, 542) 853
(233, 544) 854
(229, 546) 855
(224, 548) 856
(218, 549) 857
(214, 549) 858
(209, 548) 859
(204, 548) 860
(199, 548) 861
(195, 547) 862
(190, 547) 863
(186, 547) 864
(182, 547) 865
(181, 545) 866
(175, 544) 867
(169, 543) 868
(164, 541) 869
(158, 540) 870
(154, 539) 871
(149, 537) 872
(146, 536) 873
(142, 535) 874
(139, 533) 875
(136, 532) 876
(133, 531) 877
(133, 530) 878
(133, 528) 879
(136, 527) 880
(138, 526) 881
(140, 525) 882
(141, 523) 883
(143, 522) 884
(145, 522) 885
(147, 521) 886
(149, 520) 887
(150, 520) 888
(151, 519) 889
(153, 518) 890
(154, 518) 891
(155, 517) 892
(155, 516) 893
(153, 516) 894
(149, 515) 895
(145, 515) 896
(143, 514) 897
(143, 515) 898
(144, 516) 899
(143, 516) 900
(144, 516) 901
(144, 517) 902
(147, 518) 903
(150, 520) 904
(152, 521) 905
(155, 520) 906
(157, 520) 907
(160, 519) 908
(161, 517) 909
(163, 515) 910
(165, 513) 911
(166, 511) 912
(167, 509) 913
(1028, 538) 1181
(1028, 538) 1182
(1028, 538) 1183
(1028, 538) 1184
(1028, 538) 1185
(1028, 538) 1186
(1028, 538) 1187
(1028, 538) 1188
(1028, 538) 1189
(1028, 538) 1190
(1028, 538) 1191
(1028, 538) 1192
(1028, 538) 1193
(1028, 538) 1194
(1028, 538) 1195
(1028, 538) 1196
(1024, 538) 1197
(1021, 537) 1198
(1018, 537) 1199
(1012, 537) 1200
(1007, 536) 1201
(1002, 536) 1202
(998, 535) 1203
(994, 535) 1204
(991, 534) 1205
(992, 534) 1206
(992, 533) 1207
(993, 533) 1208
(992, 532) 1209
(992, 532) 1210
(992, 531) 1211
(992, 531) 1212
(991, 531) 1213
(991, 530) 1214
(991, 530) 1215
(991, 529) 1216
(991, 529) 1217
(991, 528) 1218
(991, 528) 1219
(991, 527) 1220
(991, 527) 1221
(992, 526) 1222
(992, 526) 1223
(992, 525) 1224
(992, 525) 1225
(992, 524) 1226
(992, 524) 1227
(992, 524) 1228
(992, 523) 1229
(992, 523) 1230
(992, 522) 1231
(992, 522) 1232
(992, 521) 1233
(992, 521) 1234
(984, 521) 1235
(977, 521) 1236
(971, 521) 1237
(965, 521) 1238
(960, 521) 1239
(955, 521) 1240
(951, 521) 1241
(947, 522) 1242
(944, 522) 1243
(941, 522) 1244
(938, 522) 1245
(935, 522) 1246
(926, 522) 1247
(917, 522) 1248
