(755, 428) 20
(753, 429) 21
(751, 429) 22
(749, 429) 23
(744, 430) 24
(741, 430) 25
(736, 431) 26
(729, 431) 27
(726, 431) 28
(723, 433) 29
(721, 433) 30
(717, 434) 31
(712, 434) 32
(705, 436) 33
(697, 436) 34
(689, 437) 35
(682, 438) 36
(676, 439) 37
(670, 440) 38
(661, 441) 39
(652, 441) 40
(644, 441) 41
(635, 441) 42
(635, 442) 43
(636, 443) 44
(643, 445) 45
(649, 446) 46
(648, 448) 47
(647, 450) 48
(647, 452) 49
(646, 454) 50
(646, 455) 51
(650, 457) 52
(654, 458) 53
(657, 460) 54
(660, 461) 55
(663, 462) 56
(667, 462) 57
(669, 463) 58
(671, 463) 59
(671, 463) 60
(671, 463) 61
(670, 462) 62
(670, 462) 63
(670, 462) 64
(670, 462) 65
(670, 462) 66
(670, 461) 67
(669, 461) 68
(669, 461) 69
(669, 461) 70
(669, 461) 71
(669, 460) 72
(669, 460) 73
(669, 460) 74
(665, 459) 75
(661, 458) 76
(655, 457) 77
(650, 456) 78
(646, 455) 79
(642, 454) 80
(638, 453) 81
(635, 452) 82
(626, 452) 83
(618, 451) 84
(611, 451) 85
(605, 451) 86
(600, 451) 87
(598, 450) 88
(589, 450) 89
(580, 449) 90
(571, 450) 91
(564, 451) 92
(557, 452) 93
(551, 453) 94
(545, 454) 95
(541, 455) 96
(536, 456) 97
(532, 457) 98
(528, 458) 99
(525, 458) 100
(522, 459) 101
(520, 460) 102
(517, 461) 103
(515, 462) 104
(513, 462) 105
(512, 463) 106
(510, 464) 107
(504, 466) 108
(498, 468) 109
(492, 471) 110
(484, 472) 111
(477, 474) 112
(471, 476) 113
(464, 479) 114
(460, 482) 115
(454, 484) 116
(448, 486) 117
(443, 489) 118
(437, 490) 119
(427, 491) 120
(419, 493) 121
(414, 494) 122
(409, 495) 123
(408, 496) 124
(404, 497) 125
(401, 498) 126
(399, 499) 127
(393, 498) 128
(134, 452) 47
(128, 451) 48
(122, 450) 49
(117, 449) 50
(111, 449) 51
(103, 448) 52
(96, 448) 53
(89, 448) 54
(80, 447) 55
(71, 447) 56
(62, 446) 57
(55, 446) 58
(49, 445) 59
(44, 445) 60
(44, 445) 61
(41, 444) 62
(34, 444) 63
(27, 444) 64
(21, 444) 65
(21, 444) 66
(1929, 444) 67
(1926, 444) 68
(1922, 445) 69
(1919, 445) 70
(1916, 445) 71
(1913, 445) 72
(1911, 445) 73
(1911, 446) 74
(1915, 446) 75
(1922, 446) 76
(1922, 445) 77
(11, 446) 78
(15, 446) 79
(19, 446) 80
(22, 446) 81
(25, 446) 82
(28, 446) 83
(30, 446) 84
(33, 447) 85
(35, 447) 86
(35, 447) 87
(34, 447) 88
(31, 447) 89
(31, 447) 90
(35, 447) 91
(35, 447) 92
(35, 447) 93
(39, 446) 94
(41, 447) 95
(43, 447) 96
(45, 447) 97
(50, 448) 98
(53, 448) 99
(57, 448) 100
(60, 449) 101
(62, 449) 102
(66, 450) 103
(71, 450) 104
(74, 450) 105
(77, 450) 106
(80, 450) 107
(82, 450) 108
(86, 450) 109
(96, 449) 110
(101, 450) 111
(105, 450) 112
(104, 451) 113
(104, 452) 114
(101, 452) 115
(99, 452) 116
(96, 452) 117
(93, 453) 118
(91, 453) 119
(89, 454) 120
(88, 454) 121
(88, 454) 122
(88, 454) 123
(87, 455) 124
(85, 456) 125
(82, 457) 126
(80, 458) 127
(78, 459) 128
(76, 460) 129
(74, 461) 130
(73, 462) 131
(71, 463) 132
(70, 464) 133
(70, 465) 134
(71, 465) 135
(72, 465) 136
(73, 465) 137
(73, 464) 138
(74, 464) 139
(74, 464) 140
(77, 465) 141
(81, 467) 142
(85, 468) 143
(88, 469) 144
(90, 469) 145
(93, 470) 146
(95, 471) 147
(99, 472) 148
(97, 472) 149
(97, 472) 150
(100, 472) 151
(104, 473) 152
(105, 474) 153
(105, 475) 154
(110, 475) 155
(113, 476) 156
(116, 476) 157
(118, 477) 158
(119, 477) 159
(119, 477) 160
(120, 477) 161
(120, 477) 162
(121, 477) 163
(121, 477) 164
(121, 477) 165
(122, 477) 166
(122, 477) 167
(122, 477) 168
(127, 477) 169
(136, 477) 170
(142, 475) 171
(142, 474) 172
(138, 471) 173
(134, 469) 174
(133, 468) 175
(139, 467) 176
(144, 465) 177
(149, 464) 178
(154, 463) 179
(158, 462) 180
(161, 461) 181
(163, 460) 182
(166, 459) 183
(168, 457) 184
(170, 456) 185
(171, 455) 186
(173, 454) 187
(174, 453) 188
(175, 451) 189
(176, 451) 190
(178, 451) 191
(187, 452) 192
(195, 452) 193
(202, 453) 194
(209, 453) 195
(215, 454) 196
(220, 454) 197
(225, 455) 198
(229, 455) 199
(233, 455) 200
(237, 456) 201
(240, 456) 202
(243, 457) 203
(245, 457) 204
(248, 458) 205
(250, 458) 206
(252, 458) 207
(253, 459) 208
(255, 459) 209
(264, 460) 210
(273, 460) 211
(273, 462) 212
(271, 463) 213
(267, 465) 214
(265, 466) 215
(263, 467) 216
(261, 468) 217
(260, 469) 218
(258, 470) 219
(257, 472) 220
(255, 473) 221
(249, 474) 222
(242, 474) 223
(235, 475) 224
(535, 302) 120
(534, 302) 121
(531, 303) 122
(528, 304) 123
(525, 304) 124
(525, 305) 125
(525, 305) 126
(526, 305) 127
(522, 306) 128
(519, 306) 129
(513, 307) 130
(508, 309) 131
(503, 310) 132
(499, 312) 133
(495, 313) 134
(492, 314) 135
(489, 316) 136
(486, 317) 137
(484, 318) 138
(482, 319) 139
(480, 321) 140
(478, 322) 141
(476, 323) 142
(475, 324) 143
(475, 325) 144
(475, 326) 145
(474, 327) 146
(473, 327) 147
(469, 329) 148
(464, 330) 149
(458, 330) 150
(458, 331) 151
(454, 331) 152
(447, 332) 153
(441, 332) 154
(443, 333) 155
(447, 333) 156
(450, 333) 157
(452, 333) 158
(455, 333) 159
(457, 333) 160
(459, 333) 161
(461, 333) 162
(462, 333) 163
(464, 333) 164
(465, 333) 165
(466, 333) 166
(467, 333) 167
(467, 332) 168
(464, 332) 169
(463, 331) 170
(461, 330) 171
(458, 330) 172
(458, 329) 173
(459, 328) 174
(459, 328) 175
(460, 327) 176
(460, 327) 177
(460, 326) 178
(460, 326) 179
(461, 326) 180
(463, 326) 181
(464, 325) 182
(467, 325) 183
(470, 325) 184
(473, 325) 185
(476, 325) 186
(475, 325) 187
(478, 326) 188
(693, 512) 121
(693, 512) 122
(693, 512) 123
(693, 512) 124
(693, 512) 125
(693, 512) 126
(693, 512) 127
(693, 512) 128
(693, 512) 129
(693, 512) 130
(693, 512) 131
(693, 512) 132
(693, 512) 133
(693, 512) 134
(699, 512) 135
(703, 512) 136
(707, 512) 137
(715, 513) 138
(730, 513) 139
(741, 512) 140
(744, 513) 141
(747, 513) 142
(750, 513) 143
(754, 514) 144
(758, 514) 145
(763, 514) 146
(766, 515) 147
(770, 515) 148
(773, 515) 149
(776, 516) 150
(786, 516) 151
(792, 515) 152
(791, 515) 153
(791, 516) 154
(798, 517) 155
(808, 517) 156
(815, 517) 157
(814, 517) 158
(817, 517) 159
(820, 517) 160
(821, 518) 161
(823, 518) 162
(826, 518) 163
(825, 518) 164
(825, 517) 165
(825, 516) 166
(825, 515) 167
(825, 514) 168
(825, 513) 169
(826, 513) 170
(829, 512) 171
(832, 512) 172
(836, 512) 173
(839, 511) 174
(841, 511) 175
(845, 510) 176
(848, 510) 177
(852, 510) 178
(854, 509) 179
(856, 509) 180
(858, 508) 181
(859, 508) 182
(863, 508) 183
(868, 507) 184
(871, 507) 185
(874, 507) 186
(876, 506) 187
(879, 507) 188
(886, 507) 189
(890, 507) 190
(895, 506) 191
(900, 505) 192
(899, 505) 193
(902, 504) 194
(906, 504) 195
(912, 503) 196
(918, 503) 197
(920, 503) 198
(921, 502) 199
(924, 502) 200
(925, 502) 201
(923, 502) 202
(921, 502) 203
(919, 502) 204
(921, 503) 205
(922, 504) 206
(924, 505) 207
(925, 506) 208
(928, 506) 209
(929, 507) 210
(936, 507) 211
(935, 508) 212
(933, 509) 213
(932, 509) 214
(930, 510) 215
(929, 511) 216
(925, 511) 217
(923, 510) 218
(917, 510) 219
(917, 511) 220
(916, 511) 221
(916, 511) 222
(915, 511) 223
(913, 510) 224
(910, 509) 225
(907, 508) 226
(904, 507) 227
(901, 506) 228
(901, 506) 229
(899, 505) 230
(896, 505) 231
(892, 505) 232
(893, 505) 233
(893, 506) 234
(894, 506) 235
(894, 506) 236
(894, 507) 237
(894, 506) 238
(893, 505) 239
(892, 504) 240
(890, 503) 241
(890, 504) 242
(889, 505) 243
(888, 507) 244
(884, 509) 245
(880, 511) 246
(880, 512) 247
(889, 513) 248
(891, 514) 249
(893, 516) 250
(893, 517) 251
(894, 519) 252
(894, 520) 253
(894, 521) 254
(894, 523) 255
(895, 523) 256
(894, 523) 257
(893, 523) 258
(893, 523) 259
(898, 524) 260
(910, 524) 261
(921, 524) 262
(931, 524) 263
(940, 525) 264
(950, 526) 265
(960, 528) 266
(969, 529) 267
(983, 531) 268
(996, 532) 269
(1007, 534) 270
(1017, 535) 271
(1026, 536) 272
(1037, 538) 273
(1043, 541) 274
(1050, 544) 275
(1055, 547) 276
(1060, 550) 277
(1065, 552) 278
(1069, 554) 279
(1073, 557) 280
(1076, 559) 281
(1079, 561) 282
(1082, 564) 283
(1084, 566) 284
(1086, 568) 285
(1088, 570) 286
(1090, 572) 287
(1097, 573) 288
(1104, 575) 289
(1110, 576) 290
(1115, 577) 291
(1120, 579) 292
(1124, 580) 293
(1128, 581) 294
(1131, 582) 295
(1135, 583) 296
(1131, 584) 297
(1128, 585) 298
(1126, 586) 299
(1123, 587) 300
(1121, 588) 301
(1119, 589) 302
(1117, 590) 303
(1117, 590) 304
(1117, 589) 305
(1117, 589) 306
(1117, 588) 307
(1117, 587) 308
(1117, 587) 309
(1117, 586) 310
(1117, 586) 311
(1117, 585) 312
(1110, 585) 313
(1103, 586) 314
(1098, 586) 315
(1092, 586) 316
(1088, 586) 317
(1084, 586) 318
(1076, 588) 319
(1068, 589) 320
(1061, 590) 321
(1055, 592) 322
(1051, 592) 323
(1048, 593) 324
(1045, 594) 325
(1043, 595) 326
(1043, 595) 327
(1043, 596) 328
(1038, 597) 329
(1033, 599) 330
(1029, 600) 331
(1019, 601) 332
(1009, 602) 333
(998, 603) 334
(991, 604) 335
(979, 606) 336
(973, 607) 337
(962, 608) 338
(951, 610) 339
(944, 611) 340
(937, 612) 341
(932, 612) 342
(927, 613) 343
(923, 614) 344
(919, 615) 345
(915, 616) 346
(912, 616) 347
(909, 617) 348
(907, 618) 349
(905, 618) 350
(903, 619) 351
(902, 620) 352
(902, 620) 353
(902, 621) 354
(902, 622) 355
(902, 622) 356
(902, 623) 357
(904, 624) 358
(905, 625) 359
(907, 626) 360
(908, 627) 361
(910, 628) 362
(911, 629) 363
(912, 629) 364
(914, 630) 365
(915, 631) 366
(922, 632) 367
(929, 633) 368
(935, 633) 369
(940, 634) 370
(945, 635) 371
(950, 635) 372
(954, 636) 373
(957, 637) 374
(960, 637) 375
(963, 638) 376
(966, 639) 377
(969, 640) 378
(971, 640) 379
(980, 641) 380
(981, 642) 381
(983, 642) 382
(213, 701) 127
(214, 701) 128
(215, 700) 129
(213, 699) 130
(212, 698) 131
(210, 696) 132
(209, 695) 133
(205, 693) 134
(201, 691) 135
(198, 690) 136
(195, 688) 137
(195, 687) 138
(195, 685) 139
(195, 684) 140
(195, 683) 141
(195, 682) 142
(190, 682) 143
(183, 683) 144
(176, 684) 145
(169, 686) 146
(163, 688) 147
(157, 689) 148
(152, 691) 149
(146, 692) 150
(141, 694) 151
(136, 695) 152
(131, 697) 153
(126, 698) 154
(121, 700) 155
(118, 701) 156
(114, 703) 157
(111, 704) 158
(111, 705) 159
(112, 705) 160
(116, 706) 161
(122, 705) 162
(127, 705) 163
(132, 705) 164
(136, 705) 165
(140, 705) 166
(143, 705) 167
(146, 705) 168
(149, 705) 169
(152, 705) 170
(154, 705) 171
(156, 705) 172
(158, 705) 173
(160, 705) 174
(161, 705) 175
(162, 705) 176
(164, 704) 177
(165, 704) 178
(166, 704) 179
(166, 704) 180
(159, 704) 181
(146, 703) 182
(133, 703) 183
(123, 702) 184
(116, 702) 185
(111, 702) 186
(106, 702) 187
(101, 702) 188
(97, 703) 189
(95, 702) 190
(93, 702) 191
(91, 702) 192
(90, 702) 193
(88, 702) 194
(87, 702) 195
(86, 702) 196
(85, 702) 197
(84, 702) 198
(83, 702) 199
(82, 702) 200
(82, 702) 201
(87, 703) 202
(93, 703) 203
(96, 704) 204
(100, 705) 205
(743, 730) 139
(749, 731) 140
(756, 732) 141
(763, 733) 142
(771, 734) 143
(781, 735) 144
(789, 736) 145
(802, 737) 146
(814, 739) 147
(824, 740) 148
(841, 741) 149
(857, 743) 150
(870, 744) 151
(882, 746) 152
(893, 747) 153
(903, 749) 154
(912, 750) 155
(920, 751) 156
(928, 752) 157
(934, 754) 158
(940, 755) 159
(945, 756) 160
(955, 757) 161
(961, 757) 162
(965, 758) 163
(969, 758) 164
(973, 759) 165
(973, 759) 166
(973, 758) 167
(975, 757) 168
(975, 756) 169
(975, 756) 170
(977, 755) 171
(979, 755) 172
(980, 754) 173
(979, 754) 174
(978, 753) 175
(977, 753) 176
(976, 753) 177
(975, 752) 178
(974, 752) 179
(970, 752) 180
(967, 751) 181
(964, 751) 182
(962, 750) 183
(959, 750) 184
(958, 749) 185
(957, 748) 186
(956, 747) 187
(955, 746) 188
(955, 745) 189
(954, 744) 190
(953, 743) 191
(953, 742) 192
(952, 741) 193
(952, 740) 194
(952, 740) 195
(951, 739) 196
(951, 738) 197
(951, 737) 198
(951, 736) 199
(950, 735) 200
(950, 735) 201
(950, 734) 202
(947, 732) 203
(944, 731) 204
(941, 729) 205
(938, 728) 206
(935, 726) 207
(933, 725) 208
(931, 723) 209
(931, 723) 210
(930, 722) 211
(929, 721) 212
(929, 720) 213
(928, 719) 214
(927, 718) 215
(927, 717) 216
(927, 716) 217
(926, 715) 218
(926, 715) 219
(926, 714) 220
(934, 713) 221
(941, 712) 222
(948, 711) 223
(955, 711) 224
(962, 711) 225
(968, 711) 226
(973, 711) 227
(978, 711) 228
(982, 711) 229
(983, 709) 230
(984, 708) 231
(984, 707) 232
(1830, 478) 185
(1829, 478) 186
(1829, 478) 187
(1830, 477) 188
(1830, 477) 189
(1831, 477) 190
(1832, 477) 191
(1833, 476) 192
(1834, 476) 193
(1834, 476) 194
(1835, 476) 195
(1835, 476) 196
(1836, 475) 197
(1836, 475) 198
(1837, 475) 199
(1837, 475) 200
(1837, 474) 201
(1845, 475) 202
(1852, 474) 203
(1854, 474) 204
(1856, 474) 205
(1858, 474) 206
(1859, 475) 207
(1863, 474) 208
(1871, 474) 209
(1878, 474) 210
(1884, 474) 211
(1896, 473) 212
(1907, 473) 213
(1917, 472) 214
(1917, 472) 215
(10, 472) 216
(14, 472) 217
(13, 473) 218
(12, 473) 219
(12, 473) 220
(12, 473) 221
(10, 473) 222
(11, 472) 223
(1931, 472) 224
(1926, 472) 225
(1923, 472) 226
(1923, 472) 227
(14, 472) 228
(17, 472) 229
(19, 471) 230
(21, 471) 231
(23, 471) 232
(25, 471) 233
(27, 471) 234
(28, 471) 235
(30, 471) 236
(31, 470) 237
(32, 470) 238
(33, 470) 239
(34, 470) 240
(35, 470) 241
(35, 470) 242
(36, 470) 243
(36, 470) 244
(39, 470) 245
(41, 471) 246
(43, 471) 247
(44, 472) 248
(46, 472) 249
(47, 473) 250
(49, 473) 251
(52, 473) 252
(54, 473) 253
(56, 473) 254
(58, 473) 255
(64, 472) 256
(63, 471) 257
(60, 470) 258
(56, 469) 259
(53, 469) 260
(49, 468) 261
(47, 468) 262
(45, 467) 263
(45, 467) 264
(48, 466) 265
(52, 465) 266
(49, 465) 267
(47, 464) 268
(45, 464) 269
(43, 463) 270
(43, 463) 271
(50, 462) 272
(58, 462) 273
(66, 461) 274
(74, 461) 275
(82, 461) 276
(87, 460) 277
(92, 460) 278
(97, 460) 279
(96, 460) 280
(95, 459) 281
(95, 459) 282
(97, 459) 283
(100, 459) 284
(103, 459) 285
(105, 459) 286
(107, 459) 287
(109, 459) 288
(111, 459) 289
(113, 459) 290
(114, 459) 291
(116, 459) 292
(120, 460) 293
(124, 460) 294
(124, 461) 295
(121, 462) 296
(117, 464) 297
(109, 464) 298
(105, 466) 299
(97, 466) 300
(89, 466) 301
(81, 467) 302
(74, 467) 303
(69, 467) 304
(64, 467) 305
(60, 467) 306
(57, 467) 307
(54, 467) 308
(51, 467) 309
(49, 467) 310
(46, 466) 311
(46, 466) 312
(47, 466) 313
(49, 466) 314
(51, 466) 315
(53, 466) 316
(59, 466) 317
(63, 465) 318
(66, 465) 319
(72, 464) 320
(77, 462) 321
(80, 460) 322
(83, 458) 323
(85, 455) 324
(87, 453) 325
(88, 451) 326
(88, 449) 327
(89, 447) 328
(92, 446) 329
(1584, 435) 223
(1586, 435) 224
(1590, 435) 225
(1592, 436) 226
(1595, 436) 227
(1595, 436) 228
(1596, 437) 229
(1595, 436) 230
(1595, 435) 231
(1595, 434) 232
(1595, 432) 233
(1600, 431) 234
(1604, 430) 235
(1609, 429) 236
(1612, 428) 237
(1616, 427) 238
(1616, 426) 239
(1617, 425) 240
(1618, 424) 241
(1619, 423) 242
(1619, 422) 243
(1619, 421) 244
(1616, 421) 245
(1605, 422) 246
(1596, 423) 247
(1591, 424) 248
(1587, 424) 249
(1583, 425) 250
(1580, 426) 251
(1577, 427) 252
(1574, 428) 253
(1571, 428) 254
(1569, 429) 255
(1567, 430) 256
(1565, 430) 257
(1563, 432) 258
(1560, 434) 259
(1560, 435) 260
(1560, 437) 261
(1560, 438) 262
(1563, 439) 263
(1565, 440) 264
(1566, 442) 265
(1570, 441) 266
(1574, 441) 267
(1578, 440) 268
(1581, 440) 269
(1584, 439) 270
(1587, 439) 271
(1595, 438) 272
(1601, 437) 273
(1608, 438) 274
(1615, 439) 275
(1624, 441) 276
(1632, 444) 277
(1641, 446) 278
(1649, 448) 279
(1656, 450) 280
(1664, 452) 281
(1672, 454) 282
(1680, 456) 283
(271, 398) 225
(271, 398) 226
(274, 397) 227
(278, 396) 228
(282, 396) 229
(285, 395) 230
(288, 394) 231
(291, 394) 232
(293, 393) 233
(293, 392) 234
(288, 392) 235
(283, 392) 236
(278, 392) 237
(274, 392) 238
(270, 393) 239
(266, 393) 240
(263, 393) 241
(260, 393) 242
(257, 393) 243
(255, 393) 244
(253, 393) 245
(248, 392) 246
(245, 391) 247
(242, 390) 248
(237, 389) 249
(234, 388) 250
(236, 387) 251
(242, 386) 252
(249, 386) 253
(255, 385) 254
(261, 384) 255
(267, 384) 256
(272, 383) 257
(278, 383) 258
(283, 382) 259
(284, 382) 260
(287, 381) 261
(291, 381) 262
(295, 380) 263
(300, 379) 264
(301, 379) 265
(305, 379) 266
(308, 378) 267
(312, 378) 268
(316, 378) 269
(318, 377) 270
(321, 376) 271
(324, 376) 272
(325, 375) 273
(328, 374) 274
(332, 372) 275
(332, 370) 276
(331, 368) 277
(330, 366) 278
(327, 364) 279
(328, 363) 280
(327, 363) 281
(327, 362) 282
(327, 362) 283
(327, 361) 284
(328, 361) 285
(328, 360) 286
(328, 360) 287
(328, 359) 288
(328, 359) 289
(328, 358) 290
(328, 358) 291
(328, 357) 292
(328, 357) 293
(328, 357) 294
(325, 358) 295
(323, 359) 296
(320, 360) 297
(318, 361) 298
(317, 362) 299
(315, 363) 300
(314, 364) 301
(312, 365) 302
(311, 367) 303
(310, 368) 304
(309, 368) 305
(308, 369) 306
(307, 369) 307
(305, 368) 308
(304, 368) 309
(302, 367) 310
(301, 367) 311
(299, 366) 312
(293, 365) 313
(288, 364) 314
(287, 363) 315
(281, 363) 316
(276, 362) 317
(274, 362) 318
(273, 361) 319
(273, 361) 320
(273, 361) 321
(273, 360) 322
(273, 360) 323
(273, 360) 324
(274, 359) 325
(276, 359) 326
(279, 359) 327
(283, 359) 328
(282, 359) 329
(279, 360) 330
(277, 360) 331
(276, 360) 332
(275, 360) 333
(274, 361) 334
(273, 361) 335
(274, 361) 336
(276, 361) 337
(279, 360) 338
(285, 360) 339
(292, 360) 340
(297, 359) 341
(301, 359) 342
(305, 358) 343
(310, 358) 344
(313, 357) 345
(315, 357) 346
(315, 357) 347
(313, 356) 348
(310, 356) 349
(311, 355) 350
(310, 355) 351
(310, 355) 352
(311, 355) 353
(311, 354) 354
(311, 354) 355
(312, 354) 356
(316, 355) 357
(320, 356) 358
(319, 355) 359
(319, 355) 360
(318, 354) 361
(318, 354) 362
(318, 353) 363
(322, 353) 364
(325, 352) 365
(328, 353) 366
(327, 353) 367
(326, 354) 368
(324, 354) 369
(323, 354) 370
(322, 355) 371
(321, 356) 372
(319, 356) 373
(318, 357) 374
(316, 358) 375
(313, 359) 376
(308, 361) 377
(303, 363) 378
(292, 365) 379
(281, 365) 380
(270, 366) 381
(264, 366) 382
(258, 366) 383
(253, 366) 384
(248, 367) 385
(244, 367) 386
(240, 367) 387
(237, 367) 388
(234, 368) 389
(231, 368) 390
(228, 368) 391
(226, 368) 392
(226, 369) 393
(229, 368) 394
(230, 369) 395
(236, 369) 396
(241, 369) 397
(240, 369) 398
(239, 370) 399
(236, 371) 400
(233, 371) 401
(231, 372) 402
(228, 373) 403
(226, 373) 404
(225, 374) 405
(223, 375) 406
(222, 375) 407
(220, 376) 408
(219, 377) 409
(218, 377) 410
(214, 379) 411
(209, 381) 412
(209, 383) 413
(209, 385) 414
(209, 387) 415
(209, 388) 416
(208, 390) 417
(207, 391) 418
(207, 393) 419
(206, 394) 420
(207, 395) 421
(212, 395) 422
(222, 394) 423
(232, 393) 424
(240, 392) 425
(246, 392) 426
(252, 391) 427
(257, 391) 428
(261, 390) 429
(265, 390) 430
(269, 389) 431
(272, 389) 432
(279, 388) 433
(285, 387) 434
(891, 425) 235
(891, 425) 236
(891, 425) 237
(891, 425) 238
(891, 425) 239
(891, 425) 240
(891, 425) 241
(891, 425) 242
(891, 425) 243
(891, 425) 244
(891, 425) 245
(891, 425) 246
(891, 425) 247
(891, 425) 248
(891, 425) 249
(891, 425) 250
(886, 424) 251
(880, 423) 252
(871, 423) 253
(862, 422) 254
(855, 421) 255
(848, 421) 256
(842, 420) 257
(832, 420) 258
(824, 419) 259
(822, 419) 260
(820, 420) 261
(818, 420) 262
(818, 420) 263
(823, 421) 264
(829, 422) 265
(834, 422) 266
(838, 423) 267
(840, 424) 268
(840, 424) 269
(837, 424) 270
(838, 424) 271
(838, 424) 272
(838, 425) 273
(839, 425) 274
(840, 426) 275
(843, 426) 276
(847, 427) 277
(849, 428) 278
(851, 429) 279
(852, 429) 280
(854, 430) 281
(854, 430) 282
(856, 431) 283
(859, 433) 284
(867, 433) 285
(874, 434) 286
(881, 435) 287
(879, 435) 288
(880, 436) 289
(884, 437) 290
(889, 437) 291
(894, 439) 292
(897, 441) 293
(903, 444) 294
(908, 446) 295
(913, 449) 296
(920, 451) 297
(933, 453) 298
(942, 454) 299
(951, 456) 300
(952, 458) 301
(952, 459) 302
(949, 460) 303
(947, 461) 304
(944, 462) 305
(944, 463) 306
(945, 464) 307
(945, 465) 308
(945, 465) 309
(944, 466) 310
(942, 466) 311
(941, 466) 312
(938, 467) 313
(932, 468) 314
(927, 468) 315
(921, 468) 316
(918, 468) 317
(915, 468) 318
(913, 468) 319
(910, 467) 320
(911, 468) 321
(911, 468) 322
(908, 468) 323
(905, 467) 324
(903, 467) 325
(902, 467) 326
(901, 466) 327
(900, 466) 328
(899, 466) 329
(898, 465) 330
(894, 465) 331
(884, 465) 332
(870, 467) 333
(857, 468) 334
(846, 469) 335
(833, 470) 336
(823, 472) 337
(814, 472) 338
(805, 473) 339
(797, 474) 340
(791, 475) 341
(784, 476) 342
(779, 477) 343
(771, 477) 344
(765, 477) 345
(753, 479) 346
(741, 480) 347
(731, 482) 348
(722, 483) 349
(714, 485) 350
(706, 487) 351
(695, 488) 352
(684, 489) 353
(673, 490) 354
(663, 490) 355
(655, 491) 356
(646, 491) 357
(638, 492) 358
(631, 492) 359
(625, 493) 360
(619, 494) 361
(614, 494) 362
(609, 495) 363
(605, 496) 364
(596, 496) 365
(564, 359) 248
(569, 359) 249
(575, 360) 250
(581, 360) 251
(588, 361) 252
(593, 361) 253
(598, 361) 254
(604, 361) 255
(608, 360) 256
(607, 360) 257
(606, 359) 258
(604, 358) 259
(603, 358) 260
(602, 357) 261
(601, 357) 262
(601, 356) 263
(607, 355) 264
(612, 355) 265
(617, 355) 266
(624, 355) 267
(630, 355) 268
(636, 354) 269
(641, 354) 270
(646, 354) 271
(650, 354) 272
(654, 354) 273
(657, 354) 274
(660, 354) 275
(663, 353) 276
(665, 353) 277
(667, 353) 278
(669, 353) 279
(671, 353) 280
(671, 353) 281
(670, 354) 282
(664, 354) 283
(658, 354) 284
(653, 355) 285
(648, 355) 286
(644, 355) 287
(641, 356) 288
(637, 356) 289
(634, 356) 290
(631, 356) 291
(629, 357) 292
(627, 357) 293
(625, 357) 294
(623, 357) 295
(621, 358) 296
(620, 358) 297
(620, 358) 298
(619, 358) 299
(623, 358) 300
(627, 358) 301
(632, 358) 302
(638, 357) 303
(644, 356) 304
(650, 355) 305
(655, 355) 306
(654, 354) 307
(653, 352) 308
(653, 351) 309
(655, 350) 310
(657, 348) 311
(663, 348) 312
(670, 348) 313
(675, 348) 314
(681, 348) 315
(685, 348) 316
(690, 347) 317
(696, 347) 318
(1392, 508) 255
(1392, 508) 256
(1392, 508) 257
(1392, 508) 258
(1392, 508) 259
(1392, 508) 260
(1392, 508) 261
(1392, 508) 262
(1392, 508) 263
(1392, 508) 264
(1392, 508) 265
(1392, 508) 266
(1392, 508) 267
(1392, 508) 268
(1392, 508) 269
(1392, 508) 270
(1392, 508) 271
(1386, 507) 272
(1382, 506) 273
(1379, 505) 274
(1377, 504) 275
(1368, 503) 276
(1361, 503) 277
(1354, 502) 278
(1345, 502) 279
(1336, 502) 280
(1328, 502) 281
(1322, 501) 282
(1316, 500) 283
(1312, 499) 284
(1308, 498) 285
(1305, 497) 286
(1302, 496) 287
(1299, 496) 288
(1297, 495) 289
(1294, 494) 290
(1292, 493) 291
(1290, 492) 292
(1286, 491) 293
(1277, 491) 294
(1266, 491) 295
(1256, 490) 296
(1247, 489) 297
(1238, 488) 298
(1230, 488) 299
(1224, 487) 300
(1217, 486) 301
(1212, 486) 302
(1207, 485) 303
(1202, 485) 304
(1198, 484) 305
(1195, 483) 306
(1191, 483) 307
(1194, 482) 308
(1196, 480) 309
(1198, 479) 310
(1200, 478) 311
(1202, 477) 312
(1202, 476) 313
(1202, 476) 314
(1203, 476) 315
(1204, 476) 316
(1204, 477) 317
(1204, 478) 318
(1204, 480) 319
(1202, 482) 320
(1199, 485) 321
(1197, 487) 322
(1197, 489) 323
(1197, 491) 324
(1199, 493) 325
(1201, 495) 326
(1202, 497) 327
(1204, 499) 328
(1205, 501) 329
(1205, 503) 330
(1203, 505) 331
(1198, 508) 332
(1194, 510) 333
(1188, 513) 334
(1184, 515) 335
(1180, 518) 336
(1177, 521) 337
(1175, 523) 338
(1173, 525) 339
(1171, 528) 340
(1167, 530) 341
(1163, 532) 342
(1160, 534) 343
(1157, 536) 344
(1155, 538) 345
(1153, 539) 346
(1152, 541) 347
(1150, 543) 348
(1149, 545) 349
(1148, 547) 350
(1139, 548) 351
(1132, 550) 352
(1127, 551) 353
(1124, 553) 354
(1121, 554) 355
(1117, 556) 356
(1462, 615) 300
(1462, 615) 301
(1462, 615) 302
(1462, 615) 303
(1462, 615) 304
(1462, 615) 305
(1462, 615) 306
(1462, 615) 307
(1462, 615) 308
(1462, 615) 309
(1462, 615) 310
(1462, 615) 311
(1462, 615) 312
(1459, 616) 313
(1451, 618) 314
(1444, 619) 315
(1437, 621) 316
(1433, 623) 317
(1429, 626) 318
(1425, 628) 319
(1420, 631) 320
(1415, 634) 321
(1411, 637) 322
(1407, 640) 323
(1403, 642) 324
(1401, 645) 325
(1398, 648) 326
(1396, 650) 327
(1394, 653) 328
(1392, 656) 329
(1390, 658) 330
(1389, 661) 331
(1382, 663) 332
(1377, 665) 333
(1371, 666) 334
(1367, 668) 335
(1364, 670) 336
(1361, 671) 337
(1357, 673) 338
(1352, 674) 339
(1350, 675) 340
(1345, 677) 341
(1341, 678) 342
(1340, 679) 343
(1336, 680) 344
(1332, 682) 345
(1329, 683) 346
(1326, 685) 347
(1326, 686) 348
(1327, 687) 349
(1331, 687) 350
(1334, 688) 351
(1336, 689) 352
(1339, 690) 353
(1341, 690) 354
(1343, 691) 355
(1345, 692) 356
(1346, 693) 357
(1348, 693) 358
(1349, 694) 359
(1350, 694) 360
(1351, 695) 361
(1352, 696) 362
(1352, 696) 363
(1349, 698) 364
(1346, 700) 365
(1343, 701) 366
(1341, 703) 367
(1339, 704) 368
(1337, 706) 369
(1335, 708) 370
(1333, 709) 371
(1331, 711) 372
(1330, 712) 373
(1328, 714) 374
(1327, 715) 375
(1325, 717) 376
(1324, 718) 377
(1323, 719) 378
(1322, 721) 379
(1321, 722) 380
(1320, 723) 381
(1319, 724) 382
(1318, 726) 383
(1317, 727) 384
(1316, 728) 385
(1315, 729) 386
(1314, 730) 387
(1312, 731) 388
(1311, 732) 389
(1309, 733) 390
(1307, 735) 391
(1305, 736) 392
(1304, 737) 393
(1303, 737) 394
(1302, 738) 395
(1301, 739) 396
(1300, 740) 397
(1299, 741) 398
(1297, 742) 399
(1295, 742) 400
(1293, 743) 401
(1291, 743) 402
(1285, 744) 403
(1279, 744) 404
(1274, 744) 405
(1269, 744) 406
(1272, 744) 407
(1273, 745) 408
(1274, 745) 409
(1274, 745) 410
(1275, 746) 411
(1274, 746) 412
(1273, 746) 413
(1272, 747) 414
(1272, 747) 415
(1271, 747) 416
(1271, 747) 417
(1271, 748) 418
(1272, 748) 419
(1273, 748) 420
(1274, 749) 421
(1274, 749) 422
(1275, 749) 423
(1275, 749) 424
(1275, 750) 425
(1275, 750) 426
(1274, 750) 427
(1273, 750) 428
(1890, 242) 302
(1886, 242) 303
(1880, 243) 304
(1873, 244) 305
(1866, 245) 306
(1862, 246) 307
(1859, 247) 308
(1856, 248) 309
(1853, 249) 310
(1849, 250) 311
(1840, 252) 312
(1833, 254) 313
(1827, 255) 314
(1822, 257) 315
(1818, 259) 316
(1814, 260) 317
(1814, 263) 318
(1810, 265) 319
(1805, 266) 320
(1800, 268) 321
(1795, 270) 322
(1797, 273) 323
(1804, 275) 324
(1809, 277) 325
(1812, 280) 326
(1814, 282) 327
(1820, 284) 328
(1826, 286) 329
(1833, 288) 330
(1840, 290) 331
(1851, 293) 332
(1863, 295) 333
(1874, 298) 334
(1884, 301) 335
(1893, 303) 336
(1901, 306) 337
(1909, 308) 338
(1916, 311) 339
(1923, 314) 340
(1923, 316) 341
(9, 318) 342
(12, 321) 343
(15, 323) 344
(17, 326) 345
(20, 330) 346
(23, 333) 347
(26, 337) 348
(30, 341) 349
(33, 344) 350
(35, 348) 351
(42, 351) 352
(50, 355) 353
(57, 358) 354
(64, 361) 355
(73, 364) 356
(81, 366) 357
(89, 368) 358
(96, 370) 359
(102, 373) 360
(107, 375) 361
(106, 376) 362
(102, 378) 363
(1780, 524) 328
(1778, 524) 329
(1775, 525) 330
(1773, 525) 331
(1771, 525) 332
(1770, 525) 333
(1768, 525) 334
(1767, 525) 335
(1765, 526) 336
(1762, 526) 337
(1759, 526) 338
(1757, 527) 339
(1754, 527) 340
(1752, 527) 341
(1750, 528) 342
(1748, 528) 343
(1746, 529) 344
(1745, 529) 345
(1743, 529) 346
(1742, 530) 347
(1741, 530) 348
(1740, 530) 349
(1739, 530) 350
(1739, 531) 351
(1738, 531) 352
(1737, 531) 353
(1737, 532) 354
(1736, 532) 355
(1733, 532) 356
(1725, 532) 357
(1719, 531) 358
(1715, 531) 359
(1711, 530) 360
(1707, 530) 361
(1704, 529) 362
(1702, 529) 363
(1701, 529) 364
(1700, 528) 365
(1700, 528) 366
(1699, 528) 367
(1698, 527) 368
(1698, 527) 369
(1697, 527) 370
(1697, 526) 371
(1703, 526) 372
(1709, 525) 373
(1715, 524) 374
(1721, 524) 375
(1726, 523) 376
(1732, 522) 377
(1738, 522) 378
(1742, 521) 379
(1746, 520) 380
(1751, 520) 381
(1756, 519) 382
(1760, 518) 383
(1764, 517) 384
(1768, 517) 385
(1771, 516) 386
(1774, 515) 387
(1776, 515) 388
(1779, 514) 389
(1781, 513) 390
(1783, 513) 391
(1785, 512) 392
(1786, 512) 393
(1787, 511) 394
(1789, 510) 395
(1790, 510) 396
(1791, 509) 397
(1792, 509) 398
(1800, 508) 399
(1807, 508) 400
(1813, 508) 401
(1818, 508) 402
(1823, 507) 403
(1829, 507) 404
(1835, 507) 405
(1841, 507) 406
(1846, 506) 407
(1850, 506) 408
(1854, 506) 409
(1858, 505) 410
(1867, 504) 411
(1872, 503) 412
(1876, 502) 413
(1884, 500) 414
(1890, 498) 415
(1896, 496) 416
(1900, 494) 417
(1905, 493) 418
(1911, 491) 419
(1916, 488) 420
(1921, 486) 421
(670, 419) 331
(667, 419) 332
(664, 419) 333
(661, 419) 334
(659, 418) 335
(657, 418) 336
(655, 418) 337
(647, 417) 338
(638, 416) 339
(634, 415) 340
(630, 413) 341
(627, 412) 342
(625, 410) 343
(617, 408) 344
(609, 406) 345
(602, 404) 346
(602, 403) 347
(602, 401) 348
(602, 400) 349
(596, 398) 350
(588, 396) 351
(582, 395) 352
(576, 393) 353
(571, 392) 354
(566, 390) 355
(562, 389) 356
(558, 388) 357
(553, 386) 358
(552, 385) 359
(551, 385) 360
(550, 384) 361
(549, 383) 362
(548, 382) 363
(548, 381) 364
(547, 380) 365
(547, 379) 366
(546, 379) 367
(546, 378) 368
(545, 377) 369
(545, 376) 370
(545, 376) 371
(543, 375) 372
(542, 375) 373
(540, 375) 374
(538, 375) 375
(534, 375) 376
(529, 376) 377
(522, 376) 378
(516, 376) 379
(510, 376) 380
(504, 376) 381
(499, 376) 382
(495, 376) 383
(491, 376) 384
(487, 376) 385
(484, 376) 386
(481, 376) 387
(479, 376) 388
(476, 376) 389
(474, 376) 390
(472, 377) 391
(469, 376) 392
(466, 376) 393
(464, 376) 394
(464, 376) 395
(464, 376) 396
(462, 376) 397
(459, 377) 398
(458, 377) 399
(458, 378) 400
(460, 379) 401
(463, 379) 402
(463, 380) 403
(465, 382) 404
(467, 383) 405
(468, 384) 406
(470, 385) 407
(471, 386) 408
(472, 387) 409
(473, 388) 410
(474, 389) 411
(475, 390) 412
(475, 391) 413
(476, 392) 414
(477, 393) 415
(477, 394) 416
(478, 395) 417
(478, 395) 418
(474, 397) 419
(474, 399) 420
(477, 401) 421
(694, 342) 346
(694, 342) 347
(694, 342) 348
(694, 342) 349
(692, 341) 350
(690, 342) 351
(688, 342) 352
(687, 342) 353
(686, 342) 354
(684, 342) 355
(683, 342) 356
(682, 342) 357
(682, 342) 358
(681, 342) 359
(680, 342) 360
(680, 342) 361
(679, 342) 362
(678, 342) 363
(678, 342) 364
(679, 343) 365
(681, 345) 366
(681, 346) 367
(678, 348) 368
(674, 349) 369
(673, 350) 370
(672, 351) 371
(671, 352) 372
(670, 353) 373
(670, 354) 374
(669, 355) 375
(668, 356) 376
(668, 356) 377
(667, 357) 378
(663, 358) 379
(663, 359) 380
(662, 360) 381
(662, 361) 382
(661, 362) 383
(661, 363) 384
(660, 363) 385
(660, 364) 386
(659, 365) 387
(658, 365) 388
(658, 366) 389
(657, 367) 390
(656, 367) 391
(655, 368) 392
(654, 368) 393
(652, 369) 394
(651, 369) 395
(649, 370) 396
(648, 370) 397
(647, 371) 398
(646, 371) 399
(646, 372) 400
(646, 373) 401
(646, 373) 402
(646, 374) 403
(647, 374) 404
(647, 375) 405
(647, 376) 406
(647, 376) 407
(647, 377) 408
(647, 377) 409
(647, 378) 410
(648, 378) 411
(648, 379) 412
(648, 379) 413
(646, 380) 414
(97, 456) 364
(98, 456) 365
(98, 456) 366
(99, 457) 367
(100, 458) 368
(102, 459) 369
(103, 460) 370
(103, 461) 371
(103, 461) 372
(98, 462) 373
(98, 462) 374
(100, 463) 375
(104, 463) 376
(106, 464) 377
(108, 464) 378
(110, 464) 379
(110, 464) 380
(109, 463) 381
(107, 462) 382
(104, 461) 383
(102, 460) 384
(94, 459) 385
(90, 459) 386
(87, 459) 387
(86, 459) 388
(86, 460) 389
(83, 460) 390
(75, 460) 391
(70, 460) 392
(64, 460) 393
(57, 461) 394
(50, 462) 395
(41, 462) 396
(28, 464) 397
(28, 465) 398
(1933, 467) 399
(1916, 469) 400
(1907, 470) 401
(1899, 471) 402
(1891, 472) 403
(1880, 474) 404
(1869, 475) 405
(1859, 477) 406
(1850, 479) 407
(1842, 480) 408
(1834, 482) 409
(1828, 483) 410
(1822, 485) 411
(1816, 486) 412
(1811, 488) 413
(1807, 489) 414
(1803, 491) 415
(1799, 492) 416
(1796, 493) 417
(1793, 495) 418
(1791, 495) 419
(1787, 494) 420
(1781, 494) 421
(1772, 494) 422
(1762, 493) 423
(1749, 493) 424
(1735, 492) 425
(1162, 643) 378
(1160, 643) 379
(1159, 643) 380
(1158, 643) 381
(1157, 643) 382
(1156, 644) 383
(1155, 644) 384
(1153, 643) 385
(1147, 643) 386
(1141, 643) 387
(1136, 643) 388
(1134, 643) 389
(1131, 643) 390
(1128, 643) 391
(1125, 643) 392
(1123, 644) 393
(1121, 644) 394
(1118, 644) 395
(1117, 644) 396
(1115, 645) 397
(1113, 645) 398
(1112, 645) 399
(1112, 645) 400
(1111, 644) 401
(1110, 644) 402
(1110, 644) 403
(1109, 644) 404
(1108, 644) 405
(1108, 643) 406
(1107, 643) 407
(1106, 643) 408
(1106, 643) 409
(1106, 643) 410
(1105, 642) 411
(1105, 642) 412
(1105, 642) 413
(1104, 642) 414
(1104, 642) 415
(1104, 641) 416
(1104, 641) 417
(1100, 641) 418
(1101, 641) 419
(1102, 641) 420
(1101, 642) 421
(1098, 641) 422
(1095, 640) 423
(1092, 639) 424
(1089, 638) 425
(1087, 637) 426
(1084, 636) 427
(1083, 635) 428
(1081, 634) 429
(1079, 634) 430
(1078, 633) 431
(1076, 632) 432
(1075, 631) 433
(1074, 631) 434
(1073, 630) 435
(1073, 629) 436
(1072, 629) 437
(1071, 628) 438
(1070, 627) 439
(1070, 627) 440
(1069, 626) 441
(1066, 624) 442
(1054, 622) 443
(1043, 621) 444
(1033, 619) 445
(1023, 618) 446
(1016, 616) 447
(1009, 615) 448
(1003, 613) 449
(1006, 612) 450
(1009, 610) 451
(1011, 609) 452
(1013, 608) 453
(1013, 606) 454
(1014, 604) 455
(1014, 603) 456
(1014, 601) 457
(1015, 600) 458
(1015, 598) 459
(1015, 597) 460
(1016, 595) 461
(1016, 594) 462
(1014, 594) 463
(1012, 592) 464
(1008, 590) 465
(1005, 587) 466
(1002, 585) 467
(999, 583) 468
(989, 581) 469
(978, 579) 470
(966, 577) 471
(957, 574) 472
(950, 572) 473
(944, 571) 474
(947, 569) 475
(949, 567) 476
(951, 566) 477
(953, 566) 478
(955, 565) 479
(956, 565) 480
(958, 564) 481
(959, 564) 482
(959, 563) 483
(957, 563) 484
(956, 563) 485
(955, 563) 486
(952, 562) 487
(949, 561) 488
(947, 561) 489
(945, 560) 490
(943, 559) 491
(941, 559) 492
(937, 558) 493
(935, 558) 494
(933, 557) 495
(934, 558) 496
(937, 558) 497
(941, 558) 498
(941, 558) 499
(944, 557) 500
(946, 557) 501
(946, 557) 502
(953, 557) 503
(954, 557) 504
(957, 558) 505
(957, 558) 506
(958, 558) 507
(958, 559) 508
(958, 559) 509
(954, 558) 510
(954, 558) 511
(955, 557) 512
(954, 556) 513
(953, 557) 514
(951, 557) 515
(949, 556) 516
(949, 556) 517
(947, 556) 518
(945, 555) 519
(940, 555) 520
(935, 556) 521
(936, 556) 522
(937, 557) 523
(938, 557) 524
(939, 558) 525
(940, 558) 526
(941, 558) 527
(941, 559) 528
(942, 559) 529
(942, 559) 530
(939, 560) 531
(928, 560) 532
(919, 561) 533
(915, 561) 534
(912, 561) 535
(908, 561) 536
(905, 561) 537
(901, 561) 538
(898, 561) 539
(894, 562) 540
(893, 562) 541
(889, 562) 542
(886, 563) 543
(885, 564) 544
(883, 564) 545
(883, 565) 546
(884, 566) 547
(885, 567) 548
(885, 567) 549
(885, 568) 550
(887, 568) 551
(885, 569) 552
(886, 569) 553
(890, 570) 554
(893, 570) 555
(895, 571) 556
(897, 570) 557
(901, 571) 558
(904, 572) 559
(907, 573) 560
(910, 573) 561
(913, 574) 562
(910, 573) 563
(908, 573) 564
(904, 573) 565
(901, 573) 566
(899, 573) 567
(897, 573) 568
(890, 572) 569
(883, 572) 570
(877, 573) 571
(873, 572) 572
(867, 573) 573
(864, 574) 574
(861, 575) 575
(857, 576) 576
(857, 577) 577
(857, 578) 578
(853, 579) 579
(849, 580) 580
(845, 581) 581
(842, 582) 582
(839, 583) 583
(837, 584) 584
(835, 584) 585
(833, 585) 586
(834, 585) 587
(836, 584) 588
(838, 584) 589
(836, 583) 590
(835, 583) 591
(834, 582) 592
(834, 582) 593
(833, 581) 594
(831, 580) 595
(831, 579) 596
(832, 579) 597
(835, 579) 598
(839, 579) 599
(844, 579) 600
(845, 579) 601
(844, 579) 602
(839, 579) 603
(839, 579) 604
(838, 578) 605
(834, 578) 606
(832, 577) 607
(832, 577) 608
(835, 576) 609
(838, 577) 610
(841, 576) 611
(843, 576) 612
(846, 576) 613
(847, 576) 614
(848, 576) 615
(851, 577) 616
(852, 578) 617
(853, 579) 618
(853, 579) 619
(854, 580) 620
(855, 580) 621
(857, 580) 622
(864, 580) 623
(870, 580) 624
(875, 579) 625
(882, 579) 626
(886, 579) 627
(889, 578) 628
(893, 579) 629
(899, 580) 630
(902, 580) 631
(903, 579) 632
(905, 579) 633
(910, 580) 634
(912, 580) 635
(914, 580) 636
(912, 579) 637
(911, 579) 638
(909, 579) 639
(907, 578) 640
(904, 577) 641
(901, 577) 642
(902, 576) 643
(905, 575) 644
(911, 576) 645
(916, 576) 646
(916, 577) 647
(916, 577) 648
(918, 577) 649
(920, 577) 650
(924, 576) 651
(924, 575) 652
(923, 574) 653
(918, 573) 654
(914, 572) 655
(914, 571) 656
(914, 570) 657
(918, 570) 658
(918, 569) 659
(924, 568) 660
(927, 568) 661
(931, 568) 662
(936, 568) 663
(943, 568) 664
(952, 567) 665
(957, 567) 666
(962, 567) 667
(964, 566) 668
(964, 565) 669
(964, 564) 670
(965, 563) 671
(967, 561) 672
(967, 561) 673
(969, 559) 674
(970, 559) 675
(972, 558) 676
(972, 557) 677
(970, 556) 678
(969, 555) 679
(969, 554) 680
(969, 553) 681
(968, 552) 682
(967, 552) 683
(965, 551) 684
(962, 550) 685
(959, 549) 686
(957, 548) 687
(956, 547) 688
(954, 546) 689
(954, 545) 690
(954, 544) 691
(954, 544) 692
(953, 543) 693
(951, 543) 694
(949, 542) 695
(949, 541) 696
(951, 541) 697
(952, 541) 698
(952, 540) 699
(954, 539) 700
(958, 539) 701
(962, 538) 702
(965, 538) 703
(970, 537) 704
(975, 536) 705
(978, 536) 706
(979, 536) 707
(979, 536) 708
(979, 536) 709
(978, 537) 710
(975, 537) 711
(972, 538) 712
(970, 539) 713
(966, 539) 714
(962, 540) 715
(958, 541) 716
(956, 541) 717
(954, 542) 718
(954, 542) 719
(957, 542) 720
(968, 542) 721
(978, 541) 722
(986, 541) 723
(994, 540) 724
(1001, 540) 725
(1008, 539) 726
(1013, 539) 727
(1019, 538) 728
(1023, 538) 729
(1027, 538) 730
(1024, 538) 731
(1019, 538) 732
(1013, 539) 733
(1002, 539) 734
(997, 539) 735
(992, 538) 736
(988, 538) 737
(981, 537) 738
(971, 539) 739
(963, 540) 740
(957, 540) 741
(952, 540) 742
(947, 541) 743
(941, 541) 744
(936, 542) 745
(930, 542) 746
(924, 542) 747
(920, 543) 748
(916, 544) 749
(912, 544) 750
(910, 546) 751
(909, 547) 752
(907, 548) 753
(906, 549) 754
(904, 550) 755
(903, 551) 756
(902, 552) 757
(903, 553) 758
(902, 553) 759
(898, 554) 760
(895, 554) 761
(895, 555) 762
(895, 556) 763
(895, 557) 764
(895, 557) 765
(895, 558) 766
(894, 559) 767
(898, 559) 768
(902, 559) 769
(898, 560) 770
(897, 560) 771
(897, 560) 772
(894, 561) 773
(891, 561) 774
(887, 561) 775
(883, 562) 776
(883, 562) 777
(882, 563) 778
(878, 564) 779
(875, 564) 780
(876, 565) 781
(878, 565) 782
(879, 566) 783
(882, 566) 784
(886, 566) 785
(892, 566) 786
(896, 566) 787
(900, 567) 788
(907, 567) 789
(911, 567) 790
(915, 567) 791
(917, 567) 792
(918, 567) 793
(920, 567) 794
(921, 568) 795
(922, 568) 796
(924, 568) 797
(927, 567) 798
(925, 567) 799
(924, 566) 800
(925, 566) 801
(925, 566) 802
(927, 565) 803
(927, 565) 804
(927, 565) 805
(927, 565) 806
(927, 565) 807
(927, 564) 808
(928, 564) 809
(928, 564) 810
(929, 564) 811
(929, 563) 812
(929, 563) 813
(929, 563) 814
(931, 563) 815
(932, 562) 816
(933, 562) 817
(934, 562) 818
(935, 562) 819
(936, 561) 820
(936, 561) 821
(937, 561) 822
(937, 561) 823
(935, 560) 824
(933, 560) 825
(932, 560) 826
(930, 559) 827
(929, 559) 828
(927, 559) 829
(926, 558) 830
(925, 558) 831
(924, 558) 832
(923, 557) 833
(923, 557) 834
(922, 557) 835
(921, 556) 836
(921, 556) 837
(920, 556) 838
(920, 555) 839
(920, 555) 840
(919, 555) 841
(919, 554) 842
(919, 554) 843
(927, 554) 844
(936, 554) 845
(945, 553) 846
(953, 553) 847
(960, 552) 848
(969, 552) 849
(976, 551) 850
(982, 551) 851
(988, 550) 852
(998, 549) 853
(1006, 547) 854
(1014, 545) 855
(1022, 543) 856
(1038, 542) 857
(1052, 540) 858
(1066, 538) 859
(1078, 537) 860
(1092, 535) 861
(1100, 534) 862
(1109, 532) 863
(1117, 531) 864
(1121, 529) 865
(1124, 528) 866
(1127, 526) 867
(1130, 525) 868
(1133, 524) 869
(1135, 522) 870
(1139, 521) 871
(1137, 520) 872
(1136, 519) 873
(1134, 517) 874
(1132, 516) 875
(1130, 515) 876
(1129, 513) 877
(1127, 512) 878
(1126, 511) 879
(1125, 510) 880
(1124, 509) 881
(1123, 507) 882
(1123, 506) 883
(1122, 505) 884
(1122, 504) 885
(1121, 503) 886
(1121, 502) 887
(1121, 501) 888
(1120, 500) 889
(1120, 499) 890
(1120, 498) 891
(1120, 497) 892
(1120, 496) 893
(1120, 495) 894
(1119, 494) 895
(1119, 493) 896
(1120, 492) 897
(1121, 491) 898
(1122, 491) 899
(1123, 490) 900
(1124, 489) 901
(1124, 488) 902
(1125, 487) 903
(1125, 486) 904
(1126, 486) 905
(1126, 485) 906
(1127, 484) 907
(1127, 484) 908
(1127, 483) 909
(1127, 482) 910
(1126, 482) 911
(1124, 481) 912
(1123, 481) 913
(1122, 480) 914
(1121, 480) 915
(1120, 479) 916
(1119, 479) 917
(1118, 478) 918
(1117, 478) 919
(1119, 478) 920
(1122, 479) 921
(1126, 479) 922
(1128, 479) 923
(1132, 479) 924
(1136, 479) 925
(1143, 478) 926
(1149, 478) 927
(1159, 478) 928
(1165, 478) 929
(1173, 478) 930
(1178, 478) 931
(1180, 477) 932
(1189, 477) 933
(1203, 478) 934
(1220, 480) 935
(1232, 480) 936
(1243, 481) 937
(1252, 481) 938
(1261, 482) 939
(1269, 481) 940
(1276, 481) 941
(1286, 482) 942
(1291, 482) 943
(1294, 483) 944
(1297, 484) 945
(1299, 484) 946
(1300, 485) 947
(1302, 486) 948
(1303, 486) 949
(1306, 486) 950
(1308, 486) 951
(1307, 486) 952
(1306, 485) 953
(1303, 485) 954
(1299, 485) 955
(1295, 485) 956
(1291, 485) 957
(1287, 485) 958
(1284, 485) 959
(1281, 485) 960
(1278, 484) 961
(1275, 484) 962
(1272, 484) 963
(1267, 484) 964
(1263, 483) 965
(1258, 483) 966
(1253, 483) 967
(1248, 482) 968
(1245, 482) 969
(1241, 481) 970
(1236, 481) 971
(1234, 481) 972
(1233, 480) 973
(1231, 480) 974
(1230, 480) 975
(1229, 480) 976
(1228, 479) 977
(1227, 479) 978
(1226, 479) 979
(1226, 479) 980
(1226, 479) 981
(1226, 479) 982
(1226, 479) 983
(1225, 479) 984
(1225, 479) 985
(1225, 479) 986
(1225, 479) 987
(1225, 479) 988
(1225, 479) 989
(1225, 479) 990
(1225, 478) 991
(1225, 478) 992
(1230, 478) 993
(1230, 478) 994
(1229, 477) 995
(1229, 477) 996
(1229, 477) 997
(1229, 476) 998
(1229, 476) 999
(1229, 476) 1000
(1229, 475) 1001
(1229, 475) 1002
(1228, 475) 1003
(1221, 474) 1004
(1214, 474) 1005
(1209, 473) 1006
(1203, 472) 1007
(1199, 472) 1008
(1195, 471) 1009
(1191, 471) 1010
(1188, 470) 1011
(1185, 469) 1012
(1182, 469) 1013
(1180, 468) 1014
(1177, 468) 1015
(1172, 467) 1016
(1166, 467) 1017
(1161, 466) 1018
(1157, 466) 1019
(1155, 466) 1020
(1155, 466) 1021
(1151, 466) 1022
(1149, 465) 1023
(1149, 465) 1024
(1149, 465) 1025
(1152, 465) 1026
(1155, 465) 1027
(1158, 465) 1028
(1161, 465) 1029
(1164, 465) 1030
(1165, 465) 1031
(1167, 465) 1032
(1169, 466) 1033
(1171, 467) 1034
(1172, 467) 1035
(1178, 468) 1036
(1186, 468) 1037
(1189, 468) 1038
(1191, 467) 1039
(1193, 467) 1040
(1195, 466) 1041
(1197, 466) 1042
(1201, 467) 1043
(1204, 468) 1044
(1208, 471) 1045
(1207, 473) 1046
(1206, 475) 1047
(1206, 476) 1048
(1206, 477) 1049
(1206, 478) 1050
(1206, 479) 1051
(1206, 481) 1052
(1206, 484) 1053
(1204, 487) 1054
(1197, 490) 1055
(1190, 492) 1056
(1185, 495) 1057
(1180, 497) 1058
(656, 411) 479
(656, 411) 480
(656, 411) 481
(656, 411) 482
(656, 411) 483
(656, 411) 484
(656, 411) 485
(656, 411) 486
(656, 411) 487
(656, 411) 488
(656, 411) 489
(656, 411) 490
(656, 411) 491
(656, 411) 492
(649, 410) 493
(643, 410) 494
(637, 409) 495
(632, 409) 496
(627, 408) 497
(623, 408) 498
(619, 407) 499
(615, 407) 500
(617, 408) 501
(619, 409) 502
(621, 410) 503
(623, 410) 504
(624, 411) 505
(625, 412) 506
(627, 413) 507
(628, 414) 508
(629, 415) 509
(629, 415) 510
(635, 416) 511
(641, 416) 512
(647, 418) 513
(653, 419) 514
(658, 420) 515
(662, 421) 516
(667, 422) 517
(670, 424) 518
(674, 425) 519
(677, 426) 520
(679, 427) 521
(682, 428) 522
(684, 429) 523
(686, 430) 524
(688, 431) 525
(689, 432) 526
(691, 433) 527
(692, 434) 528
(693, 435) 529
(694, 436) 530
(695, 437) 531
(696, 438) 532
(698, 438) 533
(700, 439) 534
(701, 439) 535
(703, 440) 536
(703, 441) 537
(704, 441) 538
(704, 442) 539
(705, 442) 540
(705, 443) 541
(706, 443) 542
(706, 444) 543
(708, 445) 544
(709, 445) 545
(711, 446) 546
(711, 447) 547
(709, 447) 548
(705, 448) 549
(702, 448) 550
(699, 448) 551
(696, 449) 552
(693, 449) 553
(687, 449) 554
(682, 449) 555
(677, 448) 556
(673, 448) 557
(669, 448) 558
(665, 448) 559
(662, 447) 560
(659, 447) 561
(657, 447) 562
(654, 447) 563
(652, 447) 564
(643, 447) 565
(637, 448) 566
(631, 449) 567
(626, 449) 568
(621, 450) 569
(617, 451) 570
(613, 451) 571
(609, 452) 572
(606, 453) 573
(604, 453) 574
(601, 454) 575
(599, 454) 576
(597, 455) 577
(595, 456) 578
(593, 456) 579
(596, 457) 580
(429, 372) 523
(432, 371) 524
(432, 371) 525
(432, 371) 526
(430, 370) 527
(421, 370) 528
(406, 370) 529
(388, 371) 530
(371, 373) 531
(357, 374) 532
(344, 376) 533
(332, 377) 534
(321, 379) 535
(312, 380) 536
(301, 382) 537
(289, 384) 538
(279, 386) 539
(270, 388) 540
(262, 390) 541
(254, 392) 542
(248, 394) 543
(242, 396) 544
(237, 398) 545
(233, 400) 546
(229, 401) 547
(227, 402) 548
(223, 403) 549
(220, 404) 550
(218, 405) 551
(215, 406) 552
(215, 407) 553
(217, 408) 554
(221, 409) 555
(224, 411) 556
(227, 412) 557
(232, 413) 558
(236, 415) 559
(240, 416) 560
(247, 418) 561
(258, 420) 562
(260, 421) 563
(262, 423) 564
(269, 425) 565
(275, 428) 566
(278, 429) 567
(281, 430) 568
(284, 431) 569
(286, 432) 570
(294, 434) 571
(302, 436) 572
(311, 437) 573
(318, 439) 574
(323, 439) 575
(326, 440) 576
(331, 441) 577
(337, 442) 578
(341, 443) 579
(338, 444) 580
(334, 444) 581
(331, 445) 582
(328, 446) 583
(324, 446) 584
(321, 447) 585
(318, 448) 586
(314, 449) 587
(308, 450) 588
(303, 450) 589
(299, 451) 590
(301, 452) 591
(302, 453) 592
(304, 453) 593
(305, 454) 594
(304, 455) 595
(300, 456) 596
(295, 457) 597
(291, 458) 598
(285, 459) 599
(281, 460) 600
(279, 462) 601
(280, 464) 602
(279, 467) 603
(277, 470) 604
(276, 473) 605
(274, 476) 606
(272, 478) 607
(270, 481) 608
(270, 483) 609
(269, 485) 610
(268, 487) 611
(267, 489) 612
(266, 490) 613
(266, 492) 614
(266, 493) 615
(267, 495) 616
(586, 489) 626
(586, 489) 627
(586, 489) 628
(587, 488) 629
(587, 487) 630
(587, 487) 631
(587, 487) 632
(586, 487) 633
(586, 486) 634
(584, 485) 635
(584, 484) 636
(583, 484) 637
(583, 484) 638
(582, 484) 639
(579, 483) 640
(577, 482) 641
(579, 481) 642
(580, 479) 643
(582, 477) 644
(584, 474) 645
(585, 472) 646
(587, 471) 647
(588, 469) 648
(589, 468) 649
(594, 466) 650
(598, 465) 651
(601, 464) 652
(604, 462) 653
(607, 461) 654
(610, 460) 655
(612, 459) 656
(614, 457) 657
(616, 456) 658
(617, 455) 659
(619, 454) 660
(623, 454) 661
(626, 454) 662
(628, 454) 663
(630, 453) 664
(630, 454) 665
(628, 454) 666
(626, 453) 667
(623, 453) 668
(619, 452) 669
(615, 452) 670
(615, 452) 671
(615, 451) 672
(615, 451) 673
(617, 452) 674
(620, 453) 675
(623, 453) 676
(626, 453) 677
(630, 453) 678
(632, 453) 679
(638, 453) 680
(642, 453) 681
(646, 453) 682
(649, 453) 683
(652, 452) 684
(654, 452) 685
(656, 452) 686
(658, 452) 687
(660, 452) 688
(662, 452) 689
(663, 451) 690
(665, 451) 691
(666, 451) 692
(666, 451) 693
(664, 452) 694
(661, 453) 695
(658, 455) 696
(655, 456) 697
(652, 458) 698
(650, 459) 699
(647, 460) 700
(645, 462) 701
(643, 463) 702
(642, 464) 703
(640, 466) 704
(639, 467) 705
(638, 468) 706
(637, 469) 707
(636, 470) 708
(635, 472) 709
(634, 473) 710
(634, 474) 711
(637, 474) 712
(641, 475) 713
(643, 475) 714
(645, 476) 715
(646, 477) 716
(647, 477) 717
(647, 478) 718
(647, 478) 719
(650, 479) 720
(649, 479) 721
(649, 480) 722
(642, 480) 723
(635, 481) 724
(629, 481) 725
(622, 481) 726
(616, 482) 727
(611, 482) 728
(605, 482) 729
(600, 483) 730
(594, 483) 731
(584, 484) 732
(575, 484) 733
(565, 485) 734
(556, 485) 735
(547, 485) 736
(539, 485) 737
(527, 486) 738
(520, 486) 739
(517, 486) 740
(511, 486) 741
(505, 487) 742
(499, 487) 743
(489, 487) 744
(480, 487) 745
(472, 488) 746
(464, 488) 747
(457, 488) 748
(450, 489) 749
(444, 489) 750
(438, 490) 751
(432, 490) 752
(426, 490) 753
(420, 491) 754
(414, 491) 755
(1259, 474) 685
(1259, 474) 686
(1259, 474) 687
(1259, 474) 688
(1259, 474) 689
(1259, 474) 690
(1259, 474) 691
(1259, 474) 692
(1259, 474) 693
(1259, 474) 694
(1259, 474) 695
(1259, 474) 696
(1259, 474) 697
(1260, 474) 698
(1262, 474) 699
(1264, 474) 700
(1267, 473) 701
(1268, 473) 702
(1270, 473) 703
(1270, 473) 704
(1270, 472) 705
(1268, 472) 706
(1268, 471) 707
(1271, 470) 708
(1276, 469) 709
(1276, 468) 710
(1276, 467) 711
(1276, 465) 712
(1279, 465) 713
(1282, 464) 714
(1288, 464) 715
(1294, 465) 716
(1296, 466) 717
(1297, 467) 718
(1297, 471) 719
(1297, 472) 720
(1297, 474) 721
(1297, 477) 722
(1295, 480) 723
(1293, 483) 724
(1292, 486) 725
(1290, 489) 726
(1289, 492) 727
(1290, 496) 728
(1291, 501) 729
(1293, 504) 730
(1295, 507) 731
(1296, 511) 732
(1298, 514) 733
(1299, 517) 734
(1299, 521) 735
(1299, 524) 736
(1296, 529) 737
(1294, 533) 738
(1291, 537) 739
(1288, 541) 740
(1286, 544) 741
(1283, 548) 742
(1284, 552) 743
(1285, 556) 744
(1285, 559) 745
(1286, 563) 746
(1287, 567) 747
(1287, 571) 748
(1288, 574) 749
(1289, 578) 750
(1289, 582) 751
(1290, 585) 752
(1291, 589) 753
(1292, 594) 754
(1292, 598) 755
(1293, 603) 756
(1880, 722) 685
(1881, 721) 686
(1881, 721) 687
(1882, 721) 688
(1882, 721) 689
(1885, 721) 690
(1887, 720) 691
(1888, 719) 692
(1889, 718) 693
(1889, 717) 694
(1888, 716) 695
(1887, 714) 696
(1885, 713) 697
(1882, 712) 698
(1879, 710) 699
(1875, 709) 700
(1872, 708) 701
(1869, 706) 702
(1864, 705) 703
(1862, 704) 704
(1859, 702) 705
(1857, 701) 706
(1855, 699) 707
(1852, 698) 708
(1844, 697) 709
(1836, 696) 710
(1828, 695) 711
(1819, 694) 712
(1811, 693) 713
(1802, 692) 714
(1793, 692) 715
(1785, 691) 716
(1776, 691) 717
(1767, 691) 718
(1758, 690) 719
(1751, 690) 720
(1741, 690) 721
(1733, 691) 722
(1725, 691) 723
(1717, 692) 724
(1709, 693) 725
(1698, 693) 726
(1689, 694) 727
(1679, 695) 728
(1669, 696) 729
(1660, 697) 730
(1651, 698) 731
(1642, 699) 732
(1633, 700) 733
(1624, 701) 734
(1616, 702) 735
(1607, 704) 736
(1599, 705) 737
(1595, 706) 738
(1591, 708) 739
(1587, 709) 740
(1582, 710) 741
(1577, 712) 742
(1572, 713) 743
(1567, 714) 744
(1562, 715) 745
(1557, 716) 746
(1551, 718) 747
(1546, 717) 748
(1543, 716) 749
(1540, 714) 750
(1538, 713) 751
(1534, 712) 752
(1530, 711) 753
(1528, 710) 754
(1525, 709) 755
(1521, 708) 756
(1518, 707) 757
(1514, 707) 758
(1511, 706) 759
(1501, 706) 760
(1490, 706) 761
(1480, 706) 762
(1470, 706) 763
(1460, 706) 764
(1450, 706) 765
(1444, 706) 766
(1436, 706) 767
(1430, 706) 768
(1425, 707) 769
(1420, 707) 770
(1415, 707) 771
(1411, 707) 772
(1406, 708) 773
(1401, 709) 774
(1396, 710) 775
(1391, 711) 776
(1387, 712) 777
(1383, 713) 778
(1380, 714) 779
(1377, 715) 780
(1367, 715) 781
(1359, 715) 782
(1344, 714) 783
(1331, 713) 784
(1320, 712) 785
(1309, 711) 786
(1300, 711) 787
(1291, 710) 788
(1284, 709) 789
(1277, 708) 790
(1270, 707) 791
(1265, 706) 792
(1260, 706) 793
(1248, 706) 794
(1235, 706) 795
(1222, 705) 796
(1208, 705) 797
(1196, 705) 798
(1186, 705) 799
(1176, 704) 800
(1168, 704) 801
(1160, 704) 802
(1153, 704) 803
(1147, 704) 804
(1142, 704) 805
(1137, 704) 806
(1133, 704) 807
(1130, 705) 808
(1126, 705) 809
(1123, 705) 810
(1121, 705) 811
(1118, 705) 812
(1116, 706) 813
(1114, 706) 814
(1112, 706) 815
(1111, 706) 816
(1109, 706) 817
(1108, 707) 818
(1107, 707) 819
(1106, 707) 820
(1105, 707) 821
(1104, 707) 822
(1103, 707) 823
(1096, 707) 824
(1356, 516) 687
(1356, 516) 688
(1356, 516) 689
(1353, 517) 690
(1352, 519) 691
(1351, 520) 692
(1349, 520) 693
(1348, 520) 694
(1347, 520) 695
(1347, 520) 696
(1346, 520) 697
(1346, 520) 698
(1346, 520) 699
(1345, 519) 700
(1345, 519) 701
(1345, 519) 702
(1345, 519) 703
(1344, 519) 704
(1344, 519) 705
(1344, 519) 706
(1344, 519) 707
(1344, 519) 708
(1344, 518) 709
(1344, 518) 710
(1343, 518) 711
(1343, 518) 712
(1343, 518) 713
(1343, 518) 714
(1343, 518) 715
(1335, 517) 716
(1328, 517) 717
(1322, 516) 718
(1316, 516) 719
(1311, 515) 720
(1306, 515) 721
(1308, 514) 722
(1311, 513) 723
(1311, 512) 724
(1310, 511) 725
(1308, 510) 726
(1305, 508) 727
(1304, 506) 728
(1304, 504) 729
(1304, 503) 730
(1304, 501) 731
(1304, 500) 732
(1304, 498) 733
(1303, 497) 734
(1303, 497) 735
(1304, 497) 736
(1307, 496) 737
(1310, 496) 738
(1308, 496) 739
(1308, 497) 740
(1309, 497) 741
(1309, 497) 742
(1306, 496) 743
(1302, 496) 744
(1292, 495) 745
(1286, 495) 746
(1278, 494) 747
(1273, 493) 748
(1273, 492) 749
(1274, 491) 750
(1275, 491) 751
(1274, 491) 752
(1273, 491) 753
(1272, 491) 754
(1271, 491) 755
(1270, 491) 756
(1270, 491) 757
(1276, 492) 758
(1282, 493) 759
(1287, 493) 760
(1292, 494) 761
(1297, 494) 762
(1301, 495) 763
(1312, 495) 764
(1316, 495) 765
(1319, 496) 766
(1319, 496) 767
(1322, 496) 768
(1326, 496) 769
(1330, 497) 770
(1332, 497) 771
(1334, 497) 772
(1337, 497) 773
(1339, 497) 774
(1340, 498) 775
(1341, 497) 776
(1342, 496) 777
(1344, 496) 778
(1353, 495) 779
(1362, 494) 780
(1370, 494) 781
(1378, 493) 782
(1386, 492) 783
(1392, 492) 784
(1398, 491) 785
(1403, 491) 786
(1408, 490) 787
(1412, 489) 788
(1416, 489) 789
(1419, 488) 790
(1422, 488) 791
(1425, 487) 792
(1427, 487) 793
(1430, 486) 794
(1432, 486) 795
(1433, 485) 796
(1435, 485) 797
(1436, 484) 798
(1445, 484) 799
(1450, 483) 800
(1454, 483) 801
(1454, 483) 802
(1449, 483) 803
(1438, 483) 804
(1430, 484) 805
(1421, 484) 806
(1412, 485) 807
(1403, 487) 808
(1394, 488) 809
(1385, 489) 810
(1371, 491) 811
(1357, 492) 812
(1340, 493) 813
(1321, 494) 814
(1305, 495) 815
(1290, 496) 816
(1276, 497) 817
(1261, 496) 818
(1247, 496) 819
(1237, 495) 820
(1234, 494) 821
(1233, 494) 822
(1233, 493) 823
(1234, 492) 824
(1235, 491) 825
(1237, 491) 826
(1238, 490) 827
(1239, 489) 828
(1241, 489) 829
(1241, 488) 830
(1240, 487) 831
(1239, 486) 832
(1238, 486) 833
(1236, 485) 834
(1237, 484) 835
(1237, 483) 836
(1235, 482) 837
(1234, 481) 838
(1232, 480) 839
(1231, 479) 840
(1230, 478) 841
(1229, 477) 842
(1228, 476) 843
(1227, 475) 844
(1226, 474) 845
(1225, 473) 846
(1225, 472) 847
(1224, 471) 848
(1224, 470) 849
(1223, 469) 850
(1223, 468) 851
(1222, 467) 852
(1222, 466) 853
(1222, 466) 854
(1223, 466) 855
(1223, 466) 856
(1224, 466) 857
(1224, 466) 858
(1225, 466) 859
(1225, 466) 860
(1225, 466) 861
(1226, 466) 862
(1226, 465) 863
(1226, 465) 864
(1226, 465) 865
(1227, 465) 866
(1227, 465) 867
(1227, 465) 868
(1227, 465) 869
(1227, 465) 870
(1227, 465) 871
(1229, 465) 872
(1231, 464) 873
(1237, 464) 874
(1243, 464) 875
(1243, 463) 876
(1249, 463) 877
(1254, 463) 878
(1258, 463) 879
(1262, 463) 880
(1269, 463) 881
(1276, 463) 882
(1282, 463) 883
(1288, 463) 884
(1292, 463) 885
(1296, 464) 886
(1300, 464) 887
(1303, 464) 888
(1306, 464) 889
(1308, 464) 890
(1310, 464) 891
(1311, 465) 892
(1312, 465) 893
(1312, 465) 894
(1314, 465) 895
(1316, 465) 896
(1317, 465) 897
(1318, 465) 898
(1319, 465) 899
(1319, 465) 900
(1320, 465) 901
(1320, 465) 902
(1320, 465) 903
(1320, 466) 904
(1320, 466) 905
(1320, 466) 906
(1320, 466) 907
(1320, 466) 908
(1320, 466) 909
(1320, 466) 910
(1320, 466) 911
(1320, 466) 912
(1320, 467) 913
(1320, 467) 914
(1320, 467) 915
(1320, 467) 916
(1320, 467) 917
(1320, 467) 918
(1320, 467) 919
(1320, 467) 920
(1320, 467) 921
(1320, 467) 922
(1322, 469) 923
(1327, 470) 924
(1332, 472) 925
(1338, 473) 926
(1341, 474) 927
(1345, 476) 928
(1350, 476) 929
(1354, 477) 930
(1359, 478) 931
(1363, 479) 932
(1368, 479) 933
(1372, 480) 934
(1375, 481) 935
(1378, 481) 936
(1381, 482) 937
(1384, 482) 938
(1386, 483) 939
(1388, 483) 940
(1390, 484) 941
(1391, 485) 942
(1398, 484) 943
(1404, 484) 944
(1410, 484) 945
(1414, 484) 946
(1418, 484) 947
(1422, 484) 948
(1424, 483) 949
(424, 511) 781
(424, 511) 782
(424, 511) 783
(424, 511) 784
(424, 511) 785
(425, 511) 786
(426, 512) 787
(427, 512) 788
(428, 513) 789
(429, 513) 790
(430, 513) 791
(431, 514) 792
(431, 514) 793
(432, 515) 794
(433, 515) 795
(433, 516) 796
(434, 516) 797
(436, 516) 798
(439, 516) 799
(441, 516) 800
(452, 516) 801
(460, 516) 802
(467, 516) 803
(474, 517) 804
(483, 517) 805
(492, 518) 806
(499, 518) 807
(505, 519) 808
(518, 519) 809
(529, 519) 810
(539, 519) 811
(548, 519) 812
(556, 519) 813
(564, 519) 814
(568, 519) 815
(573, 519) 816
(577, 519) 817
(580, 519) 818
(584, 519) 819
(586, 519) 820
(589, 519) 821
(591, 519) 822
(594, 518) 823
(595, 519) 824
(597, 519) 825
(598, 520) 826
(600, 520) 827
(601, 520) 828
(602, 521) 829
(603, 521) 830
(603, 521) 831
(604, 522) 832
(605, 522) 833
(606, 522) 834
(606, 523) 835
(609, 523) 836
(607, 523) 837
(606, 524) 838
(604, 524) 839
(603, 525) 840
(601, 525) 841
(600, 526) 842
(598, 526) 843
(596, 526) 844
(595, 526) 845
(593, 526) 846
(592, 526) 847
(583, 527) 848
(580, 528) 849
(582, 529) 850
(583, 530) 851
(584, 530) 852
(589, 532) 853
(594, 533) 854
(598, 534) 855
(602, 535) 856
(606, 536) 857
(609, 537) 858
(612, 537) 859
(614, 538) 860
(617, 539) 861
(627, 540) 862
(636, 541) 863
(644, 542) 864
(650, 543) 865
(660, 543) 866
(669, 543) 867
(681, 544) 868
(696, 544) 869
(702, 544) 870
(708, 545) 871
(713, 545) 872
(717, 545) 873
(721, 545) 874
(726, 546) 875
(732, 546) 876
(737, 547) 877
(741, 548) 878
(744, 549) 879
(748, 550) 880
(752, 550) 881
(755, 551) 882
(758, 551) 883
(762, 552) 884
(766, 552) 885
(769, 553) 886
(772, 554) 887
(775, 554) 888
(778, 555) 889
(781, 556) 890
(789, 555) 891
(794, 555) 892
(798, 555) 893
(801, 556) 894
(803, 556) 895
(813, 556) 896
(822, 556) 897
(834, 556) 898
(846, 556) 899
(852, 556) 900
(858, 556) 901
(867, 556) 902
(877, 556) 903
(889, 556) 904
(898, 556) 905
(906, 556) 906
(915, 555) 907
(922, 554) 908
(928, 554) 909
(934, 554) 910
(939, 553) 911
(944, 553) 912
(944, 553) 913
(947, 553) 914
(952, 552) 915
(949, 552) 916
(950, 552) 917
(949, 551) 918
(949, 550) 919
(941, 550) 920
(934, 550) 921
(927, 550) 922
(922, 550) 923
(919, 551) 924
(919, 551) 925
(919, 551) 926
(916, 551) 927
(913, 552) 928
(913, 552) 929
(916, 552) 930
(920, 552) 931
(924, 552) 932
(927, 552) 933
(928, 552) 934
(929, 552) 935
(930, 552) 936
(931, 553) 937
(933, 553) 938
(935, 553) 939
(936, 553) 940
(936, 553) 941
(938, 553) 942
(936, 553) 943
(934, 554) 944
(930, 554) 945
(927, 553) 946
(924, 553) 947
(921, 553) 948
(919, 553) 949
(916, 553) 950
(916, 552) 951
(916, 552) 952
(913, 552) 953
(910, 552) 954
(907, 552) 955
(908, 551) 956
(908, 551) 957
(907, 551) 958
(906, 551) 959
(907, 552) 960
(911, 552) 961
(914, 551) 962
(916, 551) 963
(917, 551) 964
(920, 550) 965
(918, 550) 966
(918, 550) 967
(915, 550) 968
(912, 549) 969
(910, 548) 970
(910, 548) 971
(911, 548) 972
(920, 547) 973
(926, 547) 974
(926, 546) 975
(926, 546) 976
(924, 545) 977
(918, 544) 978
(917, 544) 979
(914, 544) 980
(914, 543) 981
(912, 543) 982
(904, 543) 983
(893, 542) 984
(886, 542) 985
(878, 541) 986
(874, 541) 987
(871, 541) 988
(864, 540) 989
(859, 540) 990
(855, 540) 991
(850, 540) 992
(844, 539) 993
(839, 539) 994
(833, 539) 995
(829, 539) 996
(826, 538) 997
(822, 538) 998
(819, 538) 999
(819, 538) 1000
(818, 538) 1001
(815, 538) 1002
(812, 537) 1003
(809, 537) 1004
(808, 537) 1005
(804, 536) 1006
(802, 536) 1007
(802, 535) 1008
(802, 535) 1009
(800, 535) 1010
(798, 534) 1011
(797, 534) 1012
(798, 534) 1013
(797, 534) 1014
(798, 533) 1015
(800, 533) 1016
(800, 533) 1017
(799, 533) 1018
(799, 533) 1019
(800, 532) 1020
(802, 532) 1021
(805, 532) 1022
(807, 532) 1023
(807, 533) 1024
(808, 533) 1025
(808, 533) 1026
(809, 533) 1027
(812, 533) 1028
(816, 533) 1029
(819, 533) 1030
(820, 533) 1031
(820, 533) 1032
(820, 533) 1033
(820, 533) 1034
(823, 533) 1035
(826, 533) 1036
(829, 533) 1037
(832, 533) 1038
(834, 533) 1039
(836, 533) 1040
(837, 533) 1041
(839, 533) 1042
(839, 533) 1043
(841, 534) 1044
(842, 534) 1045
(843, 534) 1046
(851, 535) 1047
(852, 535) 1048
(853, 534) 1049
(855, 533) 1050
(858, 533) 1051
(858, 533) 1052
(860, 533) 1053
(861, 533) 1054
(863, 533) 1055
(864, 534) 1056
(865, 534) 1057
(867, 535) 1058
(869, 535) 1059
(876, 535) 1060
(883, 535) 1061
(889, 536) 1062
(895, 536) 1063
(902, 536) 1064
(914, 536) 1065
(924, 536) 1066
(934, 536) 1067
(942, 537) 1068
(950, 536) 1069
(958, 536) 1070
(965, 536) 1071
(972, 536) 1072
(980, 536) 1073
(987, 536) 1074
(999, 535) 1075
(1010, 535) 1076
(1021, 533) 1077
(1031, 532) 1078
(1040, 530) 1079
(1049, 529) 1080
(1056, 527) 1081
(1061, 526) 1082
(1065, 525) 1083
(1069, 523) 1084
(1073, 522) 1085
(1079, 521) 1086
(1088, 520) 1087
(1097, 519) 1088
(1104, 518) 1089
(1114, 517) 1090
(1122, 516) 1091
(1131, 516) 1092
(1291, 769) 791
(1290, 769) 792
(1289, 769) 793
(1288, 769) 794
(1288, 769) 795
(1291, 768) 796
(1295, 768) 797
(1299, 768) 798
(1302, 768) 799
(1305, 768) 800
(1308, 768) 801
(1310, 768) 802
(1312, 768) 803
(1314, 768) 804
(1316, 768) 805
(1318, 768) 806
(1319, 768) 807
(1320, 768) 808
(1322, 768) 809
(1323, 768) 810
(1330, 767) 811
(1336, 766) 812
(1342, 764) 813
(1347, 763) 814
(1352, 762) 815
(1357, 761) 816
(1360, 760) 817
(1364, 759) 818
(1367, 758) 819
(1370, 756) 820
(1373, 755) 821
(1375, 754) 822
(1377, 753) 823
(1378, 751) 824
(1378, 750) 825
(1377, 748) 826
(1376, 747) 827
(1375, 745) 828
(1374, 744) 829
(1372, 742) 830
(1371, 740) 831
(1369, 739) 832
(1368, 737) 833
(1363, 736) 834
(1362, 735) 835
(1361, 733) 836
(1360, 732) 837
(1358, 730) 838
(1357, 729) 839
(1355, 728) 840
(1354, 726) 841
(1353, 725) 842
(1353, 724) 843
(1357, 723) 844
(1363, 722) 845
(1369, 721) 846
(1376, 720) 847
(1382, 719) 848
(1388, 718) 849
(1394, 717) 850
(1400, 717) 851
(1405, 716) 852
(1406, 714) 853
(1407, 713) 854
(1407, 711) 855
(1407, 710) 856
(1406, 709) 857
(1403, 708) 858
(1401, 706) 859
(1399, 705) 860
(1398, 704) 861
(1396, 703) 862
(1395, 702) 863
(1393, 701) 864
(1392, 700) 865
(1391, 699) 866
(1390, 698) 867
(1382, 698) 868
(1376, 697) 869
(1370, 697) 870
(1367, 697) 871
(1366, 697) 872
(1365, 697) 873
(1365, 696) 874
(1366, 696) 875
(1367, 696) 876
(1368, 696) 877
(1368, 696) 878
(1369, 696) 879
(1370, 696) 880
(1371, 697) 881
(1372, 697) 882
(1373, 697) 883
(1373, 697) 884
(1373, 697) 885
(1374, 697) 886
(1374, 698) 887
(1374, 698) 888
(1374, 698) 889
(1374, 698) 890
(1374, 699) 891
(1373, 699) 892
(1372, 699) 893
(1371, 699) 894
(1370, 700) 895
(1369, 700) 896
(1361, 700) 897
(1354, 699) 898
(1347, 699) 899
(1341, 699) 900
(1337, 698) 901
(1332, 698) 902
(1328, 698) 903
(1325, 698) 904
(1322, 697) 905
(1319, 697) 906
(1317, 697) 907
(348, 498) 821
(350, 496) 822
(352, 495) 823
(354, 495) 824
(355, 495) 825
(354, 496) 826
(353, 497) 827
(352, 498) 828
(351, 499) 829
(350, 500) 830
(350, 501) 831
(351, 503) 832
(353, 504) 833
(355, 506) 834
(356, 507) 835
(358, 508) 836
(359, 510) 837
(360, 511) 838
(361, 513) 839
(362, 515) 840
(363, 516) 841
(363, 518) 842
(364, 520) 843
(364, 522) 844
(366, 522) 845
(367, 523) 846
(369, 524) 847
(370, 524) 848
(371, 525) 849
(372, 526) 850
(373, 526) 851
(374, 527) 852
(382, 527) 853
(389, 526) 854
(395, 526) 855
(401, 526) 856
(406, 526) 857
(411, 526) 858
(415, 526) 859
(419, 525) 860
(423, 525) 861
(426, 525) 862
(428, 525) 863
(431, 525) 864
(433, 525) 865
(435, 524) 866
(437, 524) 867
(439, 524) 868
(443, 525) 869
(447, 525) 870
(450, 526) 871
(453, 527) 872
(456, 527) 873
(466, 528) 874
(474, 528) 875
(482, 529) 876
(489, 530) 877
(503, 531) 878
(515, 532) 879
(526, 534) 880
(536, 535) 881
(545, 536) 882
(552, 538) 883
(560, 539) 884
(566, 540) 885
(572, 541) 886
(577, 543) 887
(582, 544) 888
(586, 545) 889
(590, 546) 890
(593, 547) 891
(596, 548) 892
(599, 549) 893
(602, 550) 894
(604, 551) 895
(606, 552) 896
(606, 553) 897
(605, 553) 898
(602, 554) 899
(600, 554) 900
(598, 554) 901
(596, 554) 902
(595, 555) 903
(593, 555) 904
(590, 555) 905
(580, 555) 906
(571, 554) 907
(571, 554) 908
(574, 554) 909
(579, 553) 910
(583, 552) 911
(586, 551) 912
(591, 550) 913
(595, 549) 914
(599, 548) 915
(603, 547) 916
(606, 545) 917
(609, 544) 918
(611, 543) 919
(613, 543) 920
(616, 542) 921
(617, 541) 922
(617, 540) 923
(616, 538) 924
(614, 536) 925
(611, 535) 926
(608, 533) 927
(605, 531) 928
(602, 529) 929
(599, 528) 930
(596, 526) 931
(592, 524) 932
(589, 522) 933
(586, 520) 934
(589, 519) 935
(591, 518) 936
(599, 518) 937
(604, 517) 938
(608, 516) 939
(616, 516) 940
(616, 515) 941
(616, 514) 942
(617, 514) 943
(617, 513) 944
(618, 513) 945
(618, 513) 946
(618, 512) 947
(612, 512) 948
(606, 511) 949
(601, 511) 950
(598, 512) 951
(592, 512) 952
(588, 512) 953
(585, 512) 954
(582, 513) 955
(580, 513) 956
(580, 513) 957
(585, 513) 958
(594, 514) 959
(602, 514) 960
(610, 514) 961
(609, 514) 962
(608, 515) 963
(605, 515) 964
(602, 516) 965
(593, 516) 966
(585, 517) 967
(577, 518) 968
(570, 519) 969
(564, 519) 970
(558, 520) 971
(553, 521) 972
(549, 522) 973
(545, 522) 974
(541, 522) 975
(537, 521) 976
(533, 521) 977
(530, 521) 978
(528, 520) 979
(526, 520) 980
(525, 520) 981
(524, 520) 982
(523, 519) 983
(523, 519) 984
(522, 519) 985
(521, 518) 986
(515, 519) 987
(517, 518) 988
(518, 518) 989
(518, 518) 990
(519, 517) 991
(520, 517) 992
(521, 517) 993
(521, 517) 994
(521, 516) 995
(517, 515) 996
(513, 514) 997
(509, 512) 998
(505, 511) 999
(502, 509) 1000
(500, 508) 1001
(497, 506) 1002
(495, 505) 1003
(493, 504) 1004
(491, 502) 1005
(490, 501) 1006
(488, 500) 1007
(487, 499) 1008
(486, 497) 1009
(485, 496) 1010
(484, 495) 1011
(483, 494) 1012
(482, 493) 1013
(482, 492) 1014
(481, 491) 1015
(480, 490) 1016
(480, 489) 1017
(480, 488) 1018
(479, 487) 1019
(475, 487) 1020
(471, 486) 1021
(467, 486) 1022
(463, 486) 1023
(460, 485) 1024
(454, 485) 1025
(449, 485) 1026
(444, 485) 1027
(440, 485) 1028
(437, 486) 1029
(434, 486) 1030
(426, 488) 1031
(420, 489) 1032
(414, 491) 1033
(408, 492) 1034
(402, 493) 1035
(397, 495) 1036
(391, 496) 1037
(391, 497) 1038
(389, 498) 1039
(387, 499) 1040
(384, 500) 1041
(381, 501) 1042
(377, 502) 1043
(375, 502) 1044
(372, 503) 1045
(369, 504) 1046
(364, 505) 1047
(358, 506) 1048
(353, 507) 1049
(348, 508) 1050
(344, 509) 1051
(342, 510) 1052
(342, 512) 1053
(343, 514) 1054
(343, 515) 1055
(344, 517) 1056
(343, 519) 1057
(340, 520) 1058
(339, 521) 1059
(337, 523) 1060
(337, 524) 1061
(336, 526) 1062
(335, 528) 1063
(334, 529) 1064
(333, 530) 1065
(333, 531) 1066
(334, 533) 1067
(333, 534) 1068
(328, 535) 1069
(318, 536) 1070
(309, 538) 1071
(300, 540) 1072
(291, 542) 1073
(284, 543) 1074
(277, 545) 1075
(271, 546) 1076
(265, 548) 1077
(261, 549) 1078
(257, 551) 1079
(253, 552) 1080
(250, 554) 1081
(248, 555) 1082
(423, 620) 854
(423, 620) 855
(423, 620) 856
(423, 620) 857
(423, 620) 858
(423, 620) 859
(423, 620) 860
(423, 620) 861
(423, 620) 862
(423, 620) 863
(423, 620) 864
(423, 620) 865
(423, 620) 866
(423, 620) 867
(423, 620) 868
(423, 620) 869
(423, 620) 870
(423, 620) 871
(423, 620) 872
(423, 620) 873
(423, 620) 874
(422, 618) 875
(421, 617) 876
(419, 615) 877
(417, 614) 878
(414, 613) 879
(411, 612) 880
(407, 611) 881
(405, 610) 882
(402, 609) 883
(397, 608) 884
(392, 607) 885
(386, 606) 886
(381, 605) 887
(376, 604) 888
(372, 603) 889
(370, 602) 890
(367, 600) 891
(366, 599) 892
(367, 597) 893
(368, 596) 894
(370, 594) 895
(371, 593) 896
(372, 591) 897
(373, 589) 898
(373, 588) 899
(369, 585) 900
(364, 583) 901
(359, 580) 902
(357, 578) 903
(356, 576) 904
(355, 575) 905
(354, 574) 906
(353, 572) 907
(353, 570) 908
(351, 570) 909
(350, 569) 910
(348, 568) 911
(348, 567) 912
(351, 566) 913
(356, 565) 914
(360, 564) 915
(362, 563) 916
(363, 561) 917
(364, 560) 918
(365, 559) 919
(365, 557) 920
(366, 556) 921
(367, 555) 922
(367, 553) 923
(368, 552) 924
(368, 551) 925
(368, 550) 926
(369, 548) 927
(369, 547) 928
(369, 546) 929
(369, 545) 930
(370, 544) 931
(370, 543) 932
(370, 542) 933
(370, 541) 934
(370, 540) 935
(370, 539) 936
(296, 631) 946
(296, 631) 947
(295, 630) 948
(294, 630) 949
(295, 631) 950
(296, 630) 951
(298, 630) 952
(300, 630) 953
(303, 629) 954
(308, 628) 955
(312, 627) 956
(316, 625) 957
(325, 624) 958
(333, 622) 959
(340, 621) 960
(341, 619) 961
(343, 617) 962
(344, 615) 963
(344, 613) 964
(345, 611) 965
(345, 609) 966
(352, 608) 967
(359, 606) 968
(362, 605) 969
(363, 604) 970
(365, 602) 971
(367, 601) 972
(368, 600) 973
(368, 598) 974
(363, 597) 975
(363, 596) 976
(363, 595) 977
(363, 593) 978
(363, 592) 979
(363, 591) 980
(363, 590) 981
(357, 588) 982
(348, 588) 983
(339, 587) 984
(333, 586) 985
(328, 584) 986
(321, 583) 987
(316, 581) 988
(310, 580) 989
(306, 578) 990
(302, 577) 991
(298, 576) 992
(300, 574) 993
(302, 573) 994
(302, 572) 995
(303, 572) 996
(305, 570) 997
(308, 569) 998
(312, 568) 999
(315, 567) 1000
(319, 566) 1001
(323, 566) 1002
(328, 565) 1003
(333, 564) 1004
(338, 564) 1005
(343, 563) 1006
(347, 562) 1007
(351, 561) 1008
(354, 561) 1009
(357, 560) 1010
(360, 559) 1011
(363, 559) 1012
(365, 558) 1013
(363, 558) 1014
(361, 558) 1015
(361, 557) 1016
(361, 557) 1017
(361, 557) 1018
(362, 557) 1019
(362, 556) 1020
(363, 556) 1021
(364, 556) 1022
(364, 555) 1023
(365, 555) 1024
(365, 555) 1025
(365, 554) 1026
(369, 555) 1027
(373, 556) 1028
(375, 557) 1029
(1368, 482) 974
(1368, 482) 975
(1368, 482) 976
(1367, 482) 977
(1366, 482) 978
(1363, 482) 979
(1359, 482) 980
(1356, 482) 981
(1354, 482) 982
(1353, 482) 983
(1352, 482) 984
(1351, 482) 985
(1350, 481) 986
(1348, 481) 987
(1347, 481) 988
(1346, 481) 989
(1344, 481) 990
(1343, 481) 991
(1342, 481) 992
(1341, 481) 993
(1342, 481) 994
(1344, 481) 995
(1348, 481) 996
(1348, 481) 997
(1349, 481) 998
(1350, 481) 999
(1351, 481) 1000
(1352, 481) 1001
(1353, 482) 1002
(1354, 482) 1003
(1355, 482) 1004
(1356, 482) 1005
(1356, 483) 1006
(1357, 483) 1007
(1357, 483) 1008
(1358, 483) 1009
(1358, 484) 1010
(1359, 484) 1011
(1359, 484) 1012
(1360, 484) 1013
(1360, 485) 1014
(1365, 485) 1015
(1372, 486) 1016
(1379, 486) 1017
(1385, 487) 1018
(1391, 488) 1019
(1397, 488) 1020
(1402, 489) 1021
(1407, 490) 1022
(1411, 490) 1023
(1416, 491) 1024
(1420, 491) 1025
(1421, 492) 1026
(1421, 493) 1027
(1423, 494) 1028
(1425, 495) 1029
(1427, 496) 1030
(1431, 497) 1031
(1436, 498) 1032
(1441, 500) 1033
(1445, 501) 1034
(1448, 501) 1035
(1450, 502) 1036
(1453, 503) 1037
(1456, 504) 1038
(1464, 505) 1039
(1474, 506) 1040
(1488, 506) 1041
(1500, 505) 1042
(1510, 505) 1043
(1518, 505) 1044
(1525, 504) 1045
(1530, 504) 1046
(1534, 504) 1047
