(506, 501) 876
(506, 501) 877
(506, 501) 878
(506, 501) 879
(506, 501) 880
(506, 501) 881
(507, 501) 882
(507, 502) 883
(508, 502) 884
(508, 502) 885
(509, 502) 886
(509, 503) 887
(510, 503) 888
(511, 503) 889
(512, 503) 890
(513, 504) 891
(514, 504) 892
(515, 504) 893
(516, 505) 894
(516, 505) 895
(517, 505) 896
(518, 506) 897
(519, 506) 898
(520, 506) 899
(521, 507) 900
(521, 507) 901
(522, 507) 902
(522, 508) 903
(523, 508) 904
(524, 508) 905
(524, 509) 906
(525, 509) 907
(525, 509) 908
(526, 509) 909
(526, 510) 910
(527, 510) 911
(527, 510) 912
(527, 511) 913
(528, 511) 914
(528, 511) 915
(528, 512) 916
(529, 512) 917
(529, 512) 918
(529, 512) 919
(530, 513) 920
(530, 513) 921
(531, 513) 922
(531, 514) 923
(525, 514) 924
(524, 514) 925
(524, 514) 926
(524, 513) 927
(525, 514) 928
(526, 514) 929
(527, 514) 930
(528, 514) 931
(529, 514) 932
(531, 515) 933
(532, 515) 934
(534, 515) 935
(535, 515) 936
(537, 516) 937
(537, 516) 938
(535, 516) 939
(533, 516) 940
(532, 516) 941
(532, 516) 942
(532, 516) 943
(533, 516) 944
(533, 517) 945
(533, 517) 946
(533, 516) 947
(534, 516) 948
(534, 516) 949
(535, 516) 950
(537, 516) 951
(538, 516) 952
(540, 516) 953
(542, 516) 954
(545, 516) 955
(547, 516) 956
(548, 516) 957
(551, 516) 958
(558, 516) 959
(560, 517) 960
(562, 517) 961
(564, 517) 962
(565, 518) 963
(567, 518) 964
(568, 518) 965
(570, 519) 966
(571, 519) 967
(572, 519) 968
(573, 520) 969
(575, 520) 970
(576, 520) 971
(577, 521) 972
(578, 521) 973
(578, 521) 974
(583, 522) 975
(586, 523) 976
(590, 524) 977
(592, 524) 978
(594, 525) 979
(597, 525) 980
(598, 525) 981
(600, 525) 982
(603, 525) 983
(607, 525) 984
(611, 524) 985
(612, 524) 986
(613, 524) 987
(615, 523) 988
(616, 522) 989
(616, 521) 990
(617, 521) 991
(617, 520) 992
(616, 519) 993
(614, 519) 994
(612, 519) 995
(609, 518) 996
(607, 518) 997
(603, 518) 998
(600, 518) 999
(600, 517) 1000
(602, 518) 1001
(607, 518) 1002
(604, 518) 1003
(601, 518) 1004
(597, 518) 1005
(597, 518) 1006
(596, 518) 1007
(595, 519) 1008
(588, 519) 1009
(582, 521) 1010
(576, 522) 1011
(574, 524) 1012
(568, 525) 1013
(566, 526) 1014
(564, 527) 1015
(564, 528) 1016
(563, 529) 1017
(563, 531) 1018
(562, 532) 1019
(560, 533) 1020
(558, 535) 1021
(555, 536) 1022
(552, 537) 1023
(549, 539) 1024
(540, 540) 1025
(532, 542) 1026
(525, 543) 1027
(517, 545) 1028
(510, 546) 1029
(504, 547) 1030
(497, 549) 1031
(491, 550) 1032
(485, 551) 1033
(480, 552) 1034
(474, 554) 1035
(469, 555) 1036
(464, 556) 1037
(460, 557) 1038
(457, 558) 1039
(453, 559) 1040
(450, 560) 1041
(447, 561) 1042
(439, 561) 1043
(433, 561) 1044
(427, 561) 1045
(431, 560) 1046
(434, 560) 1047
(444, 559) 1048
(454, 558) 1049
(460, 558) 1050
(465, 557) 1051
(471, 557) 1052
(475, 556) 1053
(484, 555) 1054
(491, 555) 1055
(501, 554) 1056
(512, 554) 1057
(526, 554) 1058
(534, 554) 1059
(541, 553) 1060
(545, 553) 1061
(550, 552) 1062
(552, 552) 1063
(556, 552) 1064
(559, 552) 1065
(562, 551) 1066
(567, 551) 1067
(571, 550) 1068
(569, 550) 1069
(563, 550) 1070
(557, 550) 1071
(552, 550) 1072
(547, 550) 1073
(538, 550) 1074
(530, 550) 1075
(524, 549) 1076
(518, 549) 1077
(512, 549) 1078
(504, 549) 1079
(497, 549) 1080
(495, 548) 1081
(493, 548) 1082
(492, 548) 1083
(488, 547) 1084
(485, 547) 1085
(482, 546) 1086
(482, 546) 1087
(480, 546) 1088
(478, 545) 1089
(476, 545) 1090
(474, 545) 1091
(472, 544) 1092
(471, 544) 1093
(470, 543) 1094
(468, 543) 1095
(468, 543) 1096
(468, 543) 1097
(471, 543) 1098
(474, 543) 1099
(477, 543) 1100
(478, 543) 1101
(479, 543) 1102
(479, 543) 1103
(479, 543) 1104
(477, 543) 1105
(475, 543) 1106
(473, 543) 1107
(471, 543) 1108
(469, 543) 1109
(471, 543) 1110
(472, 543) 1111
(474, 543) 1112
(474, 543) 1113
(470, 542) 1114
(460, 543) 1115
(454, 543) 1116
(448, 542) 1117
(443, 542) 1118
(439, 542) 1119
(436, 541) 1120
(434, 540) 1121
(432, 540) 1122
(430, 539) 1123
(428, 538) 1124
(426, 538) 1125
(424, 537) 1126
(423, 537) 1127
(422, 536) 1128
(421, 536) 1129
(420, 535) 1130
(419, 535) 1131
(418, 535) 1132
(417, 534) 1133
(416, 534) 1134
(415, 533) 1135
(415, 533) 1136
(415, 533) 1137
(414, 532) 1138
(414, 532) 1139
(410, 532) 1140
(406, 532) 1141
(406, 531) 1142
(406, 531) 1143
(406, 530) 1144
(406, 529) 1145
(406, 528) 1146
(406, 527) 1147
(406, 526) 1148
(405, 525) 1149
(406, 525) 1150
(406, 524) 1151
(406, 523) 1152
(406, 522) 1153
(407, 522) 1154
(407, 521) 1155
(408, 520) 1156
(409, 519) 1157
(410, 518) 1158
(411, 518) 1159
(413, 517) 1160
(411, 517) 1161
(410, 516) 1162
(410, 516) 1163
(416, 516) 1164
(422, 516) 1165
(427, 516) 1166
(432, 517) 1167
(436, 517) 1168
(440, 517) 1169
(444, 517) 1170
(447, 518) 1171
(447, 518) 1172
(448, 519) 1173
(450, 519) 1174
(453, 520) 1175
(455, 521) 1176
(457, 522) 1177
(460, 522) 1178
(462, 523) 1179
(465, 524) 1180
(466, 524) 1181
(468, 525) 1182
(476, 526) 1183
(482, 527) 1184
(488, 527) 1185
(493, 528) 1186
(498, 529) 1187
(503, 529) 1188
(506, 530) 1189
(510, 530) 1190
(513, 531) 1191
(516, 532) 1192
(518, 532) 1193
(517, 533) 1194
(516, 533) 1195
(515, 534) 1196
(514, 534) 1197
(514, 534) 1198
(513, 535) 1199
(512, 535) 1200
(512, 535) 1201
(511, 536) 1202
(511, 536) 1203
(510, 536) 1204
(510, 537) 1205
(510, 537) 1206
(509, 537) 1207
(509, 538) 1208
(509, 538) 1209
(509, 538) 1210
(513, 539) 1211
(517, 539) 1212
(521, 539) 1213
(524, 540) 1214
(526, 540) 1215
(528, 540) 1216
(529, 540) 1217
(530, 540) 1218
(531, 540) 1219
(532, 540) 1220
(533, 540) 1221
(534, 541) 1222
(533, 540) 1223
(532, 540) 1224
(531, 539) 1225
(528, 539) 1226
(524, 538) 1227
(521, 537) 1228
(518, 536) 1229
(513, 535) 1230
(509, 535) 1231
(506, 535) 1232
(503, 534) 1233
(500, 534) 1234
(498, 534) 1235
(496, 533) 1236
(494, 532) 1237
(491, 531) 1238
(1444, 476) 924
(1443, 475) 925
(1442, 475) 926
(1441, 475) 927
(1440, 475) 928
(1438, 475) 929
(1438, 475) 930
(1439, 475) 931
(1441, 476) 932
(1443, 476) 933
(1444, 476) 934
(1445, 476) 935
(1446, 476) 936
(1447, 476) 937
(1447, 477) 938
(1448, 477) 939
(1449, 477) 940
(1449, 477) 941
(1450, 476) 942
(1450, 476) 943
(1450, 475) 944
(1450, 474) 945
(1452, 473) 946
(1453, 471) 947
(1453, 470) 948
(1452, 468) 949
(1450, 466) 950
(1445, 463) 951
(1440, 460) 952
(1436, 457) 953
(1431, 453) 954
(1432, 452) 955
(1432, 450) 956
(1429, 447) 957
(1425, 443) 958
(1422, 440) 959
(1419, 437) 960
(1416, 435) 961
(1414, 432) 962
(1413, 429) 963
(1411, 426) 964
(1410, 423) 965
(1409, 420) 966
(1408, 418) 967
(1414, 415) 968
(1420, 413) 969
(1426, 410) 970
(1432, 408) 971
(1437, 406) 972
(1442, 404) 973
(1447, 402) 974
(1452, 400) 975
(1457, 398) 976
(1462, 396) 977
(1466, 395) 978
(1470, 393) 979
(1474, 391) 980
(1477, 390) 981
(1480, 388) 982
(1483, 386) 983
(1483, 385) 984
(1483, 384) 985
(1481, 381) 986
(1479, 379) 987
(1476, 377) 988
(1473, 374) 989
(1470, 372) 990
(1468, 369) 991
(1463, 366) 992
(1458, 363) 993
(1452, 359) 994
(1447, 356) 995
(1443, 353) 996
(1439, 349) 997
(1436, 346) 998
(1433, 343) 999
(1430, 340) 1000
(1427, 337) 1001
(1424, 334) 1002
(1420, 331) 1003
(1420, 328) 1004
(1419, 326) 1005
(1419, 323) 1006
(1419, 321) 1007
(1416, 318) 1008
(1413, 316) 1009
(1411, 313) 1010
(1409, 311) 1011
(1407, 309) 1012
(1406, 306) 1013
(1404, 304) 1014
(1403, 302) 1015
(1395, 300) 1016
(1721, 543) 924
(1720, 543) 925
(1720, 543) 926
(1719, 543) 927
(1718, 543) 928
(1717, 543) 929
(1716, 544) 930
(1715, 544) 931
(1714, 544) 932
(1713, 544) 933
(1711, 545) 934
(1710, 545) 935
(1709, 545) 936
(1709, 545) 937
(1709, 546) 938
(1710, 546) 939
(1711, 546) 940
(1711, 546) 941
(1712, 546) 942
(1712, 547) 943
(1712, 547) 944
(1712, 547) 945
(1713, 547) 946
(1713, 548) 947
(1713, 548) 948
(1713, 548) 949
(1713, 548) 950
(1713, 548) 951
(1713, 549) 952
(1713, 549) 953
(1714, 549) 954
(1714, 550) 955
(1714, 550) 956
(1714, 550) 957
(1715, 551) 958
(1715, 551) 959
(1715, 552) 960
(1716, 552) 961
(1716, 553) 962
(1717, 553) 963
(1717, 554) 964
(1718, 554) 965
(1718, 555) 966
(1719, 556) 967
(1719, 556) 968
(1720, 557) 969
(1721, 558) 970
(1721, 558) 971
(1721, 559) 972
(1722, 560) 973
(1722, 561) 974
(1723, 561) 975
(1723, 562) 976
(1724, 563) 977
(1728, 565) 978
(1734, 567) 979
(1739, 569) 980
(1745, 571) 981
(1750, 573) 982
(1756, 575) 983
(1761, 577) 984
(1766, 579) 985
(1771, 581) 986
(1776, 583) 987
(1780, 585) 988
(1785, 587) 989
(1789, 589) 990
(1793, 591) 991
(1797, 593) 992
(1800, 595) 993
(1804, 597) 994
(1807, 599) 995
(1810, 601) 996
(1814, 603) 997
(1814, 604) 998
(1814, 605) 999
(1814, 607) 1000
(1814, 608) 1001
(1815, 610) 1002
(1816, 611) 1003
(1819, 613) 1004
(1823, 616) 1005
(1827, 618) 1006
(1832, 620) 1007
(1836, 623) 1008
(1840, 625) 1009
(1844, 628) 1010
(1848, 630) 1011
(1851, 633) 1012
(1854, 635) 1013
(1856, 637) 1014
(1859, 640) 1015
(1862, 642) 1016
(1865, 644) 1017
(1868, 647) 1018
(1871, 649) 1019
(1874, 651) 1020
(1878, 654) 1021
(60, 570) 968
(60, 570) 969
(61, 570) 970
(62, 570) 971
(62, 570) 972
(63, 570) 973
(64, 570) 974
(65, 570) 975
(65, 570) 976
(66, 570) 977
(67, 570) 978
(68, 570) 979
(75, 571) 980
(82, 571) 981
(89, 571) 982
(95, 572) 983
(100, 572) 984
(105, 572) 985
(111, 572) 986
(115, 573) 987
(120, 573) 988
(124, 573) 989
(128, 573) 990
(132, 573) 991
(135, 573) 992
(138, 574) 993
(140, 574) 994
(142, 574) 995
(144, 574) 996
(146, 574) 997
(147, 574) 998
(154, 574) 999
(160, 573) 1000
(165, 573) 1001
(169, 572) 1002
(172, 572) 1003
(175, 571) 1004
(178, 571) 1005
(180, 571) 1006
(182, 570) 1007
(184, 570) 1008
(187, 569) 1009
(189, 569) 1010
(191, 569) 1011
(192, 568) 1012
(194, 568) 1013
(195, 568) 1014
(197, 568) 1015
(197, 567) 1016
(197, 567) 1017
(196, 566) 1018
(195, 566) 1019
(194, 566) 1020
(194, 565) 1021
(199, 565) 1022
(204, 565) 1023
(213, 564) 1024
(221, 564) 1025
(228, 564) 1026
(234, 564) 1027
(240, 563) 1028
(245, 563) 1029
(250, 563) 1030
(254, 562) 1031
(258, 562) 1032
(262, 562) 1033
(266, 561) 1034
(269, 561) 1035
(272, 560) 1036
(278, 560) 1037
(280, 560) 1038
(282, 560) 1039
(283, 559) 1040
(284, 559) 1041
(284, 558) 1042
(281, 558) 1043
(279, 557) 1044
(277, 557) 1045
(276, 556) 1046
(276, 556) 1047
(275, 555) 1048
(274, 555) 1049
(274, 555) 1050
(273, 554) 1051
(272, 554) 1052
(272, 554) 1053
(271, 553) 1054
(270, 553) 1055
(268, 553) 1056
(267, 553) 1057
(268, 552) 1058
(268, 552) 1059
(268, 551) 1060
(269, 551) 1061
(269, 551) 1062
(269, 550) 1063
(269, 550) 1064
(269, 550) 1065
(269, 549) 1066
(269, 549) 1067
(269, 549) 1068
(269, 548) 1069
(269, 548) 1070
(269, 548) 1071
(269, 548) 1072
(268, 547) 1073
(268, 547) 1074
(268, 547) 1075
(268, 547) 1076
(268, 546) 1077
(268, 546) 1078
(268, 546) 1079
(268, 546) 1080
(270, 545) 1081
(271, 545) 1082
(272, 545) 1083
(272, 545) 1084
(272, 544) 1085
(271, 544) 1086
(271, 544) 1087
(269, 543) 1088
(268, 543) 1089
(267, 542) 1090
(266, 542) 1091
(265, 542) 1092
(265, 541) 1093
(264, 541) 1094
(263, 541) 1095
(263, 540) 1096
(262, 540) 1097
(261, 539) 1098
(257, 539) 1099
(252, 539) 1100
(249, 539) 1101
(244, 539) 1102
(241, 538) 1103
(237, 538) 1104
(233, 538) 1105
(229, 538) 1106
(226, 537) 1107
(223, 537) 1108
(219, 537) 1109
(216, 536) 1110
(212, 536) 1111
(209, 535) 1112
(205, 535) 1113
(202, 535) 1114
(199, 534) 1115
(196, 534) 1116
(193, 534) 1117
(190, 533) 1118
(188, 533) 1119
(184, 532) 1120
(184, 532) 1121
(181, 531) 1122
(178, 531) 1123
(175, 530) 1124
(171, 530) 1125
(168, 529) 1126
(164, 529) 1127
(160, 529) 1128
(157, 528) 1129
(153, 528) 1130
(150, 528) 1131
(146, 527) 1132
(143, 527) 1133
(140, 527) 1134
(137, 526) 1135
(134, 526) 1136
(132, 526) 1137
(129, 525) 1138
(126, 525) 1139
(124, 524) 1140
(122, 524) 1141
(120, 524) 1142
(118, 523) 1143
(117, 523) 1144
(115, 522) 1145
(114, 522) 1146
(113, 522) 1147
(112, 521) 1148
(111, 521) 1149
(110, 521) 1150
(110, 520) 1151
(109, 520) 1152
(102, 521) 1153
(96, 521) 1154
(92, 522) 1155
(88, 523) 1156
(85, 523) 1157
(83, 524) 1158
(81, 525) 1159
(80, 525) 1160
(72, 527) 1161
(72, 527) 1162
(74, 529) 1163
(77, 530) 1164
(84, 531) 1165
(87, 533) 1166
(90, 534) 1167
(92, 536) 1168
(95, 537) 1169
(98, 538) 1170
(101, 539) 1171
(101, 541) 1172
(101, 542) 1173
(104, 543) 1174
(107, 544) 1175
(109, 546) 1176
(111, 547) 1177
(110, 548) 1178
(111, 550) 1179
(110, 552) 1180
(109, 554) 1181
(864, 297) 985
(864, 297) 986
(864, 296) 987
(864, 296) 988
(868, 295) 989
(872, 293) 990
(875, 292) 991
(878, 291) 992
(881, 290) 993
(884, 289) 994
(886, 288) 995
(888, 287) 996
(890, 286) 997
(892, 285) 998
(894, 284) 999
(896, 284) 1000
(898, 283) 1001
(899, 282) 1002
(900, 281) 1003
(902, 281) 1004
(903, 280) 1005
(904, 280) 1006
(904, 279) 1007
(905, 278) 1008
(906, 278) 1009
(906, 277) 1010
(907, 276) 1011
(908, 276) 1012
(908, 275) 1013
(908, 275) 1014
(909, 274) 1015
(909, 274) 1016
(909, 273) 1017
(910, 273) 1018
(910, 272) 1019
(908, 273) 1020
(907, 274) 1021
(906, 275) 1022
(905, 276) 1023
(905, 277) 1024
(909, 277) 1025
(913, 277) 1026
(917, 278) 1027
(915, 279) 1028
(913, 280) 1029
(912, 281) 1030
(910, 281) 1031
(909, 282) 1032
(908, 283) 1033
(907, 284) 1034
(908, 284) 1035
(908, 284) 1036
(908, 284) 1037
(909, 284) 1038
(909, 284) 1039
(909, 284) 1040
(909, 284) 1041
(910, 285) 1042
(910, 285) 1043
(910, 285) 1044
(910, 285) 1045
(910, 285) 1046
(910, 285) 1047
(911, 285) 1048
(910, 285) 1049
(904, 284) 1050
(898, 283) 1051
(893, 282) 1052
(888, 281) 1053
(885, 280) 1054
(881, 279) 1055
(879, 278) 1056
(875, 278) 1057
(872, 277) 1058
(869, 277) 1059
(867, 276) 1060
(865, 276) 1061
(864, 275) 1062
(863, 275) 1063
(862, 275) 1064
(861, 274) 1065
(856, 275) 1066
(852, 275) 1067
(849, 276) 1068
(845, 276) 1069
(842, 276) 1070
(840, 277) 1071
(838, 277) 1072
(835, 278) 1073
(834, 278) 1074
(832, 279) 1075
(830, 279) 1076
(829, 280) 1077
(827, 280) 1078
(826, 280) 1079
(825, 281) 1080
(824, 281) 1081
(823, 281) 1082
(822, 282) 1083
(1621, 395) 1007
(1621, 395) 1008
(1621, 395) 1009
(1621, 395) 1010
(1621, 395) 1011
(1621, 395) 1012
(1622, 395) 1013
(1622, 395) 1014
(1622, 395) 1015
(1622, 397) 1016
(1623, 399) 1017
(1624, 401) 1018
(1625, 403) 1019
(1626, 405) 1020
(1627, 408) 1021
(1628, 410) 1022
(1630, 412) 1023
(1631, 414) 1024
(1632, 416) 1025
(1633, 418) 1026
(1634, 419) 1027
(1634, 421) 1028
(1635, 423) 1029
(1636, 424) 1030
(1637, 425) 1031
(1638, 427) 1032
(1639, 428) 1033
(1640, 429) 1034
(1641, 429) 1035
(1641, 429) 1036
(1642, 429) 1037
(1643, 429) 1038
(1644, 429) 1039
(1645, 429) 1040
(1646, 429) 1041
(1647, 429) 1042
(1648, 429) 1043
(1649, 429) 1044
(1650, 429) 1045
(1650, 429) 1046
(1649, 429) 1047
(1647, 428) 1048
(1645, 428) 1049
(1643, 427) 1050
(1641, 427) 1051
(1640, 427) 1052
(1638, 426) 1053
(1637, 426) 1054
(1636, 425) 1055
(1634, 425) 1056
(1633, 424) 1057
(1631, 424) 1058
(1630, 423) 1059
(1629, 423) 1060
(1627, 422) 1061
(1626, 422) 1062
(1625, 421) 1063
(1624, 421) 1064
(1623, 420) 1065
(1622, 419) 1066
(1621, 419) 1067
(1620, 418) 1068
(1613, 417) 1069
(1606, 416) 1070
(1600, 415) 1071
(1595, 414) 1072
(1591, 412) 1073
(1586, 411) 1074
(1582, 410) 1075
(1579, 409) 1076
(1575, 408) 1077
(1572, 407) 1078
(1569, 406) 1079
(1566, 405) 1080
(1564, 404) 1081
(1562, 403) 1082
(1560, 402) 1083
(1558, 401) 1084
(1556, 400) 1085
(1555, 399) 1086
(1553, 398) 1087
(1552, 397) 1088
(1551, 396) 1089
(1550, 395) 1090
(1549, 394) 1091
(1548, 394) 1092
(1547, 393) 1093
(1547, 392) 1094
(1546, 391) 1095
(1546, 390) 1096
(1545, 390) 1097
(1545, 389) 1098
(1549, 388) 1099
(1552, 386) 1100
(1555, 385) 1101
(1558, 384) 1102
(1561, 382) 1103
(1563, 381) 1104
(1565, 380) 1105
(1567, 378) 1106
(1569, 377) 1107
(1571, 375) 1108
(1572, 374) 1109
(1573, 372) 1110
(1575, 370) 1111
(1576, 369) 1112
(1577, 367) 1113
(1578, 365) 1114
(1579, 364) 1115
(1580, 362) 1116
(1581, 361) 1117
(1582, 359) 1118
(1582, 357) 1119
(1583, 356) 1120
(1583, 354) 1121
(1584, 353) 1122
(1584, 351) 1123
(1584, 350) 1124
(1584, 348) 1125
(1584, 347) 1126
(1578, 346) 1127
(1572, 345) 1128
(1566, 345) 1129
(1561, 344) 1130
(1557, 344) 1131
(1552, 343) 1132
(1548, 342) 1133
(1544, 342) 1134
(1541, 341) 1135
(1537, 341) 1136
(1534, 340) 1137
(1531, 340) 1138
(1528, 340) 1139
(1525, 339) 1140
(1523, 339) 1141
(1520, 338) 1142
(1518, 338) 1143
(1515, 337) 1144
(1513, 337) 1145
(1511, 337) 1146
(1509, 337) 1147
(1507, 336) 1148
(1506, 336) 1149
(1504, 336) 1150
(1503, 336) 1151
(1501, 337) 1152
(1499, 338) 1153
(1497, 339) 1154
(1496, 341) 1155
(1494, 342) 1156
(1493, 343) 1157
(1491, 344) 1158
(1490, 345) 1159
(1489, 347) 1160
(1488, 348) 1161
(1487, 349) 1162
(1486, 350) 1163
(1485, 351) 1164
(1484, 352) 1165
(1483, 353) 1166
(1483, 354) 1167
(1485, 355) 1168
(1488, 356) 1169
(1490, 356) 1170
(1492, 357) 1171
(1494, 357) 1172
(1496, 357) 1173
(1498, 358) 1174
(1499, 358) 1175
(1499, 358) 1176
(1501, 359) 1177
(1504, 358) 1178
(1506, 358) 1179
(1508, 357) 1180
(1510, 356) 1181
(1511, 355) 1182
(1511, 354) 1183
(1514, 352) 1184
(1516, 350) 1185
(1519, 349) 1186
(1521, 347) 1187
(1522, 346) 1188
(1524, 345) 1189
(1525, 343) 1190
(1527, 342) 1191
(1528, 340) 1192
(1529, 339) 1193
(1530, 338) 1194
(1531, 336) 1195
(1532, 335) 1196
(1532, 334) 1197
(1533, 332) 1198
(1533, 331) 1199
(1531, 330) 1200
(1528, 329) 1201
(1525, 328) 1202
(1523, 327) 1203
(1521, 326) 1204
(1520, 325) 1205
(1518, 324) 1206
(1517, 323) 1207
(1516, 322) 1208
(1515, 321) 1209
(1514, 321) 1210
(771, 573) 1023
(770, 573) 1024
(770, 573) 1025
(770, 572) 1026
(771, 573) 1027
(774, 573) 1028
(774, 573) 1029
(774, 574) 1030
(773, 574) 1031
(772, 574) 1032
(764, 575) 1033
(760, 576) 1034
(757, 576) 1035
(754, 577) 1036
(751, 577) 1037
(749, 578) 1038
(746, 578) 1039
(744, 579) 1040
(741, 580) 1041
(739, 580) 1042
(737, 581) 1043
(735, 581) 1044
(734, 582) 1045
(733, 582) 1046
(732, 583) 1047
(732, 584) 1048
(731, 584) 1049
(730, 585) 1050
(726, 585) 1051
(719, 584) 1052
(708, 583) 1053
(697, 582) 1054
(688, 582) 1055
(679, 581) 1056
(671, 580) 1057
(665, 579) 1058
(658, 578) 1059
(653, 578) 1060
(648, 577) 1061
(643, 576) 1062
(639, 576) 1063
(635, 575) 1064
(632, 574) 1065
(629, 574) 1066
(627, 573) 1067
(627, 572) 1068
(629, 571) 1069
(633, 569) 1070
(636, 568) 1071
(640, 567) 1072
(643, 565) 1073
(644, 564) 1074
(645, 563) 1075
(646, 562) 1076
(647, 562) 1077
(649, 561) 1078
(651, 560) 1079
(656, 559) 1080
(661, 558) 1081
(665, 558) 1082
(669, 557) 1083
(672, 556) 1084
(676, 556) 1085
(680, 555) 1086
(685, 555) 1087
(689, 554) 1088
(692, 554) 1089
(695, 553) 1090
(698, 553) 1091
(701, 553) 1092
(703, 552) 1093
(705, 552) 1094
(707, 551) 1095
(709, 551) 1096
(711, 551) 1097
(713, 551) 1098
(715, 551) 1099
(717, 551) 1100
(718, 551) 1101
(719, 551) 1102
(721, 551) 1103
(722, 551) 1104
(723, 551) 1105
(724, 552) 1106
(724, 552) 1107
(725, 552) 1108
(726, 552) 1109
(726, 552) 1110
(727, 552) 1111
(727, 552) 1112
(728, 552) 1113
(728, 552) 1114
(725, 550) 1115
(722, 549) 1116
(715, 548) 1117
(704, 548) 1118
(693, 548) 1119
(684, 548) 1120
(676, 548) 1121
(668, 548) 1122
(662, 548) 1123
(656, 548) 1124
(650, 548) 1125
(645, 548) 1126
(645, 547) 1127
(638, 546) 1128
(632, 546) 1129
(625, 545) 1130
(623, 545) 1131
(621, 544) 1132
(620, 543) 1133
(618, 543) 1134
(616, 542) 1135
(611, 542) 1136
(611, 541) 1137
(610, 541) 1138
(610, 540) 1139
(610, 540) 1140
(610, 539) 1141
(610, 539) 1142
(610, 538) 1143
(611, 538) 1144
(612, 539) 1145
(613, 539) 1146
(613, 540) 1147
(612, 541) 1148
(610, 541) 1149
(608, 542) 1150
(605, 543) 1151
(599, 543) 1152
(594, 543) 1153
(589, 544) 1154
(589, 544) 1155
(586, 545) 1156
(583, 545) 1157
(579, 546) 1158
(575, 546) 1159
(571, 547) 1160
(569, 547) 1161
(566, 548) 1162
(563, 548) 1163
(560, 548) 1164
(558, 549) 1165
(555, 549) 1166
(557, 548) 1167
(133, 526) 1024
(133, 525) 1025
(132, 525) 1026
(130, 525) 1027
(128, 525) 1028
(126, 525) 1029
(123, 525) 1030
(120, 525) 1031
(117, 525) 1032
(113, 525) 1033
(110, 525) 1034
(106, 525) 1035
(103, 525) 1036
(99, 525) 1037
(95, 525) 1038
(91, 526) 1039
(87, 526) 1040
(87, 526) 1041
(86, 526) 1042
(85, 526) 1043
(85, 526) 1044
(84, 526) 1045
(82, 526) 1046
(76, 527) 1047
(69, 527) 1048
(63, 527) 1049
(57, 527) 1050
(52, 527) 1051
(46, 527) 1052
(42, 527) 1053
(37, 527) 1054
(33, 527) 1055
(28, 527) 1056
(24, 527) 1057
(20, 527) 1058
(16, 527) 1059
(12, 527) 1060
(11, 527) 1061
(10, 527) 1062
(12, 527) 1063
(14, 527) 1064
(23, 528) 1065
(31, 529) 1066
(32, 529) 1067
(41, 530) 1068
(49, 530) 1069
(56, 531) 1070
(61, 531) 1071
(66, 532) 1072
(71, 533) 1073
(74, 533) 1074
(74, 534) 1075
(73, 534) 1076
(70, 534) 1077
(66, 535) 1078
(62, 535) 1079
(58, 535) 1080
(54, 536) 1081
(44, 535) 1082
(34, 535) 1083
(25, 535) 1084
(25, 535) 1085
(1932, 534) 1086
(1920, 534) 1087
(1909, 533) 1088
(1898, 533) 1089
(1889, 532) 1090
(1880, 532) 1091
(1873, 531) 1092
(1866, 531) 1093
(1860, 530) 1094
(1854, 530) 1095
(1849, 529) 1096
(1845, 529) 1097
(1840, 529) 1098
(1834, 530) 1099
(1828, 531) 1100
(1823, 532) 1101
(1812, 533) 1102
(1799, 533) 1103
(1787, 534) 1104
(1776, 534) 1105
(1766, 535) 1106
(1759, 536) 1107
(1756, 537) 1108
(1754, 539) 1109
(1752, 540) 1110
(1750, 542) 1111
(1749, 543) 1112
(1748, 545) 1113
(1749, 546) 1114
(1750, 547) 1115
(1750, 548) 1116
(1751, 549) 1117
(1751, 551) 1118
(1752, 552) 1119
(1752, 553) 1120
(1752, 554) 1121
(1753, 555) 1122
(1753, 556) 1123
(1748, 558) 1124
(1745, 560) 1125
(1742, 561) 1126
(1743, 562) 1127
(1745, 563) 1128
(1747, 564) 1129
(1748, 565) 1130
(1750, 566) 1131
(1751, 567) 1132
(1752, 568) 1133
(1754, 569) 1134
(1755, 570) 1135
(1756, 571) 1136
(1757, 572) 1137
(1758, 573) 1138
(1759, 574) 1139
(1759, 575) 1140
(1760, 576) 1141
(1760, 576) 1142
(1754, 577) 1143
(1754, 577) 1144
(1754, 577) 1145
(1754, 578) 1146
(1755, 578) 1147
(1756, 578) 1148
(1757, 578) 1149
(1757, 579) 1150
(1755, 580) 1151
(1753, 581) 1152
(1751, 582) 1153
(1751, 583) 1154
(1752, 585) 1155
(1754, 586) 1156
(1764, 587) 1157
(1769, 587) 1158
(1775, 587) 1159
(1775, 586) 1160
(1776, 585) 1161
(1780, 585) 1162
(1779, 584) 1163
(1778, 582) 1164
(1776, 580) 1165
(1774, 579) 1166
(1771, 577) 1167
(1085, 534) 1032
(1080, 534) 1033
(1075, 534) 1034
(1072, 534) 1035
(1069, 534) 1036
(1063, 534) 1037
(1052, 534) 1038
(1042, 534) 1039
(1040, 534) 1040
(1039, 534) 1041
(1032, 535) 1042
(1026, 535) 1043
(1021, 535) 1044
(1014, 536) 1045
(1011, 536) 1046
(1009, 537) 1047
(1001, 537) 1048
(995, 538) 1049
(995, 538) 1050
(995, 538) 1051
(993, 538) 1052
(992, 538) 1053
(990, 538) 1054
(986, 539) 1055
(983, 539) 1056
(983, 539) 1057
(982, 540) 1058
(982, 540) 1059
(981, 540) 1060
(979, 541) 1061
(977, 541) 1062
(975, 542) 1063
(973, 542) 1064
(972, 543) 1065
(969, 543) 1066
(968, 543) 1067
(967, 544) 1068
(967, 544) 1069
(966, 545) 1070
(967, 545) 1071
(968, 546) 1072
(968, 546) 1073
(967, 546) 1074
(966, 547) 1075
(965, 547) 1076
(964, 548) 1077
(963, 549) 1078
(963, 549) 1079
(963, 550) 1080
(966, 550) 1081
(967, 551) 1082
(970, 551) 1083
(968, 551) 1084
(967, 551) 1085
(965, 551) 1086
(966, 551) 1087
(968, 550) 1088
(973, 550) 1089
(977, 549) 1090
(981, 549) 1091
(985, 548) 1092
(988, 548) 1093
(991, 547) 1094
(994, 547) 1095
(996, 546) 1096
(998, 545) 1097
(998, 544) 1098
(998, 544) 1099
(995, 544) 1100
(988, 544) 1101
(983, 545) 1102
(976, 545) 1103
(971, 546) 1104
(966, 546) 1105
(961, 546) 1106
(956, 547) 1107
(951, 547) 1108
(946, 547) 1109
(942, 548) 1110
(937, 549) 1111
(933, 550) 1112
(929, 551) 1113
(924, 552) 1114
(921, 553) 1115
(919, 554) 1116
(916, 555) 1117
(914, 556) 1118
(908, 557) 1119
(901, 558) 1120
(895, 559) 1121
(894, 559) 1122
(893, 559) 1123
(886, 560) 1124
(880, 562) 1125
(877, 563) 1126
(874, 565) 1127
(877, 566) 1128
(880, 567) 1129
(881, 567) 1130
(883, 568) 1131
(885, 569) 1132
(891, 570) 1133
(895, 570) 1134
(898, 571) 1135
(901, 572) 1136
(903, 573) 1137
(905, 574) 1138
(906, 575) 1139
(906, 575) 1140
(905, 576) 1141
(895, 577) 1142
(887, 578) 1143
(879, 580) 1144
(873, 581) 1145
(867, 582) 1146
(862, 583) 1147
(857, 584) 1148
(852, 586) 1149
(849, 587) 1150
(845, 588) 1151
(842, 589) 1152
(839, 590) 1153
(839, 591) 1154
(841, 593) 1155
(846, 595) 1156
(850, 597) 1157
(853, 598) 1158
(856, 599) 1159
(856, 599) 1160
(856, 598) 1161
(854, 596) 1162
(852, 595) 1163
(851, 595) 1164
(851, 596) 1165
(852, 596) 1166
(855, 597) 1167
(856, 598) 1168
(856, 598) 1169
(859, 597) 1170
(861, 597) 1171
(863, 597) 1172
(865, 597) 1173
(868, 597) 1174
(867, 597) 1175
(869, 597) 1176
(871, 597) 1177
(877, 597) 1178
(882, 597) 1179
(881, 597) 1180
(871, 597) 1181
(864, 597) 1182
(856, 597) 1183
(844, 597) 1184
(835, 597) 1185
(827, 597) 1186
(819, 597) 1187
(813, 597) 1188
(808, 597) 1189
(803, 597) 1190
(799, 597) 1191
(796, 597) 1192
(797, 598) 1193
(800, 598) 1194
(800, 598) 1195
(800, 598) 1196
(801, 598) 1197
(800, 598) 1198
(799, 598) 1199
(797, 598) 1200
(796, 598) 1201
(796, 598) 1202
(796, 598) 1203
(798, 598) 1204
(799, 598) 1205
(801, 598) 1206
(802, 598) 1207
(803, 599) 1208
(804, 599) 1209
(805, 599) 1210
(806, 599) 1211
(806, 599) 1212
(807, 599) 1213
(808, 599) 1214
(808, 599) 1215
(809, 599) 1216
(809, 599) 1217
(810, 599) 1218
(815, 599) 1219
(820, 600) 1220
(826, 600) 1221
(831, 600) 1222
(840, 600) 1223
(851, 601) 1224
(861, 601) 1225
(863, 601) 1226
(868, 601) 1227
(875, 602) 1228
(883, 602) 1229
(882, 602) 1230
(882, 602) 1231
(881, 602) 1232
(881, 601) 1233
(880, 601) 1234
(880, 601) 1235
(879, 601) 1236
(877, 601) 1237
(876, 601) 1238
(875, 601) 1239
(873, 601) 1240
(868, 601) 1241
(867, 601) 1242
(867, 601) 1243
(870, 601) 1244
(873, 600) 1245
(873, 600) 1246
(873, 600) 1247
(873, 600) 1248
(873, 600) 1249
(872, 600) 1250
(864, 601) 1251
(856, 601) 1252
(845, 602) 1253
(834, 602) 1254
(824, 602) 1255
(815, 602) 1256
(807, 602) 1257
(799, 603) 1258
(793, 603) 1259
(781, 602) 1260
(771, 602) 1261
(759, 601) 1262
(745, 600) 1263
(733, 599) 1264
(721, 598) 1265
(705, 597) 1266
(690, 597) 1267
(677, 597) 1268
(665, 596) 1269
(655, 596) 1270
(645, 595) 1271
(636, 595) 1272
(628, 594) 1273
(621, 594) 1274
(615, 593) 1275
(608, 592) 1276
(602, 591) 1277
(597, 590) 1278
(592, 589) 1279
(588, 589) 1280
(584, 588) 1281
(581, 587) 1282
(578, 586) 1283
(576, 586) 1284
(574, 585) 1285
(572, 584) 1286
(570, 583) 1287
(568, 583) 1288
(567, 582) 1289
(565, 581) 1290
(564, 581) 1291
(563, 580) 1292
(562, 579) 1293
(561, 579) 1294
(560, 578) 1295
(559, 578) 1296
(558, 577) 1297
(555, 576) 1298
(553, 576) 1299
(551, 576) 1300
(550, 576) 1301
(548, 576) 1302
(547, 576) 1303
(545, 576) 1304
(544, 575) 1305
(543, 575) 1306
(542, 575) 1307
(542, 575) 1308
(541, 575) 1309
(540, 575) 1310
(539, 575) 1311
(539, 575) 1312
(538, 574) 1313
(538, 574) 1314
(538, 574) 1315
(544, 574) 1316
(550, 574) 1317
(555, 573) 1318
(559, 573) 1319
(563, 573) 1320
(566, 572) 1321
(569, 572) 1322
(571, 572) 1323
(573, 571) 1324
(575, 571) 1325
(577, 571) 1326
(578, 570) 1327
(580, 570) 1328
(581, 570) 1329
(585, 570) 1330
(588, 570) 1331
(591, 569) 1332
(594, 569) 1333
(597, 569) 1334
(599, 569) 1335
(597, 569) 1336
(594, 569) 1337
(591, 569) 1338
(588, 569) 1339
(588, 569) 1340
(588, 569) 1341
(591, 568) 1342
(595, 568) 1343
(597, 567) 1344
(600, 567) 1345
(598, 567) 1346
(593, 567) 1347
(589, 567) 1348
(586, 567) 1349
(585, 567) 1350
(584, 567) 1351
(583, 567) 1352
(584, 567) 1353
(584, 567) 1354
(586, 566) 1355
(588, 566) 1356
(587, 566) 1357
(583, 565) 1358
(577, 564) 1359
(573, 564) 1360
(569, 564) 1361
(566, 563) 1362
(562, 563) 1363
(557, 563) 1364
(553, 562) 1365
(549, 562) 1366
(546, 561) 1367
(547, 561) 1368
(552, 560) 1369
(557, 560) 1370
(561, 560) 1371
(565, 560) 1372
(568, 559) 1373
(565, 559) 1374
(562, 559) 1375
(559, 558) 1376
(559, 558) 1377
(562, 558) 1378
(561, 558) 1379
(561, 558) 1380
(562, 558) 1381
(563, 558) 1382
(563, 558) 1383
(564, 558) 1384
(564, 558) 1385
(564, 558) 1386
(565, 558) 1387
(565, 558) 1388
(565, 558) 1389
(566, 558) 1390
(566, 558) 1391
(566, 558) 1392
(566, 558) 1393
(566, 558) 1394
(560, 558) 1395
(554, 558) 1396
(555, 558) 1397
(555, 557) 1398
(552, 557) 1399
(551, 557) 1400
(550, 556) 1401
(549, 556) 1402
(548, 556) 1403
(544, 556) 1404
(541, 555) 1405
(539, 555) 1406
(539, 555) 1407
(537, 554) 1408
(538, 554) 1409
(539, 553) 1410
(540, 553) 1411
(541, 552) 1412
(542, 552) 1413
(542, 551) 1414
(542, 551) 1415
(542, 550) 1416
(547, 550) 1417
(551, 551) 1418
(555, 551) 1419
(559, 551) 1420
(562, 552) 1421
(565, 552) 1422
(570, 552) 1423
(575, 551) 1424
(579, 551) 1425
(583, 551) 1426
(590, 551) 1427
(593, 550) 1428
(594, 550) 1429
(595, 550) 1430
(597, 550) 1431
(600, 549) 1432
(602, 549) 1433
(603, 549) 1434
(604, 549) 1435
(605, 549) 1436
(606, 548) 1437
(607, 548) 1438
(608, 548) 1439
(614, 549) 1440
(620, 549) 1441
(625, 550) 1442
(630, 550) 1443
(634, 551) 1444
(638, 551) 1445
(642, 552) 1446
(645, 552) 1447
(647, 553) 1448
(650, 553) 1449
(650, 554) 1450
(647, 554) 1451
(643, 554) 1452
(639, 554) 1453
(635, 554) 1454
(632, 554) 1455
(629, 554) 1456
(627, 554) 1457
(624, 555) 1458
(622, 555) 1459
(620, 555) 1460
(618, 555) 1461
(617, 555) 1462
(616, 555) 1463
(614, 555) 1464
(613, 555) 1465
(607, 556) 1466
(601, 556) 1467
(596, 556) 1468
(593, 556) 1469
(591, 557) 1470
(589, 557) 1471
(587, 557) 1472
(585, 558) 1473
(585, 558) 1474
(584, 559) 1475
(583, 559) 1476
(583, 560) 1477
(582, 560) 1478
(581, 561) 1479
(581, 561) 1480
(581, 562) 1481
(588, 562) 1482
(594, 563) 1483
(599, 564) 1484
(610, 564) 1485
(621, 564) 1486
(630, 564) 1487
(638, 564) 1488
(646, 564) 1489
(653, 563) 1490
(659, 563) 1491
(664, 563) 1492
(665, 564) 1493
(668, 564) 1494
(670, 563) 1495
(672, 563) 1496
(673, 562) 1497
(675, 562) 1498
(676, 562) 1499
(681, 561) 1500
(686, 560) 1501
(691, 559) 1502
(695, 559) 1503
(693, 558) 1504
(692, 558) 1505
(692, 557) 1506
(692, 557) 1507
(692, 556) 1508
(692, 556) 1509
(692, 555) 1510
(692, 555) 1511
(692, 554) 1512
(692, 554) 1513
(697, 553) 1514
(702, 553) 1515
(707, 553) 1516
(710, 552) 1517
(714, 552) 1518
(717, 552) 1519
(719, 551) 1520
(717, 551) 1521
(716, 550) 1522
(715, 550) 1523
(713, 549) 1524
(712, 548) 1525
(712, 548) 1526
(716, 548) 1527
(721, 547) 1528
(725, 547) 1529
(728, 547) 1530
(731, 547) 1531
(734, 547) 1532
(737, 547) 1533
(739, 546) 1534
(745, 547) 1535
(749, 547) 1536
(754, 547) 1537
(758, 547) 1538
(761, 547) 1539
(764, 547) 1540
(767, 547) 1541
(770, 547) 1542
(772, 547) 1543
(774, 547) 1544
(776, 547) 1545
(778, 547) 1546
(779, 547) 1547
(780, 546) 1548
(781, 546) 1549
(782, 546) 1550
(782, 546) 1551
(782, 546) 1552
(790, 546) 1553
(799, 547) 1554
(806, 548) 1555
(813, 548) 1556
(820, 548) 1557
(827, 548) 1558
(832, 549) 1559
(837, 549) 1560
(842, 549) 1561
(846, 549) 1562
(850, 549) 1563
(853, 549) 1564
(857, 549) 1565
(859, 550) 1566
(862, 550) 1567
(864, 550) 1568
(866, 550) 1569
(868, 550) 1570
(869, 550) 1571
(871, 550) 1572
(872, 550) 1573
(873, 551) 1574
(874, 551) 1575
(882, 550) 1576
(890, 550) 1577
(902, 550) 1578
(911, 550) 1579
(921, 550) 1580
(930, 550) 1581
(937, 550) 1582
(943, 550) 1583
(947, 550) 1584
(951, 550) 1585
(951, 549) 1586
(1390, 670) 1040
(1389, 670) 1041
(1389, 670) 1042
(1390, 670) 1043
(1390, 671) 1044
(1390, 671) 1045
(1386, 672) 1046
(1383, 673) 1047
(1380, 673) 1048
(1378, 674) 1049
(1377, 674) 1050
(1376, 675) 1051
(1374, 675) 1052
(1371, 676) 1053
(1369, 676) 1054
(1362, 677) 1055
(1356, 678) 1056
(1355, 679) 1057
(1355, 679) 1058
(1354, 680) 1059
(1354, 680) 1060
(1353, 680) 1061
(1353, 681) 1062
(1353, 681) 1063
(1353, 682) 1064
(1352, 682) 1065
(1348, 683) 1066
(1344, 684) 1067
(1341, 684) 1068
(1338, 685) 1069
(1337, 686) 1070
(1335, 686) 1071
(1334, 687) 1072
(1334, 687) 1073
(1334, 688) 1074
(1335, 688) 1075
(1336, 689) 1076
(1337, 690) 1077
(1337, 691) 1078
(1344, 691) 1079
(1350, 691) 1080
(1356, 689) 1081
(1361, 687) 1082
(1366, 685) 1083
(1371, 684) 1084
(1375, 682) 1085
(1378, 680) 1086
(1381, 679) 1087
(1384, 677) 1088
(1387, 675) 1089
(1389, 674) 1090
(1391, 672) 1091
(1393, 671) 1092
(1395, 670) 1093
(1397, 668) 1094
(1398, 667) 1095
(1399, 666) 1096
(1403, 664) 1097
(1406, 662) 1098
(1407, 661) 1099
(1407, 659) 1100
(1407, 658) 1101
(1406, 657) 1102
(1407, 656) 1103
(1408, 655) 1104
(1409, 654) 1105
(1410, 653) 1106
(1412, 651) 1107
(1415, 649) 1108
(1421, 647) 1109
(1427, 645) 1110
(1432, 643) 1111
(1436, 641) 1112
(1440, 639) 1113
(1447, 638) 1114
(1453, 637) 1115
(1458, 635) 1116
(1463, 634) 1117
(1468, 633) 1118
(1472, 632) 1119
(1472, 630) 1120
(1473, 627) 1121
(1474, 625) 1122
(1474, 623) 1123
(1472, 621) 1124
(1469, 619) 1125
(1460, 618) 1126
(1451, 616) 1127
(1443, 615) 1128
(1434, 614) 1129
(1430, 612) 1130
(1425, 611) 1131
(1421, 610) 1132
(1417, 609) 1133
(1412, 607) 1134
(1408, 606) 1135
(1404, 605) 1136
(1400, 604) 1137
(1397, 602) 1138
(1393, 601) 1139
(1391, 600) 1140
(1388, 599) 1141
(1386, 598) 1142
(1384, 597) 1143
(1382, 596) 1144
(1380, 595) 1145
(1379, 594) 1146
(1377, 593) 1147
(1376, 592) 1148
(1375, 591) 1149
(1374, 590) 1150
(1374, 589) 1151
(1377, 589) 1152
(1380, 589) 1153
(1382, 589) 1154
(1385, 589) 1155
(1386, 590) 1156
(1388, 590) 1157
(1388, 590) 1158
(1393, 590) 1159
(1397, 591) 1160
(1401, 592) 1161
(1409, 593) 1162
(1415, 594) 1163
(1422, 595) 1164
(1427, 596) 1165
(1432, 596) 1166
(1437, 597) 1167
(1441, 598) 1168
(1445, 599) 1169
(1449, 600) 1170
(1453, 601) 1171
(1456, 602) 1172
(1459, 603) 1173
(1463, 603) 1174
(1465, 604) 1175
(1468, 604) 1176
(1471, 605) 1177
(1473, 605) 1178
(1476, 606) 1179
(1478, 606) 1180
(1480, 606) 1181
(1482, 607) 1182
(1484, 607) 1183
(1485, 607) 1184
(1486, 606) 1185
(1487, 605) 1186
(1489, 604) 1187
(1490, 603) 1188
(1490, 600) 1189
(1490, 598) 1190
(1490, 596) 1191
(1490, 594) 1192
(1489, 592) 1193
(1488, 590) 1194
(1488, 588) 1195
(1488, 586) 1196
(1488, 584) 1197
(1488, 582) 1198
(1488, 580) 1199
(1488, 579) 1200
(1488, 577) 1201
(1488, 575) 1202
(1488, 573) 1203
(1488, 572) 1204
(1488, 570) 1205
(1488, 568) 1206
(1488, 567) 1207
(1488, 565) 1208
(1488, 564) 1209
(1488, 562) 1210
(1488, 561) 1211
(1488, 559) 1212
(1487, 556) 1213
(1485, 554) 1214
(1483, 553) 1215
(1481, 551) 1216
(1479, 550) 1217
(1477, 549) 1218
(1475, 548) 1219
(1702, 535) 1205
(1702, 535) 1206
(1702, 535) 1207
(1700, 536) 1208
(1690, 537) 1209
(1682, 538) 1210
(1675, 539) 1211
(1668, 539) 1212
(1662, 540) 1213
(1657, 541) 1214
(1653, 542) 1215
(1649, 543) 1216
(1645, 544) 1217
(1642, 544) 1218
(1642, 545) 1219
(1643, 546) 1220
(1641, 547) 1221
(1639, 548) 1222
(1635, 549) 1223
(1632, 551) 1224
(1629, 552) 1225
(1626, 553) 1226
(1624, 554) 1227
(1621, 555) 1228
(1619, 556) 1229
(1617, 557) 1230
(1616, 558) 1231
(1614, 559) 1232
(1613, 560) 1233
(1612, 561) 1234
(1611, 561) 1235
(1610, 562) 1236
(1609, 562) 1237
(1607, 563) 1238
(1606, 563) 1239
(1604, 563) 1240
(1603, 563) 1241
(1602, 564) 1242
(1601, 564) 1243
(1600, 564) 1244
(1599, 564) 1245
(1595, 565) 1246
(1592, 565) 1247
(1589, 566) 1248
(1586, 566) 1249
(1584, 567) 1250
(1581, 567) 1251
(1579, 567) 1252
(1578, 568) 1253
(1577, 568) 1254
(1576, 568) 1255
(1572, 569) 1256
(1568, 569) 1257
(1565, 570) 1258
(1563, 571) 1259
(1560, 571) 1260
(1558, 572) 1261
(1556, 572) 1262
(1554, 573) 1263
(1553, 573) 1264
(1551, 574) 1265
(1550, 575) 1266
(1549, 575) 1267
(1548, 576) 1268
(1547, 576) 1269
(1546, 577) 1270
(1545, 577) 1271
(1545, 578) 1272
(1541, 577) 1273
(1538, 577) 1274
(1535, 577) 1275
(1534, 577) 1276
(1532, 577) 1277
(1531, 577) 1278
(1530, 577) 1279
(1529, 576) 1280
(1530, 576) 1281
(1530, 576) 1282
(1530, 576) 1283
(1530, 576) 1284
(1530, 576) 1285
(1529, 576) 1286
(1529, 576) 1287
(1528, 576) 1288
(1528, 576) 1289
(1529, 576) 1290
(1530, 576) 1291
(1531, 576) 1292
(1532, 576) 1293
(1533, 577) 1294
(1534, 577) 1295
(1534, 578) 1296
(1535, 578) 1297
(1538, 577) 1298
(1539, 576) 1299
(1543, 575) 1300
(1546, 574) 1301
(1550, 572) 1302
(1553, 571) 1303
(1555, 570) 1304
(1558, 569) 1305
(1561, 568) 1306
(1563, 567) 1307
(1566, 566) 1308
(1568, 565) 1309
(1570, 564) 1310
(1572, 563) 1311
(1573, 562) 1312
(1575, 561) 1313
(1576, 560) 1314
(1577, 559) 1315
(1578, 558) 1316
(1578, 557) 1317
(1578, 554) 1318
(1577, 552) 1319
(1576, 549) 1320
(407, 524) 1316
(407, 523) 1317
(406, 523) 1318
(406, 523) 1319
(407, 523) 1320
(408, 523) 1321
(409, 523) 1322
(417, 524) 1323
(424, 524) 1324
(433, 524) 1325
(440, 525) 1326
(447, 525) 1327
(453, 525) 1328
(458, 525) 1329
(458, 526) 1330
(460, 526) 1331
(463, 526) 1332
(466, 526) 1333
(467, 527) 1334
(464, 526) 1335
(460, 526) 1336
(456, 526) 1337
(453, 526) 1338
(449, 526) 1339
(447, 526) 1340
(446, 526) 1341
(444, 526) 1342
(443, 526) 1343
(441, 526) 1344
(440, 526) 1345
(439, 526) 1346
(438, 526) 1347
(438, 526) 1348
(437, 526) 1349
(431, 526) 1350
(426, 526) 1351
(420, 526) 1352
(415, 526) 1353
(410, 526) 1354
(405, 526) 1355
(401, 527) 1356
(396, 527) 1357
(392, 527) 1358
(389, 527) 1359
(386, 527) 1360
(383, 527) 1361
(380, 527) 1362
(378, 528) 1363
(376, 528) 1364
(374, 528) 1365
(372, 528) 1366
(371, 528) 1367
(369, 528) 1368
(368, 528) 1369
(367, 529) 1370
(366, 529) 1371
(365, 529) 1372
(364, 529) 1373
(364, 529) 1374
(363, 529) 1375
(362, 529) 1376
(357, 529) 1377
(351, 530) 1378
(346, 530) 1379
(341, 531) 1380
(337, 531) 1381
(334, 531) 1382
(330, 532) 1383
(327, 532) 1384
(325, 532) 1385
(322, 533) 1386
(320, 533) 1387
(318, 534) 1388
(316, 534) 1389
(315, 534) 1390
(313, 534) 1391
(312, 535) 1392
(311, 535) 1393
(310, 535) 1394
(309, 536) 1395
(309, 536) 1396
(310, 537) 1397
(309, 537) 1398
(308, 538) 1399
(306, 539) 1400
(304, 539) 1401
(302, 539) 1402
(301, 540) 1403
(299, 540) 1404
(298, 540) 1405
(297, 540) 1406
(296, 540) 1407
(296, 541) 1408
(299, 541) 1409
(302, 541) 1410
(305, 541) 1411
(308, 541) 1412
(310, 541) 1413
(312, 541) 1414
(314, 541) 1415
(316, 540) 1416
(317, 540) 1417
(318, 540) 1418
(318, 540) 1419
(313, 539) 1420
(308, 537) 1421
(303, 536) 1422
(298, 535) 1423
(294, 533) 1424
(290, 532) 1425
(285, 531) 1426
(282, 530) 1427
(278, 529) 1428
(275, 527) 1429
(272, 526) 1430
(269, 525) 1431
(266, 524) 1432
(263, 523) 1433
(261, 522) 1434
(258, 521) 1435
(256, 520) 1436
(254, 519) 1437
(251, 517) 1438
(249, 516) 1439
(248, 515) 1440
(246, 514) 1441
(248, 513) 1442
(250, 511) 1443
(252, 510) 1444
(254, 508) 1445
(256, 507) 1446
(257, 505) 1447
(259, 504) 1448
(260, 502) 1449
(261, 501) 1450
(261, 499) 1451
(262, 498) 1452
(262, 497) 1453
(263, 495) 1454
(263, 494) 1455
(263, 492) 1456
(263, 491) 1457
(263, 490) 1458
(263, 489) 1459
(263, 487) 1460
(263, 486) 1461
(263, 485) 1462
(263, 484) 1463
(263, 483) 1464
(263, 482) 1465
(263, 480) 1466
(263, 479) 1467
(263, 478) 1468
(263, 477) 1469
(263, 476) 1470
(263, 475) 1471
(265, 476) 1472
(265, 477) 1473
(265, 477) 1474
(263, 478) 1475
(261, 478) 1476
(262, 479) 1477
(262, 479) 1478
(262, 480) 1479
(261, 480) 1480
(260, 480) 1481
(260, 481) 1482
(260, 481) 1483
(261, 481) 1484
(262, 482) 1485
(262, 482) 1486
(256, 483) 1487
(251, 483) 1488
(245, 484) 1489
(240, 484) 1490
(235, 485) 1491
(231, 485) 1492
(226, 485) 1493
(223, 486) 1494
(219, 486) 1495
(211, 487) 1496
(204, 489) 1497
(197, 490) 1498
(192, 491) 1499
(186, 492) 1500
(187, 492) 1501
(187, 493) 1502
(187, 493) 1503
(188, 493) 1504
(188, 494) 1505
(189, 494) 1506
(190, 494) 1507
(192, 494) 1508
(193, 495) 1509
(1215, 706) 1416
(1215, 706) 1417
(1216, 706) 1418
(1217, 706) 1419
(1219, 706) 1420
(1221, 706) 1421
(1221, 704) 1422
(1222, 702) 1423
(1225, 700) 1424
(1233, 698) 1425
(1241, 696) 1426
(1248, 694) 1427
(1253, 692) 1428
(1257, 690) 1429
(1266, 688) 1430
(1274, 685) 1431
(1281, 683) 1432
(1286, 680) 1433
(1290, 678) 1434
(1287, 677) 1435
(1283, 676) 1436
(1279, 675) 1437
(1275, 674) 1438
(1273, 673) 1439
(1271, 672) 1440
(1270, 671) 1441
(1268, 671) 1442
(1267, 670) 1443
(1265, 669) 1444
(1264, 668) 1445
(1263, 667) 1446
(1262, 667) 1447
(1261, 666) 1448
(1261, 665) 1449
(1260, 664) 1450
(1259, 664) 1451
(1259, 663) 1452
(1258, 662) 1453
(1258, 662) 1454
(1258, 661) 1455
(1260, 659) 1456
(1262, 658) 1457
(1265, 656) 1458
(1266, 655) 1459
(1266, 653) 1460
(1267, 652) 1461
(1268, 651) 1462
(1267, 650) 1463
(1267, 649) 1464
(1268, 648) 1465
(1266, 647) 1466
(1265, 645) 1467
(1263, 644) 1468
(1258, 643) 1469
(1254, 642) 1470
(1254, 642) 1471
(1256, 640) 1472
(1257, 639) 1473
(1255, 638) 1474
(1244, 639) 1475
(1235, 639) 1476
(1227, 639) 1477
(1220, 639) 1478
(1218, 638) 1479
(1216, 636) 1480
(1215, 635) 1481
(1213, 634) 1482
(1212, 633) 1483
(1211, 633) 1484
(1210, 632) 1485
(1210, 631) 1486
(1210, 630) 1487
(1209, 629) 1488
(1203, 629) 1489
(1197, 629) 1490
(1192, 629) 1491
(1188, 629) 1492
(1184, 629) 1493
(1178, 629) 1494
(1173, 628) 1495
(1168, 628) 1496
(1163, 628) 1497
(1159, 628) 1498
(1156, 628) 1499
(1146, 627) 1500
(1138, 626) 1501
(1131, 625) 1502
(1124, 625) 1503
(1118, 624) 1504
(1112, 623) 1505
(1107, 622) 1506
(1103, 622) 1507
(1099, 621) 1508
(1095, 620) 1509
(1096, 619) 1510
(1096, 618) 1511
(1097, 617) 1512
(1099, 617) 1513
(1101, 617) 1514
(1102, 616) 1515
(1103, 616) 1516
(1105, 615) 1517
(1110, 616) 1518
(1114, 617) 1519
(1118, 617) 1520
(1122, 618) 1521
(1125, 619) 1522
(1128, 619) 1523
(1130, 620) 1524
(1133, 620) 1525
(1135, 621) 1526
(1137, 622) 1527
(1138, 622) 1528
(1140, 623) 1529
(1141, 623) 1530
(1142, 624) 1531
(1143, 624) 1532
(1144, 625) 1533
(1145, 625) 1534
(1146, 626) 1535
(1147, 626) 1536
(1148, 627) 1537
(1144, 627) 1538
(291, 534) 1535
(291, 534) 1536
(289, 534) 1537
(288, 534) 1538
(287, 534) 1539
(285, 534) 1540
(283, 534) 1541
(281, 534) 1542
(278, 534) 1543
(276, 534) 1544
(273, 534) 1545
(273, 533) 1546
(272, 533) 1547
(272, 532) 1548
(271, 532) 1549
(270, 532) 1550
(269, 531) 1551
(268, 531) 1552
(262, 531) 1553
(257, 531) 1554
(251, 531) 1555
(246, 530) 1556
(241, 530) 1557
(236, 530) 1558
(231, 530) 1559
(227, 530) 1560
(223, 530) 1561
(219, 530) 1562
(215, 530) 1563
(212, 530) 1564
(208, 530) 1565
(205, 530) 1566
(202, 530) 1567
(200, 530) 1568
(197, 530) 1569
(197, 530) 1570
(197, 529) 1571
(197, 529) 1572
(197, 529) 1573
(201, 528) 1574
(204, 528) 1575
(207, 528) 1576
(210, 527) 1577
(212, 527) 1578
(214, 526) 1579
(216, 526) 1580
(217, 525) 1581
(219, 525) 1582
(220, 524) 1583
(228, 524) 1584
(232, 524) 1585
(236, 524) 1586
(239, 524) 1587
(240, 524) 1588
(241, 524) 1589
(241, 524) 1590
(239, 524) 1591
(237, 524) 1592
(235, 524) 1593
(233, 524) 1594
(231, 524) 1595
(228, 524) 1596
(231, 523) 1597
(232, 523) 1598
(234, 522) 1599
(236, 522) 1600
(236, 521) 1601
(234, 521) 1602
(225, 521) 1603
(216, 521) 1604
(207, 521) 1605
(198, 521) 1606
(189, 521) 1607
(181, 521) 1608
(173, 521) 1609
(168, 521) 1610
(163, 521) 1611
(158, 521) 1612
(153, 521) 1613
(149, 521) 1614
(139, 522) 1615
(129, 523) 1616
(126, 523) 1617
(117, 523) 1618
(109, 524) 1619
(101, 524) 1620
(94, 525) 1621
(87, 525) 1622
(81, 525) 1623
(75, 526) 1624
(75, 526) 1625
(73, 527) 1626
(70, 527) 1627
(67, 528) 1628
(64, 528) 1629
(60, 529) 1630
(57, 529) 1631
(53, 530) 1632
(50, 530) 1633
(47, 530) 1634
(44, 530) 1635
(40, 530) 1636
(36, 530) 1637
(33, 530) 1638
(30, 530) 1639
(28, 529) 1640
(25, 529) 1641
(23, 529) 1642
(21, 529) 1643
(19, 528) 1644
(17, 528) 1645
(15, 528) 1646
(13, 528) 1647
(13, 527) 1648
(12, 527) 1649
(12, 526) 1650
(12, 526) 1651
(13, 526) 1652
(14, 526) 1653
(15, 525) 1654
(16, 525) 1655
(17, 525) 1656
(18, 525) 1657
(19, 525) 1658
(20, 524) 1659
(20, 524) 1660
(20, 524) 1661
(18, 523) 1662
(17, 523) 1663
(15, 523) 1664
(15, 523) 1665
(1928, 524) 1666
(1923, 525) 1667
(1918, 526) 1668
(1913, 527) 1669
(1909, 527) 1670
(1905, 528) 1671
(1901, 529) 1672
(1897, 530) 1673
(1894, 531) 1674
(1891, 532) 1675
(1888, 533) 1676
(1886, 533) 1677
(1880, 535) 1678
(1874, 536) 1679
(1868, 538) 1680
(1862, 539) 1681
(1858, 540) 1682
(1853, 542) 1683
(1849, 543) 1684
(1846, 544) 1685
(1842, 545) 1686
(1839, 547) 1687
(1837, 548) 1688
(1834, 549) 1689
(1832, 550) 1690
(1830, 551) 1691
(1829, 552) 1692
(1827, 553) 1693
(1826, 555) 1694
(1825, 556) 1695
(644, 563) 1558
(643, 562) 1559
(637, 563) 1560
(632, 563) 1561
(626, 564) 1562
(623, 564) 1563
(620, 565) 1564
(614, 565) 1565
(611, 566) 1566
(609, 566) 1567
(609, 566) 1568
(609, 567) 1569
(610, 567) 1570
(610, 568) 1571
(610, 568) 1572
(610, 569) 1573
(610, 569) 1574
(610, 569) 1575
(610, 570) 1576
(611, 570) 1577
(614, 570) 1578
(618, 570) 1579
(621, 570) 1580
(623, 570) 1581
(626, 570) 1582
(628, 570) 1583
(630, 570) 1584
(632, 570) 1585
(633, 570) 1586
(641, 569) 1587
(645, 569) 1588
(647, 568) 1589
(650, 568) 1590
(652, 567) 1591
(653, 566) 1592
(653, 566) 1593
(652, 565) 1594
(650, 565) 1595
(648, 565) 1596
(647, 564) 1597
(645, 564) 1598
(644, 564) 1599
(643, 564) 1600
(644, 563) 1601
(645, 563) 1602
(646, 563) 1603
(646, 563) 1604
(647, 563) 1605
(646, 563) 1606
(645, 563) 1607
(643, 563) 1608
(642, 563) 1609
(640, 563) 1610
(640, 563) 1611
(639, 563) 1612
(639, 563) 1613
(640, 562) 1614
(640, 562) 1615
(639, 562) 1616
(639, 561) 1617
(638, 561) 1618
(638, 560) 1619
(638, 560) 1620
(637, 559) 1621
(637, 559) 1622
(637, 558) 1623
(637, 558) 1624
(636, 557) 1625
(636, 557) 1626
(629, 556) 1627
(621, 555) 1628
(615, 555) 1629
(608, 554) 1630
(602, 553) 1631
(597, 552) 1632
(592, 551) 1633
(587, 550) 1634
(582, 550) 1635
(579, 549) 1636
(576, 548) 1637
(573, 547) 1638
(571, 546) 1639
(566, 546) 1640
(561, 545) 1641
(551, 545) 1642
(542, 545) 1643
(533, 544) 1644
(525, 544) 1645
(519, 544) 1646
(513, 543) 1647
(509, 543) 1648
(505, 543) 1649
(504, 543) 1650
(505, 543) 1651
(511, 543) 1652
(516, 543) 1653
(521, 542) 1654
(525, 542) 1655
(537, 542) 1656
(547, 542) 1657
(552, 542) 1658
(557, 542) 1659
(560, 543) 1660
(563, 543) 1661
(561, 543) 1662
(560, 543) 1663
(557, 543) 1664
(554, 543) 1665
(555, 543) 1666
(559, 543) 1667
(561, 544) 1668
(562, 544) 1669
(561, 544) 1670
(563, 544) 1671
(565, 544) 1672
(567, 544) 1673
(570, 544) 1674
(573, 544) 1675
(576, 544) 1676
(576, 544) 1677
(579, 543) 1678
(588, 542) 1679
(595, 542) 1680
(602, 541) 1681
(608, 541) 1682
(612, 541) 1683
(608, 541) 1684
(604, 541) 1685
(601, 542) 1686
(598, 542) 1687
(595, 542) 1688
(593, 543) 1689
(591, 543) 1690
(589, 544) 1691
(587, 544) 1692
(586, 544) 1693
(584, 544) 1694
(583, 545) 1695
(583, 545) 1696
(588, 544) 1697
(593, 544) 1698
(597, 543) 1699
(602, 541) 1700
(607, 541) 1701
(611, 540) 1702
(615, 540) 1703
(618, 539) 1704
(624, 539) 1705
(628, 540) 1706
(630, 539) 1707
(638, 539) 1708
(644, 539) 1709
(650, 539) 1710
(654, 539) 1711
(659, 539) 1712
(656, 540) 1713
(647, 541) 1714
(640, 543) 1715
(632, 544) 1716
(626, 545) 1717
(620, 547) 1718
(616, 548) 1719
(612, 549) 1720
(613, 549) 1721
(614, 549) 1722
(614, 549) 1723
(617, 548) 1724
(620, 548) 1725
(622, 547) 1726
(624, 547) 1727
(626, 546) 1728
(629, 546) 1729
(630, 545) 1730
(634, 545) 1731
(637, 545) 1732
(640, 545) 1733
(643, 545) 1734
(646, 544) 1735
(651, 544) 1736
(654, 543) 1737
(659, 543) 1738
(664, 542) 1739
(668, 541) 1740
(672, 541) 1741
(676, 540) 1742
(679, 539) 1743
(682, 539) 1744
(685, 538) 1745
(687, 537) 1746
(689, 537) 1747
(689, 536) 1748
(689, 536) 1749
(688, 536) 1750
(689, 537) 1751
(957, 552) 1618
(958, 552) 1619
(959, 552) 1620
(960, 552) 1621
(966, 553) 1622
(969, 554) 1623
(974, 555) 1624
(978, 555) 1625
(983, 555) 1626
(988, 556) 1627
(994, 556) 1628
(999, 556) 1629
(1004, 557) 1630
(1010, 557) 1631
(1016, 558) 1632
(1020, 558) 1633
(1025, 558) 1634
(1029, 558) 1635
(1033, 558) 1636
(1037, 558) 1637
(1040, 558) 1638
(1043, 559) 1639
(1045, 559) 1640
(1048, 559) 1641
(1050, 560) 1642
(1052, 560) 1643
(1053, 560) 1644
(1055, 561) 1645
(1056, 561) 1646
(1057, 561) 1647
(1058, 561) 1648
(1059, 562) 1649
(1060, 562) 1650
(1061, 562) 1651
(1062, 563) 1652
(1063, 563) 1653
(1063, 563) 1654
(1062, 562) 1655
(1061, 561) 1656
(1061, 560) 1657
(1060, 559) 1658
(1059, 558) 1659
(1053, 558) 1660
(1047, 558) 1661
(1041, 558) 1662
(1037, 558) 1663
(1032, 558) 1664
(1028, 558) 1665
(1025, 558) 1666
(1022, 558) 1667
(1019, 558) 1668
(1016, 558) 1669
(1010, 557) 1670
(1002, 558) 1671
(995, 558) 1672
(989, 558) 1673
(983, 559) 1674
(978, 559) 1675
(973, 559) 1676
(969, 559) 1677
(965, 560) 1678
(961, 560) 1679
(958, 560) 1680
(955, 560) 1681
(953, 561) 1682
(951, 561) 1683
(948, 562) 1684
(947, 562) 1685
(945, 562) 1686
(943, 563) 1687
(942, 563) 1688
(941, 564) 1689
(941, 564) 1690
(944, 564) 1691
(948, 563) 1692
(952, 563) 1693
(955, 562) 1694
(958, 562) 1695
(961, 562) 1696
(961, 561) 1697
(958, 561) 1698
(952, 561) 1699
(946, 561) 1700
(943, 561) 1701
(940, 561) 1702
(937, 560) 1703
(932, 560) 1704
(929, 560) 1705
(927, 560) 1706
(925, 559) 1707
(926, 559) 1708
(927, 559) 1709
(930, 558) 1710
(934, 558) 1711
(937, 557) 1712
(941, 556) 1713
(945, 556) 1714
(948, 555) 1715
(950, 555) 1716
(953, 554) 1717
(956, 554) 1718
(958, 553) 1719
(959, 553) 1720
(961, 552) 1721
(962, 552) 1722
(965, 551) 1723
(967, 551) 1724
(969, 551) 1725
(972, 550) 1726
(974, 550) 1727
(977, 550) 1728
(979, 550) 1729
(985, 550) 1730
(991, 549) 1731
(996, 549) 1732
(1000, 549) 1733
(1004, 549) 1734
(1008, 549) 1735
(1011, 548) 1736
(1014, 548) 1737
(1016, 548) 1738
(1019, 548) 1739
(1021, 548) 1740
(1023, 547) 1741
(1025, 547) 1742
(1026, 547) 1743
(1027, 547) 1744
(1029, 547) 1745
(1029, 547) 1746
(1023, 546) 1747
(1010, 546) 1748
(999, 546) 1749
(989, 547) 1750
(979, 547) 1751
(971, 547) 1752
(964, 547) 1753
(957, 547) 1754
(951, 547) 1755
(946, 547) 1756
(941, 547) 1757
(931, 548) 1758
(922, 548) 1759
(915, 548) 1760
(908, 548) 1761
(904, 549) 1762
(902, 550) 1763
(900, 550) 1764
(898, 550) 1765
(895, 550) 1766
(892, 550) 1767
(888, 550) 1768
(884, 550) 1769
(880, 551) 1770
(874, 551) 1771
(869, 551) 1772
(1439, 497) 1622
(1439, 497) 1623
(1440, 497) 1624
(1440, 497) 1625
(1440, 497) 1626
(1441, 497) 1627
(1441, 497) 1628
(1441, 497) 1629
(1442, 497) 1630
(1443, 497) 1631
(1444, 497) 1632
(1445, 497) 1633
(1446, 497) 1634
(1446, 497) 1635
(1447, 497) 1636
(1447, 497) 1637
(1448, 497) 1638
(1448, 497) 1639
(1449, 497) 1640
(1449, 496) 1641
(1449, 496) 1642
(1449, 496) 1643
(1444, 497) 1644
(1439, 498) 1645
(1427, 499) 1646
(1417, 500) 1647
(1408, 501) 1648
(1403, 502) 1649
(1400, 503) 1650
(1396, 505) 1651
(1392, 506) 1652
(1388, 508) 1653
(1381, 510) 1654
(1375, 511) 1655
(1370, 513) 1656
(1363, 514) 1657
(1355, 515) 1658
(1348, 515) 1659
(1344, 515) 1660
(1341, 516) 1661
(1339, 517) 1662
(1339, 518) 1663
(1339, 519) 1664
(1337, 519) 1665
(1335, 520) 1666
(1332, 521) 1667
(1330, 522) 1668
(1329, 522) 1669
(1327, 522) 1670
(1327, 523) 1671
(1328, 524) 1672
(1329, 525) 1673
(1329, 525) 1674
(1327, 525) 1675
(1324, 524) 1676
(1323, 523) 1677
(1321, 523) 1678
(1319, 522) 1679
(1317, 521) 1680
(1316, 520) 1681
(1316, 519) 1682
(1316, 519) 1683
(1316, 518) 1684
(1316, 517) 1685
(1315, 516) 1686
(1315, 515) 1687
(1315, 514) 1688
(1316, 514) 1689
(1317, 514) 1690
(1317, 514) 1691
(1316, 513) 1692
(1315, 512) 1693
(1312, 513) 1694
(1309, 513) 1695
(1308, 512) 1696
(1307, 511) 1697
(1303, 510) 1698
(1300, 509) 1699
(1299, 509) 1700
(1297, 509) 1701
(1296, 508) 1702
(1295, 508) 1703
(1293, 509) 1704
(1292, 509) 1705
(1291, 508) 1706
(1291, 508) 1707
(1292, 508) 1708
(1294, 507) 1709
(1296, 507) 1710
(1298, 506) 1711
(1299, 506) 1712
(1301, 506) 1713
(1302, 505) 1714
(1303, 505) 1715
(1304, 505) 1716
(1305, 504) 1717
(1304, 504) 1718
(1303, 504) 1719
(1302, 504) 1720
(1301, 504) 1721
(1301, 505) 1722
(1300, 505) 1723
(1299, 505) 1724
(1298, 505) 1725
(1296, 505) 1726
(1295, 505) 1727
(1294, 506) 1728
(1293, 507) 1729
(1292, 508) 1730
(1291, 509) 1731
(1282, 510) 1732
(1273, 511) 1733
(1266, 512) 1734
(1257, 512) 1735
(1252, 513) 1736
(1246, 514) 1737
(1245, 515) 1738
(1237, 516) 1739
(1229, 517) 1740
(1223, 517) 1741
(1217, 518) 1742
(1212, 519) 1743
(1213, 520) 1744
(1213, 520) 1745
(1213, 521) 1746
(1216, 522) 1747
(1218, 523) 1748
(1220, 524) 1749
(1220, 525) 1750
(1220, 526) 1751
(1218, 527) 1752
(1216, 528) 1753
(1214, 529) 1754
(1213, 530) 1755
(1212, 531) 1756
(1212, 532) 1757
(1215, 533) 1758
(1219, 534) 1759
(1224, 535) 1760
(1228, 535) 1761
(1231, 536) 1762
(1235, 537) 1763
(1238, 538) 1764
(1242, 538) 1765
(1247, 539) 1766
(1251, 540) 1767
(1255, 540) 1768
(1258, 541) 1769
(1258, 542) 1770
(1255, 542) 1771
(1252, 543) 1772
(1250, 543) 1773
(1247, 544) 1774
(1245, 545) 1775
(1243, 545) 1776
(1241, 546) 1777
(1239, 547) 1778
(1238, 547) 1779
(1237, 548) 1780
(1235, 548) 1781
(1234, 549) 1782
(1233, 549) 1783
(1225, 550) 1784
(1216, 550) 1785
(1209, 551) 1786
(1202, 551) 1787
(1194, 552) 1788
(1186, 552) 1789
(1179, 553) 1790
(1173, 553) 1791
(1168, 554) 1792
(1161, 553) 1793
(1153, 554) 1794
(1146, 554) 1795
(1140, 554) 1796
(1135, 554) 1797
(1130, 555) 1798
(1126, 555) 1799
(1122, 555) 1800
(1118, 555) 1801
(1115, 556) 1802
(1108, 556) 1803
(1101, 556) 1804
(1096, 556) 1805
(1091, 555) 1806
(1086, 555) 1807
(1082, 555) 1808
(1079, 555) 1809
(1075, 554) 1810
(1072, 554) 1811
(1070, 554) 1812
(1069, 554) 1813
(1066, 554) 1814
(1064, 554) 1815
(1064, 554) 1816
(1066, 555) 1817
(1069, 556) 1818
(1072, 556) 1819
(1072, 557) 1820
(1072, 557) 1821
(1069, 556) 1822
(1067, 556) 1823
(1064, 556) 1824
(1064, 556) 1825
(1063, 556) 1826
(1063, 556) 1827
(1062, 555) 1828
(1062, 555) 1829
(1062, 555) 1830
(1063, 554) 1831
(1065, 554) 1832
(1066, 553) 1833
(1067, 553) 1834
(1068, 552) 1835
(1069, 552) 1836
(1070, 552) 1837
(1071, 551) 1838
(1072, 551) 1839
(1072, 550) 1840
(1073, 550) 1841
(1073, 549) 1842
(1074, 549) 1843
(1074, 548) 1844
(1075, 548) 1845
(1075, 548) 1846
(1075, 547) 1847
(1076, 548) 1848
(1079, 548) 1849
(1081, 548) 1850
(1083, 547) 1851
(1085, 547) 1852
(1087, 546) 1853
(1089, 546) 1854
(1090, 545) 1855
(1092, 545) 1856
(1093, 545) 1857
(1094, 544) 1858
(1095, 544) 1859
(1096, 544) 1860
(1097, 543) 1861
(1098, 543) 1862
(1098, 543) 1863
(1099, 542) 1864
(1099, 542) 1865
(1100, 542) 1866
(1100, 541) 1867
(1097, 540) 1868
(1087, 540) 1869
(1078, 539) 1870
(1069, 539) 1871
(1062, 538) 1872
(1055, 538) 1873
(1049, 538) 1874
(1044, 537) 1875
(1037, 537) 1876
(319, 516) 1628
(319, 516) 1629
(320, 516) 1630
(320, 516) 1631
(321, 516) 1632
(322, 516) 1633
(324, 516) 1634
(325, 516) 1635
(327, 516) 1636
(329, 516) 1637
(332, 516) 1638
(335, 516) 1639
(337, 516) 1640
(341, 517) 1641
(345, 517) 1642
(348, 517) 1643
(351, 517) 1644
(354, 517) 1645
(356, 517) 1646
(358, 517) 1647
(360, 517) 1648
(362, 517) 1649
(363, 517) 1650
(365, 517) 1651
(366, 517) 1652
(367, 517) 1653
(368, 517) 1654
(369, 517) 1655
(370, 517) 1656
(373, 518) 1657
(376, 518) 1658
(378, 519) 1659
(380, 519) 1660
(381, 520) 1661
(381, 520) 1662
(382, 521) 1663
(383, 521) 1664
(383, 521) 1665
(384, 522) 1666
(388, 522) 1667
(391, 523) 1668
(394, 523) 1669
(397, 523) 1670
(400, 524) 1671
(402, 524) 1672
(404, 524) 1673
(405, 525) 1674
(407, 525) 1675
(408, 525) 1676
(409, 526) 1677
(411, 526) 1678
(417, 527) 1679
(423, 528) 1680
(428, 529) 1681
(432, 530) 1682
(435, 531) 1683
(437, 531) 1684
(440, 532) 1685
(444, 533) 1686
(448, 535) 1687
(451, 536) 1688
(454, 537) 1689
(457, 539) 1690
(459, 540) 1691
(462, 541) 1692
(463, 542) 1693
(465, 544) 1694
(465, 545) 1695
(468, 548) 1696
(471, 551) 1697
(474, 553) 1698
(476, 556) 1699
(478, 559) 1700
(480, 561) 1701
(482, 564) 1702
(489, 566) 1703
(491, 569) 1704
(493, 572) 1705
(494, 574) 1706
(496, 577) 1707
(497, 579) 1708
(499, 582) 1709
(500, 584) 1710
(501, 587) 1711
(502, 589) 1712
(503, 591) 1713
(504, 593) 1714
(505, 596) 1715
(505, 598) 1716
(506, 600) 1717
(506, 602) 1718
(507, 604) 1719
(507, 606) 1720
(508, 608) 1721
(508, 610) 1722
(508, 611) 1723
(500, 613) 1724
(493, 614) 1725
(486, 616) 1726
(1043, 623) 1656
(1043, 623) 1657
(1043, 623) 1658
(1042, 623) 1659
(1042, 623) 1660
(1042, 624) 1661
(1041, 625) 1662
(1041, 626) 1663
(1040, 628) 1664
(1040, 629) 1665
(1041, 630) 1666
(1043, 631) 1667
(1045, 633) 1668
(1046, 634) 1669
(1048, 635) 1670
(1049, 637) 1671
(1051, 638) 1672
(1052, 639) 1673
(1051, 641) 1674
(1050, 643) 1675
(1048, 645) 1676
(1050, 646) 1677
(1051, 647) 1678
(1053, 649) 1679
(1054, 650) 1680
(1055, 651) 1681
(1056, 652) 1682
(1057, 653) 1683
(1058, 655) 1684
(1059, 656) 1685
(1057, 657) 1686
(1057, 658) 1687
(1058, 660) 1688
(1058, 661) 1689
(1058, 662) 1690
(1057, 663) 1691
(1056, 664) 1692
(1054, 665) 1693
(1053, 666) 1694
(1053, 667) 1695
(1053, 669) 1696
(1052, 670) 1697
(1051, 670) 1698
(1051, 671) 1699
(1050, 672) 1700
(1049, 674) 1701
(1048, 675) 1702
(1046, 676) 1703
(1046, 677) 1704
(1045, 678) 1705
(1045, 679) 1706
(1044, 679) 1707
(1044, 680) 1708
(1044, 681) 1709
(1043, 681) 1710
(1043, 682) 1711
(1043, 683) 1712
(1043, 684) 1713
(1043, 684) 1714
(1043, 685) 1715
(1043, 685) 1716
(1043, 686) 1717
(1043, 687) 1718
(1043, 687) 1719
(1043, 688) 1720
(1043, 689) 1721
(1043, 689) 1722
(1043, 690) 1723
(1043, 690) 1724
(1043, 691) 1725
(1043, 691) 1726
(1043, 692) 1727
(1044, 692) 1728
(1044, 693) 1729
(1044, 693) 1730
(1044, 694) 1731
(1044, 694) 1732
(1044, 695) 1733
(1044, 695) 1734
(1044, 696) 1735
(1044, 696) 1736
(1044, 697) 1737
(1044, 697) 1738
(1044, 697) 1739
(1044, 698) 1740
(1044, 698) 1741
(1044, 699) 1742
(1044, 699) 1743
(1044, 699) 1744
(1044, 700) 1745
(1044, 700) 1746
(1044, 700) 1747
(1044, 701) 1748
(1044, 701) 1749
(1044, 701) 1750
(1044, 702) 1751
(1044, 702) 1752
(1043, 702) 1753
(1044, 703) 1754
(1044, 703) 1755
(1044, 703) 1756
(1044, 704) 1757
(1044, 704) 1758
(1044, 704) 1759
(1044, 705) 1760
(1044, 705) 1761
(1045, 705) 1762
(1045, 705) 1763
(1045, 706) 1764
(1045, 706) 1765
(1044, 706) 1766
(1044, 706) 1767
(1044, 706) 1768
(1043, 707) 1769
(1043, 707) 1770
(1042, 707) 1771
(1042, 707) 1772
(1042, 707) 1773
(1041, 707) 1774
(1041, 708) 1775
(1041, 708) 1776
(1041, 708) 1777
(1041, 708) 1778
(1041, 708) 1779
(1041, 708) 1780
(1041, 709) 1781
(1041, 709) 1782
(1041, 709) 1783
(1041, 709) 1784
(1041, 709) 1785
(1041, 709) 1786
(1041, 709) 1787
(1041, 710) 1788
(1041, 710) 1789
(1040, 710) 1790
(1040, 710) 1791
(1040, 710) 1792
(1040, 710) 1793
(1040, 710) 1794
(1040, 711) 1795
(1040, 711) 1796
(1040, 711) 1797
(1040, 711) 1798
(1040, 711) 1799
(1040, 711) 1800
(1040, 711) 1801
(1040, 712) 1802
(1040, 712) 1803
(1040, 712) 1804
(1040, 712) 1805
(1040, 712) 1806
(1040, 712) 1807
(1040, 712) 1808
(1040, 712) 1809
(1040, 713) 1810
(1040, 713) 1811
(1040, 713) 1812
(1041, 713) 1813
(1041, 713) 1814
(1042, 713) 1815
(1042, 713) 1816
(1043, 713) 1817
(1044, 713) 1818
(1044, 713) 1819
(1045, 713) 1820
(1045, 713) 1821
(1045, 714) 1822
(1046, 714) 1823
(1050, 712) 1824
(1056, 712) 1825
(1062, 712) 1826
(1067, 712) 1827
(1071, 712) 1828
(1075, 712) 1829
(1078, 712) 1830
(1082, 712) 1831
(1084, 712) 1832
(1087, 712) 1833
(1089, 712) 1834
(1091, 712) 1835
(1093, 712) 1836
(1095, 712) 1837
(1096, 712) 1838
(1098, 712) 1839
(1099, 712) 1840
(1102, 712) 1841
(422, 495) 1709
(422, 495) 1710
(422, 495) 1711
(422, 495) 1712
(422, 495) 1713
(421, 495) 1714
(421, 495) 1715
(421, 495) 1716
(421, 495) 1717
(421, 496) 1718
(420, 496) 1719
(420, 496) 1720
(420, 496) 1721
(420, 496) 1722
(420, 496) 1723
(420, 496) 1724
(420, 496) 1725
(420, 496) 1726
(421, 497) 1727
(421, 497) 1728
(425, 497) 1729
(424, 497) 1730
(424, 498) 1731
(424, 498) 1732
(423, 498) 1733
(422, 498) 1734
(421, 498) 1735
(420, 498) 1736
(419, 499) 1737
(418, 499) 1738
(417, 499) 1739
(416, 499) 1740
(415, 499) 1741
(415, 499) 1742
(414, 499) 1743
(405, 500) 1744
(397, 500) 1745
(389, 501) 1746
(382, 501) 1747
(376, 501) 1748
(371, 502) 1749
(366, 502) 1750
(362, 502) 1751
(359, 503) 1752
(356, 503) 1753
(354, 503) 1754
(351, 504) 1755
(350, 504) 1756
(348, 504) 1757
(347, 505) 1758
(346, 505) 1759
(345, 505) 1760
(345, 505) 1761
(345, 506) 1762
(344, 506) 1763
(344, 506) 1764
(344, 506) 1765
(343, 507) 1766
(343, 507) 1767
(343, 507) 1768
(343, 507) 1769
(343, 508) 1770
(342, 508) 1771
(342, 508) 1772
(342, 508) 1773
(342, 508) 1774
(342, 509) 1775
(342, 509) 1776
(342, 509) 1777
(342, 509) 1778
(346, 510) 1779
(350, 510) 1780
(353, 511) 1781
(355, 511) 1782
(366, 511) 1783
(374, 511) 1784
(385, 511) 1785
(394, 511) 1786
(397, 511) 1787
(404, 511) 1788
(409, 512) 1789
(413, 513) 1790
(417, 514) 1791
(427, 514) 1792
(435, 514) 1793
(447, 514) 1794
(458, 514) 1795
(468, 514) 1796
(476, 515) 1797
(484, 515) 1798
(491, 515) 1799
(498, 516) 1800
(504, 516) 1801
(509, 516) 1802
(514, 516) 1803
(518, 517) 1804
(522, 517) 1805
(522, 517) 1806
(520, 518) 1807
(516, 518) 1808
(516, 518) 1809
(522, 519) 1810
(528, 519) 1811
(527, 520) 1812
(522, 521) 1813
(518, 521) 1814
(518, 521) 1815
(518, 522) 1816
(517, 522) 1817
(515, 523) 1818
(513, 523) 1819
(510, 524) 1820
(511, 524) 1821
(511, 524) 1822
(510, 524) 1823
(511, 525) 1824
(512, 525) 1825
(512, 525) 1826
(509, 525) 1827
(507, 526) 1828
(505, 526) 1829
(506, 527) 1830
(507, 527) 1831
(508, 528) 1832
(509, 528) 1833
(514, 529) 1834
(519, 529) 1835
(523, 530) 1836
(525, 530) 1837
(527, 530) 1838
(529, 530) 1839
(532, 530) 1840
(532, 530) 1841
(535, 530) 1842
(536, 530) 1843
(538, 530) 1844
(540, 530) 1845
(542, 530) 1846
(543, 530) 1847
(543, 529) 1848
(538, 529) 1849
(530, 529) 1850
(523, 529) 1851
(518, 529) 1852
(513, 529) 1853
(508, 529) 1854
(506, 529) 1855
(503, 529) 1856
(501, 529) 1857
(499, 529) 1858
(497, 529) 1859
(496, 529) 1860
(494, 529) 1861
(493, 528) 1862
(491, 528) 1863
(492, 529) 1864
(492, 529) 1865
(492, 529) 1866
(493, 529) 1867
(499, 529) 1868
(504, 529) 1869
(1864, 549) 1783
(1863, 549) 1784
(1864, 548) 1785
(1864, 547) 1786
(1864, 546) 1787
(1864, 546) 1788
(1864, 546) 1789
(1864, 545) 1790
(1864, 545) 1791
(1864, 545) 1792
(1865, 544) 1793
(1866, 544) 1794
(1867, 543) 1795
(1868, 543) 1796
(1870, 542) 1797
(1871, 542) 1798
(1874, 541) 1799
(1879, 541) 1800
(1885, 540) 1801
(1889, 540) 1802
(1894, 539) 1803
(1898, 538) 1804
(1902, 538) 1805
(1905, 537) 1806
(1908, 537) 1807
(1911, 536) 1808
(1913, 535) 1809
(1915, 535) 1810
(1917, 534) 1811
(1920, 533) 1812
(1920, 533) 1813
(6, 532) 1814
(9, 532) 1815
(11, 531) 1816
(13, 531) 1817
(15, 530) 1818
(17, 530) 1819
(18, 529) 1820
(19, 529) 1821
(20, 528) 1822
(20, 528) 1823
(20, 528) 1824
(21, 527) 1825
(21, 527) 1826
(22, 527) 1827
(22, 527) 1828
(22, 526) 1829
(21, 526) 1830
(22, 526) 1831
(22, 526) 1832
(21, 526) 1833
(21, 525) 1834
(21, 525) 1835
(20, 525) 1836
(19, 525) 1837
(19, 525) 1838
(18, 525) 1839
(16, 525) 1840
(15, 525) 1841
(13, 525) 1842
(12, 525) 1843
(10, 525) 1844
(10, 525) 1845
(1930, 525) 1846
(1926, 525) 1847
(1923, 525) 1848
(1920, 525) 1849
(1920, 524) 1850
(1920, 524) 1851
(1920, 524) 1852
(1920, 524) 1853
(1919, 523) 1854
(1919, 523) 1855
(1919, 523) 1856
(1919, 523) 1857
(1918, 523) 1858
(1918, 523) 1859
(1918, 523) 1860
(1918, 522) 1861
(1918, 522) 1862
(1918, 522) 1863
(1918, 522) 1864
(1918, 522) 1865
(1918, 522) 1866
(1919, 522) 1867
(1919, 522) 1868
(1920, 522) 1869
(1921, 522) 1870
(1922, 522) 1871
(1923, 522) 1872
(1923, 522) 1873
(6, 522) 1874
(7, 521) 1875
(9, 521) 1876
(11, 521) 1877
(14, 521) 1878
(16, 520) 1879
(19, 520) 1880
(22, 520) 1881
(25, 519) 1882
(28, 519) 1883
(32, 519) 1884
(37, 518) 1885
(1314, 586) 1790
(1312, 586) 1791
(1312, 586) 1792
(1312, 586) 1793
(1313, 587) 1794
(1319, 587) 1795
(1324, 588) 1796
(1329, 588) 1797
(1334, 588) 1798
(1338, 587) 1799
(1343, 586) 1800
(1347, 585) 1801
(1351, 584) 1802
(1355, 583) 1803
(1358, 582) 1804
(1361, 581) 1805
(1364, 580) 1806
(1367, 579) 1807
(1370, 578) 1808
(1372, 577) 1809
(1374, 577) 1810
(1376, 576) 1811
(1377, 575) 1812
(1378, 574) 1813
(1379, 573) 1814
(1380, 572) 1815
(1381, 571) 1816
(1386, 570) 1817
(1391, 570) 1818
(1394, 569) 1819
(1398, 568) 1820
(1401, 568) 1821
(1407, 567) 1822
(1412, 567) 1823
(1416, 566) 1824
(1420, 566) 1825
(1424, 566) 1826
(1427, 565) 1827
(1427, 565) 1828
(1427, 565) 1829
(1427, 564) 1830
(1427, 564) 1831
(1426, 563) 1832
(1426, 563) 1833
(1426, 563) 1834
(1426, 562) 1835
(1426, 562) 1836
(1425, 562) 1837
(1423, 561) 1838
(1421, 561) 1839
(1418, 562) 1840
(1416, 562) 1841
(1413, 562) 1842
(1411, 562) 1843
(1410, 563) 1844
(1409, 563) 1845
(1407, 563) 1846
(1405, 564) 1847
(1402, 564) 1848
(1400, 565) 1849
(1399, 565) 1850
(1397, 565) 1851
(1395, 566) 1852
(1394, 566) 1853
(1393, 567) 1854
(1392, 567) 1855
(1391, 567) 1856
(1390, 568) 1857
(1389, 568) 1858
(1388, 569) 1859
(1388, 569) 1860
(1387, 569) 1861
(1379, 569) 1862
(1376, 569) 1863
(1375, 569) 1864
(1374, 569) 1865
(1373, 569) 1866
(1372, 569) 1867
(1372, 568) 1868
(1372, 568) 1869
(1372, 568) 1870
(1373, 568) 1871
(1372, 568) 1872
(1372, 568) 1873
(1372, 568) 1874
(1370, 568) 1875
(1366, 568) 1876
(1363, 568) 1877
(1360, 568) 1878
(1358, 568) 1879
(1355, 568) 1880
(1353, 568) 1881
(1353, 568) 1882
(1353, 568) 1883
(1351, 568) 1884
(1349, 568) 1885
(1347, 568) 1886
(1346, 568) 1887
(1345, 568) 1888
(1346, 568) 1889
(1349, 567) 1890
(1351, 567) 1891
(1352, 567) 1892
(1353, 567) 1893
(1353, 566) 1894
(1354, 566) 1895
(1354, 566) 1896
(1355, 566) 1897
(1355, 566) 1898
(1353, 566) 1899
(1349, 566) 1900
(1346, 566) 1901
(1344, 565) 1902
(1341, 565) 1903
(1339, 565) 1904
(1337, 565) 1905
(1335, 565) 1906
(1325, 565) 1907
(1316, 565) 1908
(1308, 564) 1909
(1300, 564) 1910
(1294, 564) 1911
(1287, 564) 1912
(1281, 563) 1913
(1275, 563) 1914
(1272, 563) 1915
(1272, 563) 1916
(1272, 563) 1917
(1272, 563) 1918
(1272, 564) 1919
(1272, 564) 1920
(1272, 564) 1921
(1272, 565) 1922
(1271, 565) 1923
(1270, 565) 1924
(1271, 566) 1925
(1271, 566) 1926
(1271, 566) 1927
(1271, 567) 1928
(1270, 567) 1929
(1269, 568) 1930
(1269, 568) 1931
(1270, 568) 1932
(1272, 569) 1933
(1273, 569) 1934
(1274, 570) 1935
(1274, 570) 1936
(1273, 570) 1937
(1272, 571) 1938
(1271, 571) 1939
(1270, 571) 1940
(1269, 572) 1941
(1265, 571) 1942
(1262, 571) 1943
(1259, 571) 1944
(1257, 571) 1945
(1255, 570) 1946
(1252, 569) 1947
(1250, 568) 1948
(1247, 567) 1949
(1243, 567) 1950
(1240, 566) 1951
(1237, 565) 1952
(1236, 565) 1953
(1234, 564) 1954
(1230, 564) 1955
(1231, 564) 1956
(1232, 563) 1957
(1233, 563) 1958
(1235, 562) 1959
(1236, 562) 1960
(1244, 561) 1961
(1244, 561) 1962
(1243, 561) 1963
(1242, 561) 1964
(1242, 560) 1965
(1241, 560) 1966
(1241, 560) 1967
(1241, 560) 1968
(1241, 559) 1969
(1241, 559) 1970
(1248, 559) 1971
(1253, 559) 1972
(1257, 559) 1973
(1263, 559) 1974
(1265, 558) 1975
(1267, 558) 1976
(1267, 557) 1977
(1269, 557) 1978
(1270, 556) 1979
(1270, 556) 1980
(1270, 555) 1981
(1269, 555) 1982
(1269, 554) 1983
(1269, 554) 1984
(1270, 554) 1985
(1270, 553) 1986
(1270, 553) 1987
(1270, 553) 1988
(1271, 553) 1989
(1271, 553) 1990
(1273, 553) 1991
(1275, 552) 1992
(1276, 552) 1993
(1278, 552) 1994
(1282, 552) 1995
(1286, 552) 1996
(1290, 552) 1997
(1287, 552) 1998
(1287, 551) 1999
(1287, 551) 2000
(1286, 551) 2001
(1286, 551) 2002
(1285, 551) 2003
(1283, 552) 2004
(1281, 552) 2005
(1280, 552) 2006
(1279, 552) 2007
(1279, 552) 2008
(1279, 552) 2009
(1279, 551) 2010
(1278, 551) 2011
(1278, 551) 2012
(1279, 551) 2013
(1278, 552) 2014
(1278, 552) 2015
(1275, 552) 2016
(1270, 552) 2017
(673, 533) 1841
(673, 533) 1842
(673, 533) 1843
(673, 533) 1844
(673, 533) 1845
(673, 533) 1846
(673, 533) 1847
(673, 533) 1848
(674, 533) 1849
(675, 533) 1850
(676, 533) 1851
(677, 532) 1852
(678, 532) 1853
(679, 532) 1854
(680, 532) 1855
(681, 532) 1856
(681, 532) 1857
(682, 532) 1858
(683, 532) 1859
(683, 532) 1860
(684, 532) 1861
(684, 532) 1862
(685, 532) 1863
(685, 532) 1864
(686, 532) 1865
(686, 532) 1866
(686, 532) 1867
(687, 532) 1868
(687, 532) 1869
(688, 532) 1870
(689, 532) 1871
(689, 533) 1872
(689, 533) 1873
(688, 533) 1874
(687, 533) 1875
(687, 532) 1876
(694, 533) 1877
(702, 533) 1878
(713, 533) 1879
(722, 534) 1880
(731, 534) 1881
(742, 535) 1882
(753, 535) 1883
(758, 536) 1884
(762, 536) 1885
(764, 536) 1886
(769, 537) 1887
(772, 537) 1888
(775, 538) 1889
(778, 539) 1890
(780, 539) 1891
(781, 540) 1892
(781, 541) 1893
(782, 541) 1894
(782, 542) 1895
(783, 542) 1896
(786, 542) 1897
(785, 542) 1898
(783, 542) 1899
(783, 543) 1900
(780, 543) 1901
(775, 542) 1902
(770, 543) 1903
(766, 543) 1904
(768, 543) 1905
(768, 543) 1906
(768, 542) 1907
(770, 542) 1908
(769, 542) 1909
(771, 542) 1910
(770, 543) 1911
(770, 543) 1912
(772, 543) 1913
(775, 542) 1914
(778, 542) 1915
(778, 542) 1916
(778, 543) 1917
(780, 543) 1918
(783, 542) 1919
(788, 542) 1920
(792, 541) 1921
(797, 541) 1922
(799, 541) 1923
(800, 541) 1924
(803, 541) 1925
(805, 541) 1926
(805, 541) 1927
(802, 541) 1928
(802, 541) 1929
(802, 541) 1930
(802, 541) 1931
(800, 541) 1932
(799, 541) 1933
(799, 541) 1934
(800, 541) 1935
(805, 541) 1936
(805, 541) 1937
(809, 541) 1938
(815, 541) 1939
(826, 542) 1940
(834, 542) 1941
(834, 542) 1942
(833, 542) 1943
(831, 541) 1944
(829, 541) 1945
(827, 541) 1946
(826, 541) 1947
(825, 542) 1948
(823, 542) 1949
(822, 541) 1950
(822, 541) 1951
(817, 540) 1952
(817, 540) 1953
(814, 540) 1954
(815, 540) 1955
(816, 540) 1956
(816, 540) 1957
(818, 540) 1958
(820, 540) 1959
(822, 540) 1960
(822, 540) 1961
(822, 541) 1962
(821, 541) 1963
(821, 541) 1964
(821, 541) 1965
(821, 541) 1966
(821, 542) 1967
(821, 542) 1968
(819, 542) 1969
(816, 542) 1970
(814, 542) 1971
(810, 543) 1972
(800, 543) 1973
(795, 543) 1974
(786, 543) 1975
(778, 543) 1976
(771, 543) 1977
(770, 542) 1978
(769, 542) 1979
(769, 542) 1980
(771, 542) 1981
(772, 541) 1982
(773, 541) 1983
(775, 541) 1984
(778, 541) 1985
(785, 541) 1986
(792, 541) 1987
(798, 541) 1988
(806, 542) 1989
(812, 542) 1990
(818, 543) 1991
(823, 543) 1992
(828, 544) 1993
(832, 544) 1994
(836, 545) 1995
(839, 545) 1996
(849, 546) 1997
(865, 546) 1998
(879, 547) 1999
(891, 547) 2000
(902, 547) 2001
(910, 547) 2002
(918, 547) 2003
(925, 547) 2004
(931, 547) 2005
(938, 548) 2006
(941, 549) 2007
(940, 549) 2008
(940, 549) 2009
(938, 549) 2010
(937, 549) 2011
(937, 549) 2012
(936, 549) 2013
(938, 549) 2014
(939, 549) 2015
(941, 549) 2016
(940, 548) 2017
(935, 548) 2018
(935, 548) 2019
(940, 548) 2020
(940, 548) 2021
(935, 548) 2022
(929, 548) 2023
(924, 548) 2024
(919, 548) 2025
(915, 548) 2026
(911, 548) 2027
(908, 547) 2028
(901, 547) 2029
(895, 547) 2030
(882, 547) 2031
(869, 547) 2032
(858, 547) 2033
(848, 548) 2034
(838, 548) 2035
(828, 548) 2036
(824, 548) 2037
(821, 549) 2038
(818, 549) 2039
(814, 550) 2040
(812, 550) 2041
(809, 551) 2042
(806, 551) 2043
(804, 552) 2044
(802, 552) 2045
(800, 552) 2046
(799, 553) 2047
(797, 553) 2048
(796, 554) 2049
(794, 554) 2050
(792, 554) 2051
(790, 554) 2052
(789, 554) 2053
(787, 555) 2054
(786, 555) 2055
(784, 555) 2056
(783, 555) 2057
(782, 555) 2058
(781, 555) 2059
(780, 556) 2060
(780, 556) 2061
(779, 556) 2062
(778, 556) 2063
(778, 556) 2064
(777, 556) 2065
(777, 556) 2066
(777, 556) 2067
(777, 557) 2068
(783, 556) 2069
(789, 556) 2070
(794, 556) 2071
(798, 556) 2072
(801, 556) 2073
(804, 556) 2074
(807, 556) 2075
(810, 556) 2076
(813, 556) 2077
(815, 556) 2078
(815, 556) 2079
(813, 556) 2080
(810, 556) 2081
(805, 556) 2082
(800, 556) 2083
(797, 556) 2084
(795, 556) 2085
(792, 556) 2086
(790, 556) 2087
(788, 555) 2088
(787, 555) 2089
(792, 555) 2090
(797, 555) 2091
(808, 555) 2092
(817, 554) 2093
(826, 554) 2094
(833, 554) 2095
(840, 554) 2096
(844, 554) 2097
(848, 553) 2098
(852, 553) 2099
(855, 553) 2100
(853, 553) 2101
(850, 552) 2102
(847, 552) 2103
(845, 552) 2104
(845, 552) 2105
(844, 551) 2106
(836, 551) 2107
(829, 550) 2108
(823, 550) 2109
(503, 580) 1881
(503, 580) 1882
(503, 580) 1883
(504, 580) 1884
(505, 580) 1885
(505, 580) 1886
(506, 580) 1887
(507, 580) 1888
(508, 580) 1889
(508, 580) 1890
(509, 580) 1891
(509, 580) 1892
(509, 580) 1893
(510, 580) 1894
(510, 580) 1895
(510, 580) 1896
(511, 580) 1897
(511, 580) 1898
(511, 580) 1899
(511, 580) 1900
(511, 580) 1901
(512, 580) 1902
(512, 580) 1903
(512, 580) 1904
(510, 580) 1905
(509, 580) 1906
(508, 580) 1907
(507, 580) 1908
(506, 580) 1909
(505, 580) 1910
(504, 580) 1911
(500, 579) 1912
(500, 579) 1913
(500, 578) 1914
(501, 578) 1915
(501, 577) 1916
(502, 577) 1917
(503, 576) 1918
(503, 575) 1919
(503, 574) 1920
(503, 574) 1921
(503, 573) 1922
(503, 572) 1923
(503, 571) 1924
(503, 571) 1925
(502, 570) 1926
(501, 569) 1927
(501, 569) 1928
(500, 568) 1929
(499, 567) 1930
(499, 567) 1931
(498, 566) 1932
(498, 566) 1933
(497, 565) 1934
(497, 564) 1935
(498, 564) 1936
(497, 563) 1937
(494, 562) 1938
(491, 561) 1939
(487, 561) 1940
(482, 559) 1941
(477, 558) 1942
(473, 557) 1943
(469, 556) 1944
(465, 554) 1945
(461, 553) 1946
(461, 552) 1947
(462, 550) 1948
(462, 549) 1949
(462, 548) 1950
(462, 547) 1951
(461, 546) 1952
(463, 545) 1953
(464, 544) 1954
(465, 544) 1955
(466, 543) 1956
(467, 543) 1957
(470, 542) 1958
(472, 541) 1959
(473, 540) 1960
(475, 539) 1961
(475, 538) 1962
(474, 538) 1963
(474, 537) 1964
(473, 536) 1965
(473, 535) 1966
(473, 535) 1967
(472, 534) 1968
(472, 533) 1969
(472, 533) 1970
(472, 532) 1971
(471, 532) 1972
(471, 531) 1973
(475, 531) 1974
(479, 532) 1975
(482, 532) 1976
(485, 532) 1977
(488, 532) 1978
(490, 533) 1979
(492, 533) 1980
(495, 533) 1981
(497, 533) 1982
(499, 534) 1983
(500, 534) 1984
(502, 534) 1985
(504, 534) 1986
(507, 534) 1987
(507, 535) 1988
(508, 535) 1989
(506, 535) 1990
(503, 535) 1991
(501, 535) 1992
(499, 535) 1993
(497, 535) 1994
(495, 535) 1995
(493, 536) 1996
(492, 536) 1997
(490, 536) 1998
(489, 536) 1999
(488, 536) 2000
(480, 536) 2001
(473, 535) 2002
(467, 535) 2003
(461, 535) 2004
(456, 535) 2005
(451, 534) 2006
(447, 534) 2007
(446, 534) 2008
(444, 533) 2009
(442, 533) 2010
(441, 533) 2011
(439, 532) 2012
(437, 532) 2013
(435, 532) 2014
(433, 531) 2015
(431, 531) 2016
(429, 530) 2017
(427, 530) 2018
(425, 529) 2019
(423, 529) 2020
(421, 529) 2021
(418, 528) 2022
(415, 528) 2023
(411, 528) 2024
(407, 528) 2025
(404, 528) 2026
(404, 528) 2027
(404, 528) 2028
(404, 528) 2029
(404, 527) 2030
(404, 527) 2031
(403, 527) 2032
(403, 527) 2033
(398, 527) 2034
(393, 527) 2035
(389, 527) 2036
(385, 527) 2037
(381, 527) 2038
(377, 527) 2039
(374, 526) 2040
(371, 526) 2041
(368, 526) 2042
(362, 526) 2043
(358, 525) 2044
(354, 525) 2045
(352, 525) 2046
(350, 524) 2047
(348, 523) 2048
(343, 523) 2049
(339, 522) 2050
(335, 522) 2051
(331, 521) 2052
(324, 521) 2053
(318, 520) 2054
(314, 520) 2055
(312, 519) 2056
(307, 519) 2057
(301, 518) 2058
(297, 517) 2059
(292, 516) 2060
(288, 515) 2061
(285, 514) 2062
(282, 512) 2063
(280, 511) 2064
(276, 510) 2065
(273, 509) 2066
(271, 508) 2067
(269, 507) 2068
(271, 506) 2069
(272, 506) 2070
(274, 505) 2071
(274, 505) 2072
(272, 504) 2073
(269, 503) 2074
(271, 502) 2075
(272, 502) 2076
(274, 502) 2077
(276, 502) 2078
(278, 502) 2079
(278, 501) 2080
(280, 501) 2081
(282, 501) 2082
(282, 501) 2083
(278, 501) 2084
(278, 500) 2085
(277, 500) 2086
(279, 499) 2087
(280, 499) 2088
(280, 498) 2089
(280, 498) 2090
(280, 498) 2091
(280, 497) 2092
(279, 497) 2093
(279, 497) 2094
(274, 496) 2095
(270, 496) 2096
(266, 495) 2097
(266, 495) 2098
(266, 495) 2099
(270, 494) 2100
(278, 495) 2101
(286, 495) 2102
(293, 495) 2103
(305, 496) 2104
(310, 496) 2105
(316, 496) 2106
(322, 497) 2107
(324, 497) 2108
(323, 498) 2109
(228, 571) 1892
(228, 571) 1893
(228, 571) 1894
(228, 571) 1895
(227, 571) 1896
(226, 571) 1897
(225, 571) 1898
(224, 571) 1899
(223, 572) 1900
(222, 572) 1901
(220, 572) 1902
(219, 572) 1903
(217, 572) 1904
(218, 573) 1905
(218, 574) 1906
(218, 574) 1907
(217, 575) 1908
(217, 575) 1909
(216, 576) 1910
(215, 576) 1911
(214, 577) 1912
(213, 577) 1913
(212, 578) 1914
(211, 578) 1915
(210, 579) 1916
(209, 579) 1917
(207, 580) 1918
(206, 580) 1919
(205, 581) 1920
(204, 581) 1921
(203, 582) 1922
(202, 582) 1923
(200, 582) 1924
(199, 583) 1925
(198, 583) 1926
(197, 584) 1927
(197, 584) 1928
(196, 584) 1929
(195, 585) 1930
(194, 585) 1931
(193, 586) 1932
(193, 586) 1933
(192, 587) 1934
(192, 587) 1935
(191, 587) 1936
(191, 588) 1937
(190, 588) 1938
(190, 588) 1939
(190, 589) 1940
(189, 589) 1941
(189, 590) 1942
(189, 590) 1943
(189, 590) 1944
(189, 591) 1945
(189, 591) 1946
(189, 592) 1947
(189, 592) 1948
(189, 592) 1949
(189, 593) 1950
(189, 593) 1951
(190, 593) 1952
(190, 594) 1953
(190, 594) 1954
(190, 594) 1955
(190, 595) 1956
(190, 595) 1957
(190, 596) 1958
(190, 596) 1959
(190, 596) 1960
(190, 596) 1961
(190, 597) 1962
(189, 597) 1963
(189, 597) 1964
(188, 598) 1965
(187, 598) 1966
(187, 598) 1967
(187, 597) 1968
(188, 596) 1969
(189, 594) 1970
(195, 593) 1971
(200, 592) 1972
(204, 591) 1973
(204, 590) 1974
(204, 588) 1975
(204, 587) 1976
(204, 586) 1977
(204, 584) 1978
(204, 583) 1979
(204, 582) 1980
(205, 581) 1981
(213, 580) 1982
(220, 579) 1983
(227, 578) 1984
(232, 577) 1985
(235, 576) 1986
(238, 575) 1987
(240, 574) 1988
(242, 574) 1989
(241, 572) 1990
(241, 571) 1991
(240, 569) 1992
(239, 568) 1993
(239, 567) 1994
(238, 565) 1995
(237, 564) 1996
(236, 563) 1997
(235, 562) 1998
(234, 560) 1999
(233, 559) 2000
(232, 558) 2001
(231, 557) 2002
(231, 555) 2003
(230, 554) 2004
(229, 553) 2005
(228, 552) 2006
(227, 551) 2007
(226, 550) 2008
(225, 549) 2009
(225, 548) 2010
(224, 547) 2011
(223, 546) 2012
(222, 545) 2013
(221, 545) 2014
(220, 544) 2015
(217, 543) 2016
(214, 543) 2017
(211, 542) 2018
(209, 541) 2019
(207, 541) 2020
(205, 540) 2021
(204, 539) 2022
(202, 539) 2023
(201, 538) 2024
(200, 538) 2025
(200, 537) 2026
(205, 537) 2027
(211, 537) 2028
(216, 537) 2029
(221, 538) 2030
(225, 538) 2031
(229, 538) 2032
(1518, 572) 1975
(1518, 572) 1976
(1518, 572) 1977
(1519, 572) 1978
(1519, 572) 1979
(1523, 571) 1980
(1528, 571) 1981
(1532, 571) 1982
(1537, 571) 1983
(1541, 571) 1984
(1546, 570) 1985
(1550, 570) 1986
(1554, 570) 1987
(1558, 569) 1988
(1562, 569) 1989
(1566, 568) 1990
(1570, 568) 1991
(1573, 568) 1992
(1577, 567) 1993
(1579, 567) 1994
(1582, 567) 1995
(1586, 567) 1996
(1591, 566) 1997
(1597, 566) 1998
(1602, 566) 1999
(1608, 566) 2000
(1614, 566) 2001
(1619, 565) 2002
(1625, 565) 2003
(1630, 565) 2004
(1634, 565) 2005
(1638, 565) 2006
(1643, 565) 2007
(1646, 565) 2008
(1650, 565) 2009
(1653, 564) 2010
(1656, 564) 2011
(1658, 564) 2012
(1661, 564) 2013
(1663, 564) 2014
(1666, 564) 2015
(1673, 563) 2016
(1679, 562) 2017
(1685, 561) 2018
(1691, 560) 2019
(1697, 559) 2020
(1702, 558) 2021
(1706, 557) 2022
(1711, 556) 2023
(1715, 555) 2024
(1720, 554) 2025
(1721, 553) 2026
(1722, 553) 2027
(1724, 552) 2028
(1725, 551) 2029
(1726, 550) 2030
(1727, 549) 2031
(1728, 548) 2032
(1729, 547) 2033
(1729, 547) 2034
(1729, 546) 2035
(1721, 545) 2036
(1708, 543) 2037
(1696, 542) 2038
(1685, 540) 2039
(1674, 539) 2040
(1663, 538) 2041
(1655, 537) 2042
(1648, 536) 2043
(1641, 535) 2044
(1635, 534) 2045
(1629, 533) 2046
(1624, 532) 2047
(1620, 531) 2048
(1615, 530) 2049
(1613, 530) 2050
(1610, 529) 2051
(1608, 528) 2052
(1606, 528) 2053
(1604, 527) 2054
(1601, 527) 2055
(1599, 526) 2056
(1599, 526) 2057
(1599, 525) 2058
(1600, 525) 2059
(1601, 524) 2060
(1603, 524) 2061
(1604, 524) 2062
(1606, 523) 2063
(1608, 523) 2064
(1611, 523) 2065
(1613, 522) 2066
(1616, 522) 2067
(1618, 522) 2068
(1621, 522) 2069
(1624, 522) 2070
(1627, 521) 2071
(1630, 521) 2072
(1633, 521) 2073
(1636, 521) 2074
(1639, 521) 2075
(1643, 521) 2076
(1646, 521) 2077
(1650, 521) 2078
(1653, 521) 2079
(1657, 521) 2080
(1660, 521) 2081
(1664, 521) 2082
(1667, 522) 2083
(1670, 522) 2084
(1673, 522) 2085
(1676, 522) 2086
(1680, 523) 2087
(1683, 523) 2088
(1686, 523) 2089
(1690, 524) 2090
(1693, 524) 2091
(1695, 524) 2092
(1698, 524) 2093
(1701, 525) 2094
(1703, 525) 2095
(1706, 525) 2096
(1709, 525) 2097
(1711, 526) 2098
(1713, 526) 2099
(1716, 526) 2100
(1718, 526) 2101
(1721, 527) 2102
(1723, 527) 2103
(1726, 527) 2104
(1729, 527) 2105
(1731, 528) 2106
(1734, 528) 2107
(1736, 528) 2108
(1739, 529) 2109
(656, 561) 1992
(653, 561) 1993
(653, 561) 1994
(653, 561) 1995
(653, 561) 1996
(646, 561) 1997
(641, 560) 1998
(636, 560) 1999
(631, 560) 2000
(630, 560) 2001
(627, 559) 2002
(624, 559) 2003
(621, 559) 2004
(618, 558) 2005
(618, 558) 2006
(618, 558) 2007
(621, 558) 2008
(625, 558) 2009
(627, 558) 2010
(629, 558) 2011
(631, 558) 2012
(632, 558) 2013
(633, 558) 2014
(634, 558) 2015
(635, 557) 2016
(635, 557) 2017
(636, 557) 2018
(638, 558) 2019
(640, 558) 2020
(642, 558) 2021
(643, 559) 2022
(645, 559) 2023
(645, 559) 2024
(643, 559) 2025
(641, 559) 2026
(638, 559) 2027
(636, 559) 2028
(634, 558) 2029
(632, 558) 2030
(631, 558) 2031
(630, 558) 2032
(628, 558) 2033
(627, 558) 2034
(626, 557) 2035
(625, 557) 2036
(623, 557) 2037
(620, 556) 2038
(617, 555) 2039
(611, 555) 2040
(606, 554) 2041
(600, 554) 2042
(596, 553) 2043
(592, 553) 2044
(588, 552) 2045
(582, 552) 2046
(577, 552) 2047
(573, 551) 2048
(569, 551) 2049
(567, 551) 2050
(566, 550) 2051
(566, 550) 2052
(566, 550) 2053
(566, 551) 2054
(567, 551) 2055
(569, 551) 2056
(570, 552) 2057
(571, 552) 2058
(571, 552) 2059
(571, 552) 2060
(570, 552) 2061
(569, 552) 2062
(570, 553) 2063
(570, 553) 2064
(570, 553) 2065
(570, 553) 2066
(570, 553) 2067
(568, 553) 2068
(568, 553) 2069
(569, 553) 2070
(570, 553) 2071
(572, 553) 2072
(574, 553) 2073
(576, 553) 2074
(577, 554) 2075
(578, 555) 2076
(579, 556) 2077
(580, 557) 2078
(581, 558) 2079
(582, 558) 2080
(584, 558) 2081
(585, 558) 2082
(586, 558) 2083
(587, 558) 2084
(587, 559) 2085
(588, 559) 2086
(589, 559) 2087
(589, 559) 2088
(589, 559) 2089
(584, 559) 2090
(585, 558) 2091
(585, 558) 2092
(586, 557) 2093
(587, 557) 2094
(595, 556) 2095
(596, 555) 2096
(596, 554) 2097
(602, 554) 2098
(608, 554) 2099
(1155, 543) 1995
(1155, 543) 1996
(1155, 543) 1997
(1155, 543) 1998
(1154, 543) 1999
(1154, 543) 2000
(1154, 543) 2001
(1154, 543) 2002
(1154, 543) 2003
(1154, 543) 2004
(1154, 543) 2005
(1154, 543) 2006
(1154, 543) 2007
(1154, 543) 2008
(1153, 543) 2009
(1153, 543) 2010
(1150, 543) 2011
(1149, 543) 2012
(1148, 544) 2013
(1147, 544) 2014
(1146, 544) 2015
(1146, 544) 2016
(1145, 545) 2017
(1153, 545) 2018
(1160, 545) 2019
(1166, 545) 2020
(1172, 545) 2021
(1178, 545) 2022
(1183, 545) 2023
(1188, 545) 2024
(1193, 545) 2025
(1197, 545) 2026
(1200, 545) 2027
(1204, 545) 2028
(1205, 545) 2029
(1206, 545) 2030
(1206, 545) 2031
(1207, 545) 2032
(1207, 545) 2033
(1208, 545) 2034
(1208, 545) 2035
(1209, 545) 2036
(1209, 545) 2037
(1209, 545) 2038
(1210, 545) 2039
(1204, 545) 2040
(1199, 545) 2041
(1194, 545) 2042
(1189, 544) 2043
(1186, 544) 2044
(1183, 544) 2045
(1180, 544) 2046
(1177, 543) 2047
(1174, 543) 2048
(1172, 543) 2049
(1170, 543) 2050
(1168, 542) 2051
(1167, 542) 2052
(1166, 542) 2053
(1165, 542) 2054
(1164, 542) 2055
(1163, 541) 2056
(1162, 541) 2057
(1161, 541) 2058
(1158, 540) 2059
(1155, 539) 2060
(1152, 539) 2061
(1150, 538) 2062
(1147, 537) 2063
(1142, 537) 2064
(1137, 537) 2065
(1133, 537) 2066
(1129, 537) 2067
(1124, 537) 2068
(1119, 537) 2069
(1111, 537) 2070
(1104, 537) 2071
(1098, 537) 2072
(1093, 537) 2073
(1088, 537) 2074
(1083, 537) 2075
(1079, 537) 2076
(1080, 537) 2077
(1080, 537) 2078
(1080, 537) 2079
(1081, 537) 2080
(1081, 537) 2081
(1081, 537) 2082
(1081, 537) 2083
(1081, 537) 2084
(1081, 537) 2085
(1081, 537) 2086
(1081, 537) 2087
(1081, 537) 2088
