(907, 447) 20
(911, 447) 21
(915, 448) 22
(915, 448) 23
(916, 448) 24
(916, 449) 25
(917, 449) 26
(922, 450) 27
(926, 449) 28
(930, 448) 29
(934, 449) 30
(937, 450) 31
(941, 451) 32
(943, 452) 33
(945, 453) 34
(947, 453) 35
(949, 454) 36
(951, 455) 37
(953, 455) 38
(954, 456) 39
(956, 457) 40
(958, 457) 41
(959, 458) 42
(960, 459) 43
(961, 459) 44
(962, 460) 45
(963, 460) 46
(963, 461) 47
(962, 462) 48
(962, 463) 49
(961, 463) 50
(960, 464) 51
(959, 465) 52
(958, 465) 53
(958, 466) 54
(959, 467) 55
(960, 466) 56
(959, 465) 57
(959, 464) 58
(962, 464) 59
(968, 464) 60
(969, 464) 61
(973, 465) 62
(973, 464) 63
(970, 464) 64
(965, 465) 65
(959, 465) 66
(959, 464) 67
(959, 464) 68
(958, 464) 69
(954, 464) 70
(949, 465) 71
(945, 465) 72
(935, 465) 73
(926, 465) 74
(912, 464) 75
(893, 464) 76
(876, 464) 77
(861, 464) 78
(843, 464) 79
(826, 465) 80
(811, 465) 81
(798, 465) 82
(786, 465) 83
(773, 465) 84
(762, 464) 85
(752, 464) 86
(739, 464) 87
(728, 464) 88
(717, 464) 89
(708, 465) 90
(700, 465) 91
(692, 465) 92
(686, 465) 93
(680, 466) 94
(674, 466) 95
(669, 466) 96
(665, 466) 97
(661, 466) 98
(658, 467) 99
(654, 467) 100
(651, 467) 101
(649, 467) 102
(642, 467) 103
(636, 466) 104
(638, 465) 105
(641, 464) 106
(643, 464) 107
(645, 463) 108
(647, 462) 109
(648, 462) 110
(648, 461) 111
(649, 460) 112
(645, 460) 113
(640, 459) 114
(640, 458) 115
(635, 456) 116
(631, 455) 117
(628, 453) 118
(625, 452) 119
(623, 450) 120
(620, 449) 121
(618, 448) 122
(616, 446) 123
(615, 445) 124
(613, 444) 125
(612, 443) 126
(611, 442) 127
(609, 440) 128
(608, 439) 129
(608, 438) 130
(607, 437) 131
(606, 436) 132
(605, 435) 133
(609, 435) 134
(1335, 502) 20
(1335, 502) 21
(1335, 502) 22
(1335, 502) 23
(1335, 502) 24
(1335, 502) 25
(1341, 501) 26
(1347, 501) 27
(1353, 501) 28
(1357, 502) 29
(1362, 502) 30
(1366, 502) 31
(1362, 502) 32
(1353, 502) 33
(1350, 502) 34
(1350, 502) 35
(1346, 503) 36
(1343, 503) 37
(1340, 503) 38
(1339, 503) 39
(1338, 503) 40
(1339, 503) 41
(1339, 503) 42
(1336, 502) 43
(1337, 502) 44
(1341, 502) 45
(1344, 502) 46
(1345, 502) 47
(1348, 502) 48
(1349, 501) 49
(1349, 500) 50
(1348, 500) 51
(1346, 499) 52
(1344, 497) 53
(1340, 497) 54
(1336, 496) 55
(1338, 495) 56
(1338, 495) 57
(1338, 494) 58
(1341, 494) 59
(1343, 493) 60
(1343, 491) 61
(1340, 490) 62
(1336, 489) 63
(1335, 489) 64
(1335, 488) 65
(1339, 488) 66
(1343, 489) 67
(1346, 489) 68
(1351, 489) 69
(1355, 489) 70
(1358, 489) 71
(1361, 489) 72
(1364, 489) 73
(1366, 489) 74
(1368, 489) 75
(1370, 489) 76
(1371, 489) 77
(1372, 489) 78
(1372, 489) 79
(1374, 490) 80
(1373, 489) 81
(1370, 489) 82
(1366, 489) 83
(1370, 489) 84
(1374, 489) 85
(1377, 489) 86
(1380, 489) 87
(1383, 487) 88
(1387, 486) 89
(1390, 484) 90
(1394, 485) 91
(1396, 485) 92
(1396, 484) 93
(1394, 484) 94
(1392, 483) 95
(1386, 482) 96
(1380, 481) 97
(1375, 479) 98
(1370, 478) 99
(1366, 477) 100
(1355, 476) 101
(1339, 476) 102
(1327, 475) 103
(1316, 475) 104
(1309, 474) 105
(1304, 474) 106
(1297, 473) 107
(1290, 473) 108
(1285, 473) 109
(1281, 472) 110
(1283, 471) 111
(1283, 471) 112
(1285, 470) 113
(1285, 470) 114
(1288, 470) 115
(1292, 470) 116
(1293, 471) 117
(1298, 472) 118
(1304, 471) 119
(1310, 471) 120
(1317, 472) 121
(1323, 473) 122
(1327, 474) 123
(1331, 475) 124
(1334, 476) 125
(1336, 477) 126
(1339, 478) 127
(1341, 478) 128
(1342, 479) 129
(1342, 480) 130
(1341, 481) 131
(1339, 481) 132
(1336, 482) 133
(1332, 482) 134
(1325, 483) 135
(1323, 483) 136
(1320, 483) 137
(1316, 483) 138
(1313, 484) 139
(1311, 484) 140
(1308, 484) 141
(1306, 484) 142
(1304, 484) 143
(1303, 484) 144
(1303, 484) 145
(1306, 484) 146
(1315, 485) 147
(1323, 486) 148
(1331, 487) 149
(1338, 488) 150
(1344, 489) 151
(1350, 490) 152
(1355, 490) 153
(1357, 491) 154
(1359, 491) 155
(1361, 492) 156
(1361, 492) 157
(1360, 493) 158
(1359, 493) 159
(1355, 492) 160
(1356, 491) 161
(1354, 489) 162
(1353, 488) 163
(1353, 486) 164
(1352, 486) 165
(1351, 485) 166
(1350, 484) 167
(1350, 483) 168
(1347, 483) 169
(1345, 483) 170
(1343, 483) 171
(1342, 483) 172
(1340, 482) 173
(1341, 482) 174
(1341, 482) 175
(1339, 480) 176
(1338, 478) 177
(1337, 476) 178
(1336, 475) 179
(1335, 473) 180
(1332, 471) 181
(1328, 468) 182
(1324, 466) 183
(1320, 464) 184
(1316, 462) 185
(1312, 459) 186
(1309, 457) 187
(1305, 454) 188
(520, 475) 25
(520, 475) 26
(520, 475) 27
(520, 475) 28
(526, 474) 29
(525, 475) 30
(522, 476) 31
(520, 477) 32
(518, 477) 33
(517, 477) 34
(517, 477) 35
(513, 477) 36
(507, 478) 37
(502, 478) 38
(499, 479) 39
(495, 479) 40
(492, 480) 41
(490, 480) 42
(491, 480) 43
(491, 481) 44
(487, 481) 45
(478, 481) 46
(471, 482) 47
(463, 482) 48
(457, 483) 49
(451, 483) 50
(445, 484) 51
(440, 484) 52
(436, 485) 53
(432, 486) 54
(427, 486) 55
(422, 487) 56
(418, 488) 57
(415, 489) 58
(411, 489) 59
(408, 490) 60
(406, 491) 61
(403, 492) 62
(401, 492) 63
(399, 493) 64
(398, 494) 65
(396, 494) 66
(395, 494) 67
(400, 493) 68
(404, 493) 69
(410, 492) 70
(417, 491) 71
(423, 491) 72
(427, 490) 73
(432, 489) 74
(437, 488) 75
(441, 487) 76
(439, 487) 77
(439, 487) 78
(438, 487) 79
(438, 486) 80
(445, 486) 81
(451, 486) 82
(460, 484) 83
(468, 483) 84
(471, 482) 85
(471, 482) 86
(471, 483) 87
(471, 482) 88
(471, 482) 89
(468, 482) 90
(464, 481) 91
(460, 481) 92
(457, 481) 93
(455, 480) 94
(455, 480) 95
(454, 480) 96
(452, 479) 97
(451, 478) 98
(450, 478) 99
(445, 478) 100
(444, 478) 101
(437, 478) 102
(431, 479) 103
(433, 479) 104
(435, 478) 105
(438, 478) 106
(441, 478) 107
(451, 477) 108
(454, 477) 109
(458, 476) 110
(468, 476) 111
(477, 475) 112
(485, 475) 113
(492, 474) 114
(499, 473) 115
(505, 473) 116
(510, 472) 117
(515, 472) 118
(519, 471) 119
(523, 471) 120
(527, 470) 121
(530, 470) 122
(533, 469) 123
(535, 469) 124
(535, 468) 125
(534, 467) 126
(532, 466) 127
(530, 466) 128
(525, 465) 129
(520, 465) 130
(514, 465) 131
(509, 464) 132
(503, 464) 133
(494, 465) 134
(486, 465) 135
(479, 466) 136
(474, 467) 137
(470, 468) 138
(467, 468) 139
(466, 469) 140
(467, 468) 141
(470, 467) 142
(473, 465) 143
(471, 465) 144
(468, 466) 145
(465, 466) 146
(462, 467) 147
(459, 468) 148
(456, 468) 149
(453, 469) 150
(449, 470) 151
(446, 471) 152
(441, 472) 153
(439, 473) 154
(437, 474) 155
(434, 474) 156
(429, 476) 157
(426, 477) 158
(424, 478) 159
(421, 479) 160
(418, 480) 161
(415, 481) 162
(413, 482) 163
(411, 483) 164
(411, 484) 165
(413, 484) 166
(413, 485) 167
(413, 486) 168
(408, 486) 169
(405, 487) 170
(402, 488) 171
(399, 488) 172
(396, 489) 173
(394, 490) 174
(394, 490) 175
(397, 490) 176
(402, 491) 177
(405, 491) 178
(411, 490) 179
(416, 489) 180
(420, 488) 181
(419, 488) 182
(418, 488) 183
(417, 488) 184
(416, 487) 185
(419, 487) 186
(421, 488) 187
(424, 488) 188
(429, 488) 189
(434, 487) 190
(440, 487) 191
(445, 486) 192
(447, 487) 193
(449, 487) 194
(451, 488) 195
(454, 488) 196
(457, 489) 197
(460, 489) 198
(463, 490) 199
(468, 490) 200
(465, 491) 201
(462, 491) 202
(459, 491) 203
(456, 492) 204
(453, 492) 205
(455, 492) 206
(460, 492) 207
(465, 492) 208
(469, 492) 209
(473, 492) 210
(476, 492) 211
(479, 492) 212
(479, 492) 213
(476, 492) 214
(471, 492) 215
(467, 492) 216
(464, 492) 217
(460, 492) 218
(456, 492) 219
(460, 491) 220
(464, 491) 221
(468, 490) 222
(473, 489) 223
(479, 487) 224
(487, 485) 225
(494, 482) 226
(501, 480) 227
(507, 478) 228
(512, 476) 229
(517, 474) 230
(521, 472) 231
(525, 470) 232
(528, 468) 233
(531, 466) 234
(534, 464) 235
(537, 462) 236
(539, 461) 237
(541, 459) 238
(547, 456) 239
(552, 453) 240
(554, 450) 241
(556, 448) 242
(558, 445) 243
(559, 443) 244
(560, 440) 245
(564, 439) 246
(567, 438) 247
(569, 436) 248
(573, 434) 249
(578, 432) 250
(582, 431) 251
(587, 430) 252
(593, 429) 253
(598, 427) 254
(603, 426) 255
(608, 424) 256
(612, 423) 257
(616, 422) 258
(619, 420) 259
(622, 419) 260
(625, 418) 261
(627, 417) 262
(629, 415) 263
(631, 414) 264
(633, 413) 265
(634, 412) 266
(634, 411) 267
(632, 410) 268
(629, 409) 269
(625, 408) 270
(622, 407) 271
(753, 442) 40
(753, 441) 41
(756, 442) 42
(759, 443) 43
(762, 443) 44
(761, 444) 45
(759, 445) 46
(758, 446) 47
(757, 447) 48
(756, 447) 49
(755, 448) 50
(754, 449) 51
(753, 450) 52
(753, 450) 53
(752, 451) 54
(751, 452) 55
(751, 452) 56
(751, 453) 57
(750, 454) 58
(750, 454) 59
(746, 455) 60
(743, 456) 61
(740, 456) 62
(738, 457) 63
(735, 458) 64
(733, 458) 65
(731, 459) 66
(730, 459) 67
(728, 460) 68
(727, 461) 69
(726, 461) 70
(726, 462) 71
(728, 462) 72
(732, 463) 73
(735, 463) 74
(738, 464) 75
(741, 464) 76
(743, 465) 77
(745, 465) 78
(747, 466) 79
(749, 466) 80
(750, 467) 81
(752, 467) 82
(753, 468) 83
(754, 468) 84
(757, 468) 85
(760, 468) 86
(762, 469) 87
(762, 469) 88
(762, 469) 89
(764, 469) 90
(763, 469) 91
(764, 469) 92
(765, 470) 93
(766, 470) 94
(766, 470) 95
(767, 470) 96
(767, 470) 97
(768, 471) 98
(768, 471) 99
(769, 471) 100
(769, 471) 101
(769, 471) 102
(770, 471) 103
(770, 472) 104
(770, 472) 105
(770, 472) 106
(770, 472) 107
(771, 472) 108
(774, 472) 109
(778, 472) 110
(781, 471) 111
(782, 471) 112
(782, 471) 113
(783, 470) 114
(783, 470) 115
(783, 470) 116
(788, 470) 117
(792, 469) 118
(793, 470) 119
(793, 470) 120
(788, 470) 121
(783, 470) 122
(778, 470) 123
(774, 470) 124
(772, 468) 125
(770, 468) 126
(769, 467) 127
(768, 467) 127
(768, 467) 128
(767, 467) 129
(766, 467) 130
(766, 467) 131
(765, 467) 132
(765, 467) 133
(765, 467) 134
(764, 467) 135
(764, 467) 136
(764, 467) 137
(764, 467) 138
(763, 467) 139
(763, 467) 140
(763, 467) 141
(763, 467) 142
(762, 466) 143
(761, 465) 144
(760, 463) 145
(760, 462) 146
(759, 461) 147
(759, 459) 148
(764, 457) 149
(770, 455) 150
(777, 453) 151
(787, 451) 152
(796, 449) 153
(804, 448) 154
(812, 446) 155
(818, 444) 156
(822, 442) 157
(829, 441) 158
(835, 439) 159
(841, 437) 160
(846, 436) 161
(850, 434) 162
(854, 432) 163
(858, 430) 164
(861, 429) 165
(865, 428) 166
(871, 427) 167
(873, 426) 168
(876, 424) 169
(880, 422) 170
(885, 420) 171
(888, 419) 172
(891, 418) 173
(894, 419) 174
(896, 420) 175
(898, 421) 176
(900, 422) 177
(902, 423) 178
(900, 423) 179
(901, 422) 180
(902, 421) 181
(902, 420) 182
(903, 418) 183
(905, 418) 184
(905, 418) 185
(905, 419) 186
(908, 420) 187
(911, 421) 188
(919, 422) 189
(925, 423) 190
(927, 422) 191
(929, 422) 192
(933, 420) 193
(935, 419) 194
(935, 418) 195
(939, 417) 196
(946, 418) 197
(954, 418) 198
(960, 419) 199
(966, 419) 200
(971, 420) 201
(975, 420) 202
(980, 421) 203
(983, 421) 204
(987, 422) 205
(990, 422) 206
(992, 423) 207
(995, 423) 208
(997, 424) 209
(999, 424) 210
(1001, 424) 211
(1002, 425) 212
(1004, 425) 213
(1004, 426) 214
(1002, 425) 215
(997, 424) 216
(990, 422) 217
(983, 420) 218
(979, 417) 219
(979, 414) 220
(978, 411) 221
(977, 409) 222
(975, 406) 223
(973, 405) 224
(967, 403) 225
(964, 401) 226
(966, 400) 227
(966, 399) 228
(968, 398) 229
(969, 398) 230
(970, 397) 231
(967, 395) 232
(966, 394) 233
(961, 393) 234
(952, 393) 235
(944, 393) 236
(932, 392) 237
(922, 392) 238
(919, 391) 239
(915, 391) 240
(912, 391) 241
(909, 391) 242
(907, 391) 243
(906, 391) 244
(906, 391) 245
(906, 391) 246
(905, 390) 247
(906, 389) 248
(907, 388) 249
(909, 388) 250
(909, 387) 251
(909, 386) 252
(909, 387) 253
(910, 387) 254
(910, 387) 255
(907, 386) 256
(903, 386) 257
(900, 386) 258
(897, 386) 259
(894, 386) 260
(891, 386) 261
(889, 385) 262
(889, 385) 263
(892, 384) 264
(895, 384) 265
(893, 383) 266
(893, 383) 267
(897, 381) 268
(902, 379) 269
(908, 378) 270
(912, 377) 271
(916, 375) 272
(917, 374) 273
(918, 372) 274
(920, 370) 275
(923, 369) 276
(926, 367) 277
(929, 365) 278
(932, 364) 279
(935, 363) 280
(935, 362) 281
(935, 362) 282
(939, 361) 283
(936, 360) 284
(934, 360) 285
(930, 360) 286
(928, 360) 287
(925, 360) 288
(923, 360) 289
(922, 360) 290
(919, 360) 291
(919, 360) 292
(917, 359) 293
(916, 360) 294
(914, 360) 295
(913, 360) 296
(913, 360) 297
(912, 361) 298
(913, 361) 299
(917, 360) 300
(923, 358) 301
(930, 356) 302
(933, 356) 303
(935, 355) 304
(935, 354) 305
(932, 354) 306
(930, 354) 307
(926, 354) 308
(924, 354) 309
(923, 353) 310
(921, 353) 311
(919, 353) 312
(919, 353) 313
(919, 353) 314
(919, 352) 315
(920, 352) 316
(919, 351) 317
(919, 351) 318
(924, 350) 319
(924, 349) 320
(924, 348) 321
(925, 348) 322
(927, 348) 323
(927, 347) 324
(924, 347) 325
(922, 346) 326
(921, 346) 327
(922, 345) 328
(928, 343) 329
(934, 342) 330
(939, 341) 331
(944, 340) 332
(945, 338) 333
(945, 337) 334
(942, 336) 335
(936, 337) 336
(931, 337) 337
(927, 337) 338
(923, 337) 339
(919, 337) 340
(922, 336) 341
(922, 335) 342
(921, 334) 343
(921, 334) 344
(920, 334) 345
(919, 333) 346
(911, 333) 347
(906, 333) 348
(907, 332) 349
(907, 332) 350
(901, 332) 351
(897, 332) 352
(894, 332) 353
(892, 332) 354
(891, 332) 355
(891, 332) 356
(890, 332) 357
(888, 332) 358
(888, 332) 359
(889, 333) 360
(890, 333) 361
(895, 333) 362
(897, 334) 363
(902, 334) 364
(898, 336) 365
(898, 336) 366
(900, 337) 367
(902, 337) 368
(903, 338) 369
(903, 339) 370
(900, 339) 371
(898, 340) 372
(896, 339) 373
(892, 339) 374
(890, 339) 375
(891, 339) 376
(891, 339) 377
(892, 339) 378
(894, 339) 379
(895, 339) 380
(896, 339) 381
(903, 339) 382
(908, 339) 383
(909, 339) 384
(910, 339) 385
(912, 339) 386
(913, 340) 387
(913, 341) 388
(912, 342) 389
(911, 343) 390
(911, 344) 391
(910, 343) 392
(910, 344) 393
(902, 345) 394
(895, 346) 395
(889, 346) 396
(885, 346) 397
(881, 346) 398
(878, 346) 399
(875, 347) 400
(872, 347) 401
(869, 348) 402
(867, 348) 403
(866, 348) 404
(867, 347) 405
(869, 347) 406
(874, 347) 407
(880, 347) 408
(886, 346) 409
(891, 345) 410
(895, 345) 411
(900, 344) 412
(904, 343) 413
(908, 342) 414
(912, 341) 415
(917, 340) 416
(922, 338) 417
(927, 337) 418
(929, 336) 419
(932, 335) 420
(935, 335) 421
(937, 334) 422
(936, 333) 423
(936, 332) 424
(939, 331) 425
(941, 330) 426
(942, 329) 427
(942, 328) 428
(934, 326) 429
(935, 325) 430
(938, 325) 431
(941, 325) 432
(941, 325) 433
(940, 324) 434
(937, 324) 435
(935, 323) 436
(934, 323) 437
(934, 322) 438
(931, 322) 439
(929, 321) 440
(927, 320) 441
(925, 320) 442
(924, 319) 443
(922, 318) 444
(921, 318) 445
(921, 317) 446
(926, 316) 447
(935, 314) 448
(942, 313) 449
(945, 313) 450
(950, 312) 451
(952, 312) 452
(955, 312) 453
(954, 311) 454
(950, 311) 455
(951, 311) 456
(952, 311) 457
(952, 311) 458
(954, 311) 459
(955, 310) 460
(955, 310) 461
(957, 309) 462
(960, 309) 463
(962, 309) 464
(968, 308) 465
(973, 308) 466
(971, 308) 467
(968, 308) 468
(963, 308) 469
(962, 308) 470
(962, 309) 471
(960, 309) 472
(956, 310) 473
(952, 310) 474
(944, 310) 475
(938, 310) 476
(932, 310) 477
(934, 310) 478
(936, 309) 479
(938, 309) 480
(939, 310) 481
(938, 309) 482
(932, 309) 483
(926, 308) 484
(921, 307) 485
(915, 307) 486
(910, 306) 487
(905, 306) 488
(899, 306) 489
(893, 306) 490
(889, 306) 491
(891, 305) 492
(898, 306) 493
(903, 307) 494
(907, 309) 495
(910, 310) 496
(914, 311) 497
(914, 311) 498
(912, 311) 499
(908, 311) 500
(905, 310) 501
(903, 309) 502
(901, 309) 503
(900, 308) 504
(1187, 487) 121
(1186, 487) 122
(1183, 487) 123
(1180, 487) 124
(1176, 487) 125
(1173, 487) 126
(1171, 487) 127
(1171, 487) 128
(1172, 486) 129
(1175, 486) 130
(1179, 486) 131
(1182, 486) 132
(1185, 486) 133
(1188, 486) 134
(1190, 486) 135
(1192, 486) 136
(1194, 486) 137
(1196, 486) 138
(1197, 486) 139
(1197, 486) 140
(1197, 486) 141
(1196, 486) 142
(1195, 486) 143
(1194, 486) 144
(1192, 486) 145
(1190, 486) 146
(1189, 486) 147
(1188, 486) 148
(1183, 485) 149
(1178, 485) 150
(1174, 484) 151
(1171, 484) 152
(1168, 484) 153
(1166, 483) 154
(1163, 483) 155
(1164, 482) 156
(1170, 482) 157
(1176, 482) 158
(1181, 481) 159
(1186, 481) 160
(1184, 480) 161
(1181, 478) 162
(1178, 478) 163
(1176, 479) 164
(1171, 479) 165
(1166, 479) 166
(1161, 479) 167
(1156, 479) 168
(1150, 480) 169
(1143, 480) 170
(1137, 480) 171
(1131, 480) 172
(1126, 480) 173
(1121, 480) 174
(1117, 480) 175
(1113, 480) 176
(1113, 479) 177
(1114, 478) 178
(1115, 477) 179
(1115, 476) 180
(1116, 475) 181
(1116, 475) 182
(1117, 474) 183
(1119, 474) 184
(1127, 472) 185
(1129, 472) 186
(1130, 472) 187
(1132, 471) 188
(1133, 471) 189
(1134, 471) 190
(1135, 470) 191
(1136, 470) 192
(1137, 470) 193
(1138, 469) 194
(1139, 469) 195
(1139, 469) 196
(1140, 468) 197
(1140, 468) 198
(1141, 468) 199
(1141, 468) 200
(1142, 467) 201
(1142, 467) 202
(1142, 467) 203
(1143, 467) 204
(1143, 466) 205
(1149, 466) 206
(1157, 466) 207
(1165, 466) 208
(1173, 466) 209
(1181, 466) 210
(1190, 465) 211
(1197, 465) 212
(1205, 465) 213
(1214, 465) 214
(1227, 466) 215
(1233, 465) 216
(1239, 465) 217
(1245, 465) 218
(1250, 465) 219
(1255, 464) 220
(1259, 464) 221
(1262, 464) 222
(1266, 464) 223
(1269, 463) 224
(1280, 463) 225
(1290, 463) 226
(1299, 464) 227
(1308, 464) 228
(1312, 464) 229
(1319, 464) 230
(1326, 465) 231
(1332, 465) 232
(1336, 466) 233
(1336, 465) 234
(1334, 464) 235
(1331, 462) 236
(1330, 461) 237
(1328, 460) 238
(1326, 458) 239
(1325, 457) 240
(1324, 456) 241
(1323, 454) 242
(1322, 453) 243
(1321, 452) 244
(1320, 451) 245
(1319, 449) 246
(1318, 448) 247
(1318, 447) 248
(1317, 446) 249
(1317, 446) 250
(1310, 447) 251
(1302, 447) 252
(1292, 447) 253
(1283, 447) 254
(1275, 448) 255
(1268, 449) 256
(1261, 449) 257
(1255, 450) 258
(1250, 450) 259
(1239, 451) 260
(1228, 451) 261
(1218, 451) 262
(1207, 451) 263
(1198, 451) 264
(1190, 451) 265
(1183, 451) 266
(1179, 452) 267
(1177, 452) 268
(1175, 453) 269
(1173, 453) 270
(1172, 454) 271
(1171, 454) 272
(1171, 455) 273
(1171, 455) 274
(1171, 456) 275
(1739, 562) 249
(1737, 560) 250
(1733, 559) 251
(1730, 557) 252
(1727, 556) 253
(1724, 555) 254
(1722, 553) 255
(1719, 552) 256
(1717, 551) 257
(1717, 550) 258
(1722, 549) 259
(1731, 547) 260
(1740, 546) 261
(1743, 545) 262
(1746, 545) 263
(1748, 545) 264
(1751, 544) 265
(1753, 544) 266
(1755, 544) 267
(1755, 544) 268
(1752, 545) 269
(1747, 545) 270
(1743, 546) 271
(1740, 546) 272
(1737, 547) 273
(1732, 547) 274
(1727, 547) 275
(1723, 548) 276
(1719, 549) 277
(1715, 550) 278
(1712, 550) 279
(1709, 551) 280
(1706, 552) 281
(1704, 553) 282
(1702, 554) 283
(1700, 554) 284
(1698, 555) 285
(1697, 556) 286
(1695, 556) 287
(1694, 557) 288
(1693, 558) 289
(1692, 558) 290
(1691, 559) 291
(1690, 560) 292
(1690, 560) 293
(1689, 561) 294
(1682, 562) 295
(1675, 564) 296
(1669, 565) 297
(1664, 566) 298
(1659, 568) 299
(1655, 569) 300
(1651, 570) 301
(1647, 571) 302
(1644, 573) 303
(1641, 574) 304
(1639, 575) 305
(1637, 576) 306
(1635, 577) 307
(1633, 578) 308
(1631, 579) 309
(1630, 581) 310
(1628, 582) 311
(1627, 583) 312
(1626, 584) 313
(1622, 584) 314
(1619, 584) 315
(1615, 584) 316
(1612, 584) 317
(1608, 584) 318
(1603, 584) 319
(1597, 584) 320
(1592, 584) 321
(1587, 584) 322
(1579, 584) 323
(1570, 584) 324
(1559, 585) 325
(1546, 586) 326
(1530, 586) 327
(1511, 586) 328
(1491, 584) 329
(1477, 582) 330
(1471, 578) 331
(1468, 575) 332
(1468, 571) 333
(1471, 567) 334
(1475, 564) 335
(1477, 560) 336
(1476, 557) 337
(1476, 554) 338
(1475, 551) 339
(1468, 549) 340
(1462, 546) 341
(1455, 544) 342
(1449, 542) 343
(1444, 540) 344
(1444, 539) 345
(1446, 539) 346
(1448, 539) 347
(1449, 539) 348
(1449, 539) 349
(1451, 539) 350
(1453, 539) 351
(631, 345) 314
(631, 345) 315
(630, 345) 316
(629, 345) 317
(628, 345) 318
(627, 345) 319
(626, 345) 320
(626, 345) 321
(623, 346) 322
(621, 346) 323
(619, 347) 324
(618, 347) 325
(610, 347) 326
(604, 347) 327
(598, 347) 328
(589, 347) 329
(581, 347) 330
(574, 348) 331
(566, 348) 332
(560, 348) 333
(554, 349) 334
(549, 349) 335
(544, 349) 336
(546, 351) 337
(549, 352) 338
(552, 353) 339
(558, 352) 340
(564, 352) 341
(569, 352) 342
(573, 352) 343
(577, 352) 344
(581, 351) 345
(584, 351) 346
(587, 351) 347
(590, 351) 348
(592, 351) 349
(594, 350) 350
(596, 350) 351
(598, 350) 352
(599, 350) 353
(601, 350) 354
(601, 350) 355
(598, 349) 356
(595, 348) 357
(591, 348) 358
(587, 347) 359
(584, 347) 360
(581, 347) 361
(581, 348) 362
(580, 348) 363
(580, 349) 364
(580, 349) 365
(580, 350) 366
(580, 351) 367
(580, 351) 368
(580, 352) 369
(577, 352) 370
(575, 352) 371
(568, 353) 372
(565, 353) 373
(559, 354) 374
(553, 356) 375
(547, 357) 376
(542, 359) 377
(537, 361) 378
(533, 363) 379
(533, 364) 380
(534, 366) 381
(534, 368) 382
(535, 370) 383
(536, 373) 384
(536, 375) 385
(532, 377) 386
(527, 380) 387
(523, 382) 388
(520, 384) 389
(516, 387) 390
(513, 389) 391
(507, 391) 392
(502, 392) 393
(495, 394) 394
(490, 395) 395
(485, 397) 396
(481, 398) 397
(473, 400) 398
(466, 402) 399
(459, 405) 400
(453, 407) 401
(447, 409) 402
(441, 411) 403
(436, 414) 404
(431, 417) 405
(426, 420) 406
(421, 423) 407
(417, 425) 408
(413, 428) 409
(409, 431) 410
(406, 433) 411
(399, 435) 412
(391, 437) 413
(383, 439) 414
(376, 441) 415
(368, 442) 416
(361, 444) 417
(355, 445) 418
(349, 447) 419
(343, 448) 420
(338, 450) 421
(334, 451) 422
(329, 452) 423
(324, 454) 424
(324, 455) 425
(323, 456) 426
(321, 457) 427
(319, 459) 428
(316, 459) 429
(312, 460) 430
(312, 461) 431
(316, 462) 432
(323, 463) 433
(329, 464) 434
(335, 464) 435
(345, 465) 436
(354, 465) 437
(362, 465) 438
(370, 465) 439
(377, 466) 440
(383, 466) 441
(389, 466) 442
(394, 466) 443
(399, 467) 444
(404, 467) 445
(408, 467) 446
(410, 467) 447
(411, 468) 448
(411, 468) 449
(410, 469) 450
(409, 469) 451
(409, 470) 452
(409, 470) 453
(409, 471) 454
(410, 472) 455
(412, 472) 456
(415, 472) 457
(419, 473) 458
(423, 473) 459
(428, 473) 460
(433, 473) 461
(437, 474) 462
(441, 474) 463
(443, 474) 464
(444, 474) 465
(445, 474) 466
(446, 474) 467
(447, 474) 468
(447, 475) 469
(448, 473) 470
(450, 472) 471
(451, 471) 472
(453, 470) 473
(452, 470) 474
(451, 470) 475
(450, 470) 476
(450, 470) 477
(449, 470) 478
(448, 469) 479
(446, 469) 480
(442, 468) 481
(436, 466) 482
(431, 463) 483
(422, 460) 484
(413, 456) 485
(405, 453) 486
(398, 450) 487
(392, 447) 488
(385, 443) 489
(380, 440) 490
(374, 437) 491
(369, 434) 492
(364, 431) 493
(359, 428) 494
(354, 425) 495
(349, 422) 496
(345, 419) 497
(341, 416) 498
(336, 413) 499
(331, 410) 500
(329, 408) 501
(327, 405) 502
(325, 403) 503
(322, 401) 504
(314, 398) 505
(303, 396) 506
(291, 394) 507
(279, 392) 508
(268, 390) 509
(257, 388) 510
(250, 386) 511
(240, 385) 512
(226, 383) 513
(211, 382) 514
(1154, 309) 331
(1154, 309) 332
(1154, 309) 333
(1154, 309) 334
(1154, 309) 335
(1154, 309) 336
(1154, 309) 337
(1154, 309) 338
(1154, 309) 339
(1154, 309) 340
(1154, 309) 341
(1154, 309) 342
(1154, 309) 343
(1154, 309) 344
(1154, 309) 345
(1154, 309) 346
(1154, 309) 347
(1156, 308) 348
(1159, 307) 349
(1161, 307) 350
(1163, 306) 351
(1165, 305) 352
(1167, 305) 353
(1169, 304) 354
(1170, 303) 355
(1171, 303) 356
(1172, 302) 357
(1173, 301) 358
(1174, 301) 359
(1175, 300) 360
(1176, 300) 361
(1177, 299) 362
(1179, 299) 363
(1181, 300) 364
(1180, 300) 365
(1180, 301) 366
(1179, 301) 367
(1175, 303) 368
(1172, 305) 369
(1169, 307) 370
(1166, 309) 371
(1163, 311) 372
(1161, 313) 373
(1159, 315) 374
(1157, 316) 375
(1156, 318) 376
(1154, 320) 377
(1153, 321) 378
(1152, 323) 379
(1152, 325) 380
(1155, 327) 381
(1159, 329) 382
(1163, 331) 383
(1166, 333) 384
(1169, 335) 385
(1171, 337) 386
(1174, 339) 387
(1176, 341) 388
(1178, 343) 389
(1177, 344) 390
(1174, 346) 391
(1170, 348) 392
(1166, 350) 393
(1161, 351) 394
(1158, 352) 395
(1154, 353) 396
(1150, 354) 397
(1146, 354) 398
(1148, 355) 399
(1148, 356) 400
(1148, 357) 401
(1149, 358) 402
(1149, 359) 403
(1149, 361) 404
(1149, 362) 405
(1150, 364) 406
(1151, 366) 407
(1151, 367) 408
(1152, 369) 409
(1152, 370) 410
(1152, 372) 411
(1160, 373) 412
(1167, 375) 413
(1173, 376) 414
(1182, 378) 415
(1191, 380) 416
(1200, 381) 417
(1205, 382) 418
(1203, 382) 419
(1199, 382) 420
(1195, 383) 421
(1192, 383) 422
(1190, 383) 423
(1187, 383) 424
(1185, 383) 425
(1183, 383) 426
(1181, 383) 427
(1180, 384) 428
(1172, 384) 429
(1165, 385) 430
(1159, 385) 431
(1153, 386) 432
(1148, 386) 433
(1149, 387) 434
(1153, 388) 435
(1158, 389) 436
(1162, 390) 437
(1166, 390) 438
(1170, 391) 439
(1173, 391) 440
(1174, 390) 441
(1173, 390) 442
(1171, 390) 443
(1167, 388) 444
(1164, 386) 445
(1162, 384) 446
(1159, 382) 447
(1157, 380) 448
(1156, 378) 449
(1154, 376) 450
(1153, 374) 451
(1151, 372) 452
(1150, 370) 453
(1149, 368) 454
(1148, 366) 455
(1147, 364) 456
(1146, 363) 457
(1147, 363) 458
(1147, 362) 459
(1147, 362) 460
(1147, 362) 461
(1147, 362) 462
(1147, 362) 463
(1147, 362) 464
(1147, 362) 465
(1147, 362) 466
(1147, 362) 467
(1148, 362) 468
(1148, 361) 469
(1148, 361) 470
(1148, 362) 471
(610, 400) 438
(610, 400) 439
(610, 400) 440
(611, 400) 441
(611, 400) 442
(611, 400) 443
(611, 400) 444
(611, 400) 445
(615, 401) 446
(618, 402) 447
(620, 402) 448
(620, 403) 449
(620, 403) 450
(618, 404) 451
(617, 404) 452
(616, 404) 453
(615, 405) 454
(615, 405) 455
(611, 405) 456
(607, 405) 457
(604, 405) 458
(602, 405) 459
(601, 404) 460
(599, 404) 461
(598, 404) 462
(597, 403) 463
(596, 403) 464
(596, 403) 465
(595, 402) 466
(594, 402) 467
(593, 402) 468
(593, 402) 469
(592, 401) 470
(592, 401) 471
(592, 401) 472
(591, 401) 473
(591, 400) 474
(591, 400) 475
(590, 400) 476
(590, 400) 477
(590, 399) 478
(596, 399) 479
(602, 398) 480
(604, 396) 481
(607, 394) 482
(610, 392) 483
(612, 390) 484
(614, 388) 485
(616, 386) 486
(618, 384) 487
(619, 382) 488
(620, 380) 489
(620, 379) 490
(618, 377) 491
(618, 375) 492
(618, 373) 493
(617, 372) 494
(615, 370) 495
(610, 369) 496
(608, 368) 497
(604, 368) 498
(601, 367) 499
(597, 367) 500
(593, 366) 501
(589, 366) 502
(584, 365) 503
(581, 365) 504
(578, 365) 505
(576, 365) 506
(573, 365) 507
(571, 366) 508
(569, 366) 509
(567, 366) 510
(566, 366) 511
(564, 366) 512
(563, 366) 513
(562, 366) 514
(561, 366) 515
(560, 366) 516
(559, 366) 517
(558, 366) 518
(558, 366) 519
(557, 366) 520
(556, 366) 521
(556, 366) 522
(556, 366) 523
(558, 366) 524
(559, 365) 525
(561, 365) 526
(1224, 453) 485
(1222, 453) 486
(1220, 453) 487
(1210, 453) 488
(1200, 454) 489
(1191, 454) 490
(1183, 455) 491
(1177, 455) 492
(1172, 455) 493
(1167, 456) 494
(1163, 456) 495
(1159, 456) 496
(1156, 457) 497
(1153, 457) 498
(1142, 457) 499
(1132, 458) 500
(1124, 458) 501
(1118, 458) 502
(1114, 458) 503
(1114, 459) 504
(1113, 459) 505
(1109, 459) 506
(1106, 459) 507
(1103, 460) 508
(1100, 460) 509
(1098, 460) 510
(1095, 460) 511
(1095, 460) 512
(1096, 460) 513
(1098, 460) 514
(1100, 460) 515
(1101, 460) 516
(1102, 460) 517
(1103, 460) 518
(1105, 461) 519
(1107, 461) 520
(1109, 461) 521
(1110, 461) 522
(1111, 461) 523
(1113, 461) 524
(1114, 462) 525
(1115, 462) 526
(1116, 462) 527
(1116, 462) 528
(1117, 462) 529
(1118, 462) 530
(1118, 463) 531
(1118, 463) 532
(1117, 463) 533
(1117, 464) 534
(1117, 464) 535
(1118, 464) 536
(1114, 465) 537
(1107, 465) 538
(1101, 465) 539
(1096, 465) 540
(1091, 465) 541
(1091, 465) 542
(1090, 465) 543
(1090, 465) 544
(1090, 465) 545
(1088, 465) 546
(1090, 465) 547
(1093, 466) 548
(1095, 466) 549
(1098, 466) 550
(1100, 466) 551
(1101, 467) 552
(1101, 467) 553
(1101, 468) 554
(1101, 468) 555
(1102, 469) 556
(1102, 469) 557
(1102, 470) 558
(1102, 470) 559
(1103, 470) 560
(1103, 471) 561
(1103, 471) 562
(1111, 471) 563
(1119, 471) 564
(1125, 471) 565
(1131, 471) 566
(1135, 471) 567
(884, 348) 530
(891, 348) 531
(891, 348) 532
(891, 348) 533
(889, 346) 534
(888, 345) 535
(886, 343) 536
(884, 341) 537
(884, 338) 538
(886, 336) 539
(888, 334) 540
(890, 332) 541
(892, 331) 542
(897, 328) 543
(899, 327) 544
(900, 326) 545
(901, 324) 546
(901, 322) 547
(901, 320) 548
(901, 319) 549
(901, 317) 550
(903, 315) 551
(903, 313) 552
(898, 311) 553
(892, 310) 554
(887, 308) 555
(886, 307) 556
(881, 306) 557
(878, 305) 558
(876, 304) 559
(879, 304) 560
(884, 303) 561
(889, 303) 562
(892, 302) 563
(897, 302) 564
(901, 301) 565
(905, 300) 566
(908, 300) 567
(911, 299) 568
(915, 298) 569
(918, 297) 570
(921, 296) 571
(923, 295) 572
(925, 294) 573
(927, 293) 574
(927, 292) 575
(926, 291) 576
(925, 290) 577
(921, 290) 578
(918, 289) 579
(915, 289) 580
(913, 288) 581
(913, 287) 582
(916, 286) 583
(920, 285) 584
(918, 285) 585
(916, 285) 586
(914, 284) 587
(912, 284) 588
(911, 284) 589
(910, 284) 590
(910, 284) 591
(910, 284) 592
(910, 285) 593
(910, 285) 594
(911, 285) 595
(912, 284) 596
(913, 284) 597
(914, 284) 598
(914, 284) 599
(915, 284) 600
(917, 282) 601
(918, 281) 602
(918, 280) 603
(917, 279) 604
(916, 279) 605
(912, 279) 606
(907, 280) 607
(907, 281) 608
(906, 280) 609
(904, 279) 610
(901, 280) 611
(899, 281) 612
(896, 281) 613
(894, 282) 614
(891, 283) 615
(887, 284) 616
(883, 285) 617
(883, 286) 618
(884, 287) 619
(888, 288) 620
(890, 290) 621
(891, 290) 622
(891, 291) 623
(893, 292) 624
(895, 293) 625
(895, 294) 626
(895, 294) 627
(895, 295) 628
(895, 295) 629
(894, 297) 630
(894, 298) 631
(895, 298) 632
(899, 298) 633
(906, 298) 634
(913, 297) 635
(914, 297) 636
(914, 297) 637
(914, 297) 638
(912, 298) 639
(912, 299) 640
(915, 300) 641
(912, 301) 642
(911, 302) 643
(909, 303) 644
(907, 304) 645
(905, 305) 646
(903, 305) 647
(899, 306) 648
(899, 307) 649
(899, 307) 650
(896, 308) 651
(893, 309) 652
(891, 309) 653
(883, 311) 654
(880, 312) 655
(876, 313) 656
(876, 316) 657
(873, 318) 658
(869, 320) 659
(866, 322) 660
(863, 324) 661
(860, 326) 662
(858, 327) 663
(856, 329) 664
(854, 331) 665
(852, 333) 666
(850, 334) 667
(850, 336) 668
(853, 339) 669
(857, 341) 670
(858, 344) 671
(859, 347) 672
(860, 350) 673
(860, 352) 674
(860, 355) 675
(860, 357) 676
(861, 360) 677
(861, 362) 678
(861, 364) 679
(859, 367) 680
(858, 369) 681
(857, 371) 682
(855, 373) 683
(853, 375) 684
(851, 377) 685
(811, 460) 543
(811, 460) 544
(811, 460) 545
(811, 460) 546
(811, 460) 547
(811, 460) 548
(811, 460) 549
(811, 460) 550
(811, 460) 551
(811, 460) 552
(811, 460) 553
(811, 460) 554
(811, 460) 555
(811, 460) 556
(811, 460) 557
(811, 460) 558
(811, 460) 559
(811, 460) 560
(805, 460) 561
(803, 461) 562
(801, 461) 563
(800, 461) 564
(799, 461) 565
(798, 461) 566
(797, 462) 567
(797, 462) 568
(795, 461) 569
(794, 461) 570
(793, 460) 571
(791, 460) 572
(790, 460) 573
(789, 459) 574
(789, 459) 575
(788, 458) 576
(787, 458) 577
(787, 458) 578
(786, 457) 579
(786, 457) 580
(785, 457) 581
(785, 456) 582
(785, 456) 583
(786, 456) 584
(787, 455) 585
(787, 455) 586
(788, 455) 587
(788, 455) 588
(788, 454) 589
(789, 454) 590
(789, 454) 591
(789, 454) 592
(790, 453) 593
(790, 453) 594
(790, 453) 595
(790, 453) 596
(790, 452) 597
(791, 452) 598
(791, 452) 599
(791, 452) 600
(798, 452) 601
(805, 453) 602
(804, 453) 603
(805, 453) 604
(805, 453) 605
(806, 453) 606
(806, 453) 607
(807, 453) 608
(812, 453) 609
(815, 453) 610
(1128, 381) 559
(1128, 381) 560
(1128, 381) 561
(1128, 381) 562
(1128, 381) 563
(1128, 381) 564
(1128, 381) 565
(1128, 381) 566
(1128, 381) 567
(1131, 381) 568
(1131, 382) 569
(1129, 384) 570
(1126, 386) 571
(1123, 388) 572
(1121, 390) 573
(1119, 392) 574
(1117, 394) 575
(1115, 396) 576
(1114, 398) 577
(1112, 400) 578
(1111, 401) 579
(1110, 403) 580
(1109, 405) 581
(1108, 406) 582
(1107, 408) 583
(1106, 410) 584
(1106, 411) 585
(1105, 412) 586
(1105, 414) 587
(1104, 415) 588
(1104, 417) 589
(1104, 418) 590
(1104, 419) 591
(1109, 422) 592
(1115, 424) 593
(1119, 426) 594
(1121, 427) 595
(1123, 428) 596
(1126, 430) 597
(1129, 432) 598
(1129, 433) 599
(1129, 434) 600
(1127, 435) 601
(1124, 436) 602
(1122, 437) 603
(1119, 437) 604
(1117, 438) 605
(1115, 439) 606
(1112, 440) 607
(1111, 441) 608
(1109, 441) 609
(1102, 443) 610
(1097, 445) 611
(1097, 445) 612
(1096, 446) 613
(1095, 446) 614
(1094, 447) 615
(1092, 447) 616
(1091, 448) 617
(1091, 448) 618
(1092, 449) 619
(1093, 450) 620
(1095, 450) 621
(1096, 451) 622
(1097, 452) 623
(1098, 452) 624
(1098, 453) 625
(1099, 454) 626
(1099, 454) 627
(1100, 455) 628
(1100, 456) 629
(1100, 456) 630
(1100, 457) 631
(1106, 456) 632
(1110, 455) 633
(1109, 456) 634
(1108, 457) 635
(1107, 457) 636
(1105, 458) 637
(1104, 458) 638
(1103, 458) 639
(1102, 459) 640
(1101, 459) 641
(1100, 460) 642
(1100, 460) 643
(1099, 460) 644
(1098, 461) 645
(1098, 461) 646
(1097, 461) 647
(1097, 462) 648
(1097, 462) 649
(1098, 462) 650
(1100, 462) 651
(1104, 462) 652
(1109, 463) 653
(1114, 463) 654
(1120, 463) 655
(1128, 463) 656
(1137, 463) 657
(1151, 463) 658
(1164, 462) 659
(1177, 461) 660
(1189, 460) 661
(1194, 461) 662
(1201, 461) 663
(1212, 460) 664
(1218, 460) 665
(1227, 460) 666
(1236, 460) 667
(1246, 460) 668
(1256, 460) 669
(1266, 460) 670
(1275, 460) 671
(1282, 460) 672
(1290, 460) 673
(1297, 460) 674
(1302, 460) 675
(1305, 460) 676
(1310, 460) 677
(1314, 461) 678
(1318, 462) 679
(1322, 463) 680
(1327, 463) 681
(1332, 464) 682
(1336, 465) 683
(1339, 465) 684
(1342, 466) 685
(1345, 467) 686
(1351, 468) 687
(1356, 469) 688
(1358, 470) 689
(1358, 471) 690
(1357, 472) 691
(1354, 472) 692
(1912, 551) 583
(1913, 552) 584
(1918, 553) 585
(1918, 554) 586
(6, 556) 587
(9, 557) 588
(9, 558) 589
(9, 558) 590
(1926, 558) 591
(1923, 558) 592
(1918, 559) 593
(1913, 559) 594
(1910, 559) 595
(1910, 560) 596
(1916, 561) 597
(1921, 562) 598
(1923, 563) 599
(1923, 563) 600
(8, 564) 601
(11, 565) 602
(12, 564) 603
(13, 564) 604
(17, 566) 605
(21, 567) 606
(25, 568) 607
(26, 569) 608
(26, 570) 609
(30, 571) 610
(34, 572) 611
(34, 572) 612
(40, 572) 613
(51, 570) 614
(59, 569) 615
(67, 567) 616
(71, 567) 617
(74, 566) 618
(77, 566) 619
(78, 566) 620
(83, 564) 621
(87, 563) 622
(91, 561) 623
(93, 560) 624
(96, 559) 625
(95, 558) 626
(96, 557) 627
(96, 556) 628
(97, 555) 629
(99, 554) 630
(101, 553) 631
(102, 552) 632
(104, 551) 633
(105, 550) 634
(106, 549) 635
(107, 548) 636
(108, 547) 637
(108, 546) 638
(109, 546) 639
(110, 545) 640
(116, 545) 641
(121, 545) 642
(128, 545) 643
(133, 546) 644
(138, 546) 645
(143, 546) 646
(147, 546) 647
(151, 546) 648
(154, 546) 649
(157, 546) 650
(159, 546) 651
(162, 547) 652
(164, 547) 653
(166, 547) 654
(168, 547) 655
(169, 547) 656
(171, 547) 657
(170, 549) 658
(168, 550) 659
(165, 552) 660
(164, 553) 661
(163, 555) 662
(162, 556) 663
(162, 557) 664
(165, 558) 665
(168, 558) 666
(171, 558) 667
(178, 557) 668
(183, 556) 669
(188, 555) 670
(192, 554) 671
(195, 553) 672
(198, 552) 673
(200, 552) 674
(203, 551) 675
(205, 550) 676
(208, 549) 677
(209, 548) 678
(593, 329) 589
(589, 330) 590
(587, 331) 591
(584, 333) 592
(582, 335) 593
(580, 337) 594
(579, 339) 595
(578, 341) 596
(577, 343) 597
(576, 345) 598
(576, 346) 599
(577, 348) 600
(578, 350) 601
(586, 352) 602
(593, 354) 603
(599, 356) 604
(605, 358) 605
(611, 359) 606
(615, 361) 607
(620, 363) 608
(616, 365) 609
(612, 366) 610
(604, 368) 611
(595, 369) 612
(586, 371) 613
(576, 372) 614
(566, 374) 615
(555, 375) 616
(545, 376) 617
(535, 378) 618
(535, 379) 619
(530, 381) 620
(524, 383) 621
(518, 386) 622
(506, 388) 623
(495, 391) 624
(485, 393) 625
(477, 396) 626
(474, 397) 627
(463, 399) 628
(450, 402) 629
(437, 404) 630
(423, 406) 631
(417, 408) 632
(413, 410) 633
(415, 411) 634
(417, 412) 635
(418, 413) 636
(419, 414) 637
(425, 414) 638
(430, 414) 639
(433, 414) 640
(436, 414) 641
(443, 416) 642
(449, 417) 643
(450, 419) 644
(450, 420) 645
(449, 422) 646
(448, 424) 647
(445, 424) 648
(442, 424) 649
(438, 425) 650
(434, 426) 651
(424, 426) 652
(414, 426) 653
(404, 427) 654
(395, 427) 655
(388, 427) 656
(381, 428) 657
(374, 428) 658
(368, 428) 659
(358, 430) 660
(347, 431) 661
(337, 433) 662
(327, 434) 663
(317, 436) 664
(47, 481) 653
(48, 480) 654
(49, 480) 655
(50, 479) 656
(50, 478) 657
(50, 478) 658
(49, 477) 659
(48, 477) 660
(44, 477) 661
(39, 476) 662
(39, 477) 663
(46, 478) 664
(51, 480) 665
(61, 481) 666
(70, 482) 667
(74, 483) 668
(77, 485) 669
(80, 486) 670
(83, 487) 671
(86, 488) 672
(94, 489) 673
(101, 490) 674
(107, 491) 675
(112, 492) 676
(111, 493) 677
(109, 494) 678
(107, 495) 679
(106, 496) 680
(97, 496) 681
(89, 496) 682
(82, 496) 683
(75, 496) 684
(69, 496) 685
(67, 496) 686
(66, 497) 687
(65, 497) 688
(65, 497) 689
(65, 497) 690
(65, 497) 691
(68, 498) 692
(72, 499) 693
(76, 500) 694
(78, 500) 695
(80, 501) 696
(83, 501) 697
(83, 503) 698
(85, 503) 699
(87, 503) 700
(90, 503) 701
(91, 503) 702
(90, 505) 703
(87, 505) 704
(85, 505) 705
(83, 506) 706
(82, 507) 707
(81, 508) 708
(80, 508) 709
(79, 509) 710
(78, 510) 711
(77, 511) 712
(76, 511) 713
(70, 513) 714
(65, 515) 715
(60, 518) 716
(56, 521) 717
(52, 524) 718
(48, 527) 719
(43, 529) 720
(38, 531) 721
(33, 534) 722
(29, 534) 723
(24, 534) 724
(20, 534) 725
(17, 535) 726
(15, 535) 727
(14, 535) 728
(15, 536) 729
(17, 536) 730
(21, 537) 731
(22, 537) 732
(22, 538) 733
(22, 539) 734
(22, 540) 735
(22, 540) 736
(18, 540) 737
(869, 235) 681
(874, 235) 682
(878, 235) 683
(880, 235) 684
(880, 236) 685
(877, 237) 686
(878, 238) 687
(879, 240) 688
(879, 241) 689
(878, 241) 690
(877, 241) 691
(878, 242) 692
(882, 242) 693
(887, 242) 694
(893, 243) 695
(907, 244) 696
(911, 245) 697
(915, 246) 698
(917, 247) 699
(918, 248) 700
(919, 250) 701
(919, 251) 702
(924, 253) 703
(925, 255) 704
(925, 256) 705
(928, 256) 706
(930, 257) 707
(932, 258) 708
(932, 258) 709
(931, 259) 710
(933, 260) 711
(934, 261) 712
(933, 262) 713
(930, 264) 714
(930, 265) 715
(930, 267) 716
(932, 269) 717
(934, 270) 718
(937, 272) 719
(939, 273) 720
(943, 274) 721
(945, 275) 722
(946, 275) 723
(948, 276) 724
(953, 277) 725
(958, 278) 726
(963, 279) 727
(967, 280) 728
(971, 281) 729
(972, 281) 730
(975, 282) 731
(975, 283) 732
(970, 283) 733
(972, 283) 734
(972, 284) 735
(967, 284) 736
(963, 284) 737
(959, 284) 738
(955, 283) 739
(950, 283) 740
(948, 283) 741
(946, 284) 742
(944, 284) 743
(943, 284) 744
(942, 284) 745
(943, 285) 746
(946, 286) 747
(947, 287) 748
(950, 288) 749
(951, 289) 750
(951, 290) 751
(950, 291) 752
(947, 292) 753
(942, 293) 754
(938, 294) 755
(935, 294) 756
(934, 295) 757
(932, 296) 758
(931, 296) 759
(929, 297) 760
(927, 298) 761
(925, 299) 762
(925, 300) 763
(923, 299) 764
(921, 299) 765
(919, 299) 766
(916, 299) 767
(913, 299) 768
(912, 299) 769
(911, 299) 770
(909, 299) 771
(907, 299) 772
(904, 299) 773
(904, 299) 774
(902, 298) 775
(901, 298) 776
(900, 298) 777
(901, 297) 778
(902, 297) 779
(903, 297) 780
(903, 296) 781
(903, 296) 782
(905, 296) 783
(907, 296) 784
(909, 296) 785
(907, 296) 786
(902, 296) 787
(898, 296) 788
(895, 296) 789
(895, 296) 790
(895, 296) 791
(893, 296) 792
(893, 296) 793
(894, 297) 794
(897, 297) 795
(902, 298) 796
(906, 298) 797
(911, 299) 798
(917, 299) 799
(924, 300) 800
(931, 301) 801
(937, 302) 802
(942, 303) 803
(949, 303) 804
(952, 304) 805
(955, 304) 806
(958, 305) 807
(957, 306) 808
(1241, 499) 737
(1241, 499) 738
(1241, 499) 739
(1241, 499) 740
(1241, 499) 741
(1241, 499) 742
(1241, 499) 743
(1241, 499) 744
(1241, 499) 745
(1241, 499) 746
(1241, 499) 747
(1241, 499) 748
(1241, 499) 749
(1241, 499) 750
(1241, 499) 751
(1241, 499) 752
(1241, 499) 753
(1243, 497) 754
(1245, 495) 755
(1247, 494) 756
(1249, 492) 757
(1255, 491) 758
(1260, 491) 759
(1262, 490) 760
(1262, 489) 761
(1261, 488) 762
(1260, 487) 763
(1260, 485) 764
(1259, 484) 765
(1258, 483) 766
(1258, 482) 767
(1257, 481) 768
(1257, 480) 769
(1256, 479) 770
(1256, 478) 771
(1256, 477) 772
(1255, 476) 773
(1255, 476) 774
(1255, 475) 775
(1254, 474) 776
(1254, 473) 777
(1254, 472) 778
(1259, 472) 779
(1263, 473) 780
(1266, 473) 781
(1268, 473) 782
(1271, 474) 783
(1273, 474) 784
(1275, 474) 785
(1277, 474) 786
(1279, 475) 787
(1281, 475) 788
(1282, 475) 789
(1284, 475) 790
(1285, 475) 791
(1285, 475) 792
(1281, 475) 793
(1278, 474) 794
(1274, 474) 795
(1271, 473) 796
(1268, 472) 797
(1265, 472) 798
(1263, 471) 799
(1261, 471) 800
(1259, 470) 801
(1259, 470) 802
(1262, 469) 803
(1266, 469) 804
(1270, 469) 805
(1274, 469) 806
(1277, 468) 807
(1279, 468) 808
(1280, 468) 809
(1281, 468) 810
(1282, 468) 811
(1283, 467) 812
(1283, 467) 813
(1279, 466) 814
(1273, 465) 815
(1268, 464) 816
(1264, 463) 817
(1259, 461) 818
(1255, 460) 819
(1250, 459) 820
(1245, 458) 821
(943, 373) 809
(941, 372) 810
(939, 372) 811
(937, 371) 812
(936, 371) 813
(935, 370) 814
(932, 369) 815
(928, 368) 816
(925, 368) 817
(922, 367) 818
(918, 367) 819
(914, 366) 820
(910, 366) 821
(906, 366) 822
(901, 365) 823
(895, 365) 824
(891, 365) 825
(890, 364) 826
(887, 364) 827
(885, 364) 828
(884, 363) 829
(883, 362) 830
(882, 362) 831
(879, 361) 832
(881, 361) 833
(881, 361) 834
(880, 360) 835
(880, 360) 836
(880, 359) 837
(880, 359) 838
(880, 359) 839
(880, 358) 840
(886, 357) 841
(891, 355) 842
(896, 354) 843
(900, 353) 844
(903, 351) 845
(907, 350) 846
(911, 349) 847
(914, 347) 848
(917, 346) 849
(919, 345) 850
(921, 344) 851
(923, 343) 852
(925, 341) 853
(927, 340) 854
(928, 339) 855
(929, 337) 856
(931, 336) 857
(932, 334) 858
(933, 333) 859
(933, 332) 860
(934, 330) 861
(935, 329) 862
(932, 329) 863
(929, 329) 864
(927, 329) 865
(928, 328) 866
(930, 327) 867
(931, 326) 868
(933, 325) 869
(934, 324) 870
(935, 322) 871
(933, 323) 872
(932, 323) 873
(931, 323) 874
(930, 323) 875
(932, 323) 876
(933, 322) 877
(934, 321) 878
(934, 321) 879
(932, 322) 880
(931, 323) 881
(930, 324) 882
(928, 325) 883
(926, 326) 884
(924, 327) 885
(924, 327) 886
(924, 328) 887
(924, 329) 888
(923, 331) 889
(923, 332) 890
(922, 332) 891
(920, 333) 892
(918, 334) 893
(916, 335) 894
(912, 335) 895
(905, 336) 896
(898, 337) 897
(893, 337) 898
(888, 338) 899
(882, 338) 900
(881, 339) 901
(881, 339) 902
(880, 339) 903
(879, 340) 904
(880, 340) 905
(880, 341) 906
(881, 341) 907
(880, 342) 908
(880, 342) 909
(880, 342) 910
(880, 342) 911
(883, 344) 912
(886, 345) 913
(885, 346) 914
(884, 346) 915
(882, 347) 916
(878, 349) 917
(873, 351) 918
(871, 352) 919
(869, 354) 920
(867, 355) 921
(867, 356) 922
(868, 357) 923
(871, 358) 924
(874, 359) 925
(875, 360) 926
(875, 361) 927
(876, 361) 928
(875, 363) 929
(911, 319) 913
(911, 319) 914
(911, 319) 915
(911, 319) 916
(911, 319) 917
(911, 319) 918
(911, 319) 919
(911, 319) 920
(911, 319) 921
(911, 319) 922
(911, 319) 923
(911, 319) 924
(911, 319) 925
(911, 319) 926
(911, 319) 927
(911, 319) 928
(914, 318) 929
(916, 316) 930
(920, 315) 931
(920, 313) 932
(923, 313) 933
(925, 313) 934
(927, 312) 935
(929, 311) 936
(930, 310) 937
(930, 309) 938
(931, 309) 939
(931, 308) 940
(932, 307) 941
(933, 306) 942
(934, 306) 943
(938, 306) 944
(938, 306) 945
(942, 306) 946
(946, 306) 947
(945, 305) 948
(944, 305) 949
(943, 304) 950
(941, 304) 951
(940, 303) 952
(939, 303) 953
(937, 303) 954
(932, 305) 955
(927, 306) 956
(923, 307) 957
(919, 308) 958
(915, 309) 959
(911, 310) 960
(908, 311) 961
(907, 312) 962
(908, 314) 963
(908, 316) 964
(903, 317) 965
(898, 318) 966
(894, 319) 967
(891, 321) 968
(888, 322) 969
(885, 323) 970
(882, 324) 971
(875, 325) 972
(869, 325) 973
(864, 325) 974
(862, 326) 975
(857, 327) 976
(852, 328) 977
(848, 329) 978
(845, 330) 979
(841, 330) 980
(838, 331) 981
(836, 332) 982
(833, 333) 983
(831, 334) 984
(824, 335) 985
(818, 336) 986
(813, 337) 987
(808, 338) 988
(803, 339) 989
(799, 339) 990
(795, 340) 991
(798, 341) 992
(798, 341) 993
(803, 341) 994
(807, 341) 995
(811, 342) 996
(815, 342) 997
(818, 342) 998
(820, 342) 999
(823, 342) 1000
(825, 343) 1001
(827, 343) 1002
(829, 343) 1003
(831, 343) 1004
(832, 343) 1005
(834, 344) 1006
(838, 345) 1007
(842, 346) 1008
(845, 347) 1009
(850, 348) 1010
(1117, 451) 956
(1117, 451) 957
(1116, 451) 958
(1116, 452) 959
(1115, 452) 960
(1115, 452) 961
(1114, 453) 962
(1113, 453) 963
(1114, 453) 964
(1114, 453) 965
(1116, 454) 966
(1117, 454) 967
(1119, 453) 968
(1121, 453) 969
(1119, 453) 970
(1119, 452) 971
(1120, 452) 972
(1122, 452) 973
(1123, 451) 974
(1124, 451) 975
(1126, 451) 976
(1127, 450) 977
(1128, 450) 978
(1128, 449) 979
(1129, 449) 980
(1132, 449) 981
(1135, 449) 982
(1137, 448) 983
(1139, 448) 984
(1141, 448) 985
(1143, 448) 986
(1144, 448) 987
(1147, 447) 988
(1149, 447) 989
(1151, 446) 990
(1153, 446) 991
(1154, 445) 992
(1155, 445) 993
(1157, 444) 994
(1158, 444) 995
(1159, 443) 996
(1167, 444) 997
(1176, 443) 998
(1184, 442) 999
(1193, 441) 1000
(1202, 441) 1001
(1210, 440) 1002
(1217, 440) 1003
(1224, 439) 1004
(1231, 438) 1005
(1237, 438) 1006
(1238, 438) 1007
(1241, 438) 1008
(1240, 439) 1009
(1246, 439) 1010
(1250, 439) 1011
(1255, 439) 1012
(1259, 439) 1013
(1257, 440) 1014
(1255, 440) 1015
(1256, 441) 1016
(1257, 442) 1017
(1260, 442) 1018
(1262, 443) 1019
(1265, 443) 1020
(1265, 444) 1021
(1261, 444) 1022
(1256, 445) 1023
(1252, 446) 1024
(1250, 445) 1025
(1248, 445) 1026
(1250, 445) 1027
(1252, 444) 1028
(1253, 444) 1029
(1253, 443) 1030
(1253, 443) 1031
(1255, 442) 1032
(1257, 442) 1033
(1256, 441) 1034
(1256, 442) 1035
(1256, 442) 1036
(1255, 443) 1037
(1255, 443) 1038
(1257, 443) 1039
(1258, 444) 1040
(1260, 445) 1041
(1262, 445) 1042
(1269, 446) 1043
(1277, 446) 1044
(1284, 447) 1045
(1291, 447) 1046
(1297, 448) 1047
(1303, 448) 1048
(1308, 449) 1049
(1312, 450) 1050
(1316, 450) 1051
(1320, 451) 1052
(1323, 451) 1053
(1326, 451) 1054
(1329, 452) 1055
(1331, 452) 1056
(1331, 453) 1057
(1329, 453) 1058
(1328, 453) 1059
(1328, 454) 1060
(1331, 454) 1061
(1335, 455) 1062
(1336, 456) 1063
(1338, 457) 1064
(1340, 458) 1065
(1342, 460) 1066
(1343, 461) 1067
(1345, 462) 1068
(1346, 463) 1069
(1347, 464) 1070
(1348, 465) 1071
(1349, 466) 1072
(1351, 467) 1073
(1352, 468) 1074
(1352, 469) 1075
(1351, 470) 1076
(1348, 471) 1077
(1345, 471) 1078
(1339, 472) 1079
(1333, 472) 1080
(290, 481) 965
(290, 481) 966
(290, 481) 967
(291, 481) 968
(295, 481) 969
(299, 481) 970
(305, 481) 971
(313, 480) 972
(327, 480) 973
(340, 480) 974
(352, 480) 975
(363, 479) 976
(379, 479) 977
(394, 479) 978
(408, 478) 979
(420, 478) 980
(431, 478) 981
(438, 478) 982
(443, 478) 983
(449, 477) 984
(455, 476) 985
(462, 475) 986
(467, 473) 987
(473, 473) 988
(478, 474) 989
(485, 472) 990
(490, 471) 991
(494, 470) 992
(498, 469) 993
(502, 468) 994
(505, 467) 995
(506, 466) 996
(508, 467) 997
(511, 467) 998
(509, 466) 999
(509, 465) 1000
(508, 464) 1001
(503, 464) 1002
(501, 464) 1003
(496, 463) 1004
(491, 463) 1005
(486, 462) 1006
(481, 462) 1007
(477, 462) 1008
(473, 461) 1009
(469, 461) 1010
(464, 460) 1011
(459, 460) 1012
(455, 459) 1013
(457, 460) 1014
(459, 460) 1015
(460, 461) 1016
(462, 461) 1017
(464, 461) 1018
(465, 462) 1019
(467, 462) 1020
(470, 463) 1021
(472, 462) 1022
(472, 460) 1023
(473, 459) 1024
(473, 457) 1025
(473, 455) 1026
(474, 454) 1027
(474, 452) 1028
(475, 451) 1029
(475, 449) 1030
(476, 448) 1031
(478, 446) 1032
(479, 445) 1033
(480, 443) 1034
(481, 442) 1035
(481, 441) 1036
(482, 439) 1037
(483, 438) 1038
(483, 437) 1039
(484, 436) 1040
(484, 434) 1041
(485, 433) 1042
(485, 432) 1043
(485, 431) 1044
(486, 430) 1045
(486, 430) 1046
(486, 431) 1047
(486, 432) 1048
(486, 432) 1049
(486, 433) 1050
(486, 433) 1051
(486, 434) 1052
(486, 434) 1053
(486, 435) 1054
(486, 435) 1055
(486, 436) 1056
(486, 436) 1057
(486, 437) 1058
(486, 437) 1059
(492, 437) 1060
(497, 436) 1061
(502, 436) 1062
(506, 435) 1063
(511, 435) 1064
(522, 435) 1065
(533, 435) 1066
(542, 435) 1067
(551, 435) 1068
(559, 435) 1069
(566, 436) 1070
(572, 436) 1071
(577, 436) 1072
(583, 436) 1073
(587, 436) 1074
(591, 436) 1075
(588, 435) 1076
(586, 435) 1077
(584, 434) 1078
(583, 433) 1079
(581, 432) 1080
(581, 433) 1081
(580, 433) 1082
(580, 433) 1083
(576, 433) 1084
(572, 434) 1085
(568, 434) 1086
(564, 434) 1087
(561, 434) 1088
(558, 434) 1089
(555, 434) 1090
(552, 434) 1091
(550, 434) 1092
(552, 434) 1093
(554, 433) 1094
(556, 433) 1095
(557, 432) 1096
(559, 432) 1097
(560, 431) 1098
(560, 431) 1099
(559, 431) 1100
(556, 431) 1101
(554, 431) 1102
(551, 432) 1103
(549, 432) 1104
(906, 392) 966
(908, 391) 967
(911, 391) 968
(913, 390) 969
(915, 389) 970
(915, 390) 971
(915, 390) 972
(916, 391) 973
(916, 391) 974
(916, 392) 975
(916, 392) 976
(916, 393) 977
(917, 393) 978
(916, 394) 979
(914, 393) 980
(908, 392) 981
(910, 391) 982
(912, 390) 983
(916, 389) 984
(919, 389) 985
(923, 388) 986
(926, 387) 987
(926, 386) 988
(928, 385) 989
(929, 383) 990
(929, 382) 991
(929, 382) 992
(930, 381) 993
(930, 380) 994
(934, 379) 995
(935, 378) 996
(936, 376) 997
(933, 375) 998
(933, 374) 999
(931, 373) 1000
(928, 373) 1001
(927, 372) 1002
(926, 372) 1003
(926, 371) 1004
(927, 371) 1005
(932, 371) 1006
(937, 371) 1007
(941, 372) 1008
(945, 372) 1009
(945, 372) 1010
(943, 372) 1011
(939, 373) 1012
(937, 373) 1013
(935, 373) 1014
(933, 373) 1015
(929, 372) 1016
(928, 372) 1017
(923, 371) 1018
(922, 371) 1019
(919, 370) 1020
(915, 369) 1021
(913, 369) 1022
(910, 368) 1023
(907, 367) 1024
(905, 365) 1025
(905, 364) 1026
(906, 363) 1027
(909, 363) 1028
(909, 362) 1029
(911, 361) 1030
(913, 361) 1031
(916, 361) 1032
(920, 361) 1033
(925, 360) 1034
(930, 360) 1035
(935, 359) 1036
(937, 359) 1037
(946, 358) 1038
(950, 357) 1039
(954, 356) 1040
(962, 356) 1041
(970, 354) 1042
(975, 353) 1043
(979, 352) 1044
(979, 351) 1045
(978, 352) 1046
(978, 352) 1047
(977, 352) 1048
(977, 353) 1049
(976, 353) 1050
(976, 353) 1051
(976, 354) 1052
(975, 354) 1053
(975, 354) 1054
(975, 354) 1055
(975, 355) 1056
(972, 353) 1057
(970, 352) 1058
(962, 352) 1059
(957, 352) 1060
(953, 352) 1061
(948, 352) 1062
(945, 352) 1063
(944, 352) 1064
(942, 353) 1065
(941, 354) 1066
(940, 354) 1067
(939, 355) 1068
(938, 356) 1069
(937, 357) 1070
(936, 357) 1071
(936, 358) 1072
(931, 358) 1073
(928, 357) 1074
(926, 356) 1075
(921, 356) 1076
(918, 356) 1077
(914, 356) 1078
(914, 356) 1079
(912, 355) 1080
(912, 355) 1081
(911, 354) 1082
(908, 354) 1083
(907, 354) 1084
(905, 354) 1085
(903, 354) 1086
(901, 354) 1087
(893, 354) 1088
(886, 354) 1089
(881, 354) 1090
(877, 354) 1091
(871, 354) 1092
(866, 355) 1093
(861, 355) 1094
(856, 355) 1095
(851, 355) 1096
(847, 354) 1097
(843, 354) 1098
(840, 353) 1099
(841, 352) 1100
(842, 352) 1101
(846, 352) 1102
(850, 352) 1103
(853, 351) 1104
(855, 351) 1105
(857, 351) 1106
(857, 351) 1107
(857, 350) 1108
(855, 350) 1109
(853, 349) 1110
(851, 349) 1111
(850, 348) 1112
(848, 348) 1113
(844, 348) 1114
(840, 349) 1115
(837, 350) 1116
(836, 350) 1117
(836, 351) 1118
(836, 351) 1119
(836, 351) 1120
(834, 351) 1121
(834, 350) 1122
(836, 351) 1123
(838, 351) 1124
(840, 351) 1125
(840, 351) 1126
(841, 351) 1127
(844, 351) 1128
(847, 351) 1129
(854, 351) 1130
(856, 351) 1131
(860, 351) 1132
(866, 351) 1133
(871, 351) 1134
(876, 350) 1135
(878, 350) 1136
(879, 349) 1137
(880, 349) 1138
(880, 349) 1139
(880, 348) 1140
(882, 348) 1141
(883, 348) 1142
(884, 347) 1143
(886, 347) 1144
(888, 346) 1145
(890, 345) 1146
(891, 346) 1147
(893, 346) 1148
(894, 346) 1149
(895, 346) 1150
(896, 346) 1151
(896, 346) 1152
(896, 346) 1153
(896, 346) 1154
(898, 346) 1155
(900, 346) 1156
(902, 346) 1157
(901, 346) 1158
(900, 347) 1159
(899, 347) 1160
(899, 347) 1161
(899, 347) 1162
(900, 348) 1163
(902, 348) 1164
(904, 347) 1165
(904, 347) 1166
(902, 347) 1167
(900, 347) 1168
(899, 347) 1169
(899, 347) 1170
(902, 347) 1171
(906, 348) 1172
(910, 348) 1173
(910, 348) 1174
(915, 349) 1175
(915, 349) 1176
(915, 350) 1177
(917, 351) 1178
(916, 351) 1179
(911, 351) 1180
(911, 351) 1181
(913, 350) 1182
(913, 351) 1183
(914, 351) 1184
(920, 352) 1185
(925, 352) 1186
(930, 353) 1187
(934, 354) 1188
(937, 355) 1189
(941, 355) 1190
(944, 356) 1191
(947, 356) 1192
(949, 357) 1193
(951, 358) 1194
(953, 358) 1195
(955, 359) 1196
(957, 359) 1197
(958, 360) 1198
(959, 361) 1199
(959, 361) 1200
(958, 360) 1201
(955, 360) 1202
(954, 359) 1203
(952, 359) 1204
(944, 358) 1205
(943, 357) 1206
(944, 357) 1207
(943, 356) 1208
(942, 356) 1209
(941, 356) 1210
(941, 355) 1211
(938, 354) 1212
(936, 353) 1213
(932, 352) 1214
(929, 351) 1215
(926, 351) 1216
(923, 350) 1217
(919, 350) 1218
(913, 350) 1219
(908, 350) 1220
(905, 350) 1221
(903, 350) 1222
(900, 350) 1223
(897, 350) 1224
(893, 350) 1225
(890, 350) 1226
(888, 350) 1227
(888, 351) 1228
(889, 350) 1229
(893, 348) 1230
(895, 347) 1231
(898, 347) 1232
(899, 346) 1233
(901, 345) 1234
(902, 344) 1235
(623, 481) 1168
(623, 481) 1169
(623, 481) 1170
(623, 481) 1171
(623, 481) 1172
(623, 481) 1173
(623, 481) 1174
(623, 481) 1175
(623, 481) 1176
(623, 481) 1177
(623, 481) 1178
(623, 481) 1179
(623, 481) 1180
(623, 481) 1181
(623, 481) 1182
(623, 481) 1183
(623, 481) 1184
(623, 481) 1185
(623, 481) 1186
(621, 481) 1187
(620, 482) 1188
(619, 483) 1189
(618, 483) 1190
(617, 484) 1191
(616, 484) 1192
(616, 485) 1193
(615, 486) 1194
(615, 486) 1195
(619, 486) 1196
(624, 486) 1197
(629, 487) 1198
(632, 487) 1199
(637, 487) 1200
(641, 487) 1201
(645, 487) 1202
(649, 487) 1203
(652, 488) 1204
(654, 488) 1205
(657, 488) 1206
(659, 488) 1207
(661, 488) 1208
(663, 488) 1209
(665, 489) 1210
(666, 489) 1211
(668, 489) 1212
(667, 489) 1213
(662, 489) 1214
(656, 489) 1215
(650, 489) 1216
(645, 489) 1217
(641, 489) 1218
(637, 488) 1219
(633, 488) 1220
(633, 488) 1221
(628, 488) 1222
(624, 488) 1223
(620, 488) 1224
(617, 488) 1225
(617, 488) 1226
(618, 489) 1227
(619, 489) 1228
