(920, 582) 20
(920, 582) 21
(920, 581) 22
(919, 580) 23
(919, 580) 24
(919, 580) 25
(918, 580) 26
(918, 581) 27
(918, 581) 28
(917, 581) 29
(917, 581) 30
(916, 582) 31
(916, 582) 32
(916, 582) 33
(916, 582) 34
(916, 583) 35
(915, 583) 36
(915, 585) 37
(915, 585) 38
(915, 587) 39
(915, 588) 40
(916, 590) 41
(916, 591) 42
(916, 592) 43
(916, 592) 44
(916, 591) 45
(916, 591) 46
(917, 591) 47
(916, 591) 48
(916, 591) 49
(916, 591) 50
(916, 591) 51
(915, 591) 52
(915, 591) 53
(913, 590) 54
(913, 590) 55
(911, 589) 56
(911, 589) 57
(911, 589) 58
(911, 589) 59
(910, 589) 60
(910, 588) 61
(910, 588) 62
(910, 588) 63
(910, 586) 64
(910, 586) 65
(910, 584) 66
(910, 583) 67
(910, 581) 68
(910, 579) 69
(911, 578) 70
(911, 576) 71
(912, 575) 72
(913, 573) 73
(914, 572) 74
(916, 570) 75
(916, 569) 76
(916, 568) 77
(916, 567) 78
(916, 565) 79
(917, 565) 80
(917, 564) 81
(917, 563) 82
(917, 562) 83
(917, 560) 84
(917, 559) 85
(916, 558) 86
(916, 557) 87
(915, 556) 88
(914, 554) 89
(914, 555) 90
(914, 554) 91
(914, 553) 92
(914, 551) 93
(915, 551) 94
(915, 550) 95
(916, 550) 96
(916, 549) 97
(916, 549) 98
(916, 550) 99
(916, 550) 100
(917, 549) 101
(917, 548) 102
(918, 547) 103
(918, 546) 104
(919, 545) 105
(919, 544) 106
(919, 543) 107
(919, 542) 108
(920, 541) 109
(920, 540) 110
(920, 539) 111
(919, 538) 112
(919, 538) 113
(919, 537) 114
(919, 536) 115
(918, 536) 116
(918, 535) 117
(918, 535) 118
(917, 534) 119
(917, 533) 120
(917, 533) 121
(917, 532) 122
(916, 532) 123
(915, 531) 124
(916, 530) 125
(917, 530) 126
(917, 529) 127
(916, 528) 128
(917, 527) 129
(915, 527) 130
(913, 526) 131
(910, 526) 132
(908, 525) 133
(906, 525) 134
(905, 524) 135
(904, 524) 136
(905, 524) 137
(908, 525) 138
(911, 525) 139
(913, 525) 140
(916, 525) 141
(918, 525) 142
(920, 525) 143
(922, 525) 144
(924, 525) 145
(925, 526) 146
(926, 526) 147
(926, 527) 148
(925, 528) 149
(925, 529) 150
(924, 530) 151
(923, 531) 152
(922, 532) 153
(919, 532) 154
(916, 533) 155
(914, 533) 156
(911, 533) 157
(909, 534) 158
(907, 534) 159
(906, 535) 160
(904, 535) 161
(903, 535) 162
(901, 536) 163
(900, 536) 164
(899, 536) 165
(899, 537) 166
(899, 538) 167
(900, 540) 168
(901, 542) 169
(899, 543) 170
(900, 544) 171
(901, 544) 172
(904, 544) 173
(908, 545) 174
(909, 545) 175
(909, 545) 176
(911, 546) 177
(911, 546) 178
(911, 546) 179
(910, 546) 180
(911, 546) 181
(912, 547) 182
(912, 547) 183
(912, 547) 184
(911, 546) 185
(911, 546) 186
(912, 546) 187
(912, 547) 188
(913, 547) 189
(914, 548) 190
(915, 549) 191
(916, 549) 192
(916, 549) 193
(916, 549) 194
(916, 549) 195
(915, 549) 196
(914, 550) 197
(914, 551) 198
(913, 551) 199
(912, 552) 200
(912, 552) 201
(911, 552) 202
(908, 552) 203
(905, 552) 204
(902, 552) 205
(903, 553) 206
(904, 553) 207
(907, 553) 208
(911, 554) 209
(915, 554) 210
(918, 554) 211
(915, 554) 212
(912, 554) 213
(910, 554) 214
(909, 554) 215
(909, 554) 216
(908, 554) 217
(906, 555) 218
(904, 556) 219
(904, 556) 220
(905, 557) 221
(906, 557) 222
(906, 558) 223
(906, 559) 224
(907, 560) 225
(907, 561) 226
(907, 561) 227
(907, 561) 228
(907, 561) 229
(907, 562) 230
(907, 562) 231
(907, 562) 232
(907, 562) 233
(907, 562) 234
(908, 563) 235
(908, 563) 236
(913, 562) 237
(918, 561) 238
(923, 560) 239
(921, 560) 240
(919, 560) 241
(917, 561) 242
(917, 560) 243
(917, 561) 244
(918, 561) 245
(919, 562) 246
(920, 562) 247
(919, 563) 248
(920, 564) 249
(920, 564) 250
(920, 566) 251
(920, 566) 252
(921, 566) 253
(921, 567) 254
(921, 566) 255
(920, 565) 256
(919, 566) 257
(919, 566) 258
(918, 567) 259
(918, 569) 260
(918, 571) 261
(918, 571) 262
(918, 573) 263
(918, 573) 264
(920, 573) 265
(920, 573) 266
(924, 572) 267
(927, 571) 268
(926, 572) 269
(925, 573) 270
(924, 573) 271
(923, 574) 272
(922, 575) 273
(921, 576) 274
(921, 576) 275
(920, 577) 276
(920, 578) 277
(919, 578) 278
(914, 578) 279
(909, 577) 280
(905, 577) 281
(902, 577) 282
(901, 576) 283
(899, 576) 284
(897, 576) 285
(896, 575) 286
(894, 575) 287
(894, 574) 288
(894, 572) 289
(893, 572) 290
(892, 571) 291
(890, 569) 292
(888, 568) 293
(888, 568) 294
(887, 568) 295
(885, 567) 296
(883, 566) 297
(881, 564) 298
(880, 564) 299
(878, 565) 300
(877, 565) 301
(876, 565) 302
(877, 564) 303
(878, 564) 304
(878, 564) 305
(878, 564) 306
(874, 564) 307
(874, 565) 308
(871, 565) 309
(868, 565) 310
(868, 565) 311
(864, 565) 312
(861, 565) 313
(864, 565) 314
(866, 565) 315
(868, 565) 316
(871, 564) 317
(874, 565) 318
(876, 565) 319
(878, 565) 320
(880, 565) 321
(882, 565) 322
(882, 565) 323
(883, 566) 324
(886, 566) 325
(893, 565) 326
(894, 564) 327
(901, 563) 328
(903, 563) 329
(904, 563) 330
(905, 563) 331
(905, 563) 332
(906, 562) 333
(906, 562) 334
(908, 561) 335
(906, 561) 336
(905, 561) 337
(897, 562) 338
(888, 563) 339
(886, 564) 340
(885, 566) 341
(884, 567) 342
(882, 569) 343
(881, 570) 344
(882, 571) 345
(883, 573) 346
(884, 574) 347
(885, 574) 348
(885, 575) 349
(885, 576) 350
(884, 576) 351
(884, 576) 352
(884, 577) 353
(881, 576) 354
(878, 576) 355
(878, 576) 356
(879, 576) 357
(882, 577) 358
(884, 577) 359
(885, 577) 360
(884, 577) 361
(883, 577) 362
(883, 576) 363
(884, 575) 364
(890, 573) 365
(895, 571) 366
(900, 569) 367
(904, 567) 368
(908, 565) 369
(911, 564) 370
(909, 564) 371
(908, 563) 372
(907, 563) 373
(908, 562) 374
(909, 561) 375
(917, 561) 376
(925, 560) 377
(931, 559) 378
(937, 558) 379
(943, 557) 380
(948, 557) 381
(952, 556) 382
(949, 556) 383
(945, 555) 384
(941, 555) 385
(938, 554) 386
(936, 554) 387
(934, 553) 388
(933, 553) 389
(933, 553) 390
(932, 552) 391
(932, 552) 392
(931, 551) 393
(931, 551) 394
(929, 551) 395
(927, 551) 396
(927, 552) 397
(925, 552) 398
(921, 551) 399
(918, 552) 400
(915, 553) 401
(914, 553) 402
(912, 554) 403
(910, 554) 404
(908, 555) 405
(907, 555) 406
(904, 554) 407
(902, 555) 408
(901, 555) 409
(899, 556) 410
(897, 557) 411
(895, 556) 412
(893, 556) 413
(891, 556) 414
(889, 557) 415
(878, 557) 416
(868, 558) 417
(857, 559) 418
(847, 560) 419
(838, 561) 420
(830, 562) 421
(823, 563) 422
(817, 564) 423
(811, 565) 424
(810, 565) 425
(809, 565) 426
(811, 566) 427
(818, 567) 428
(819, 566) 429
(820, 567) 430
(821, 567) 431
(822, 567) 432
(822, 567) 433
(828, 567) 434
(831, 567) 435
(834, 566) 436
(836, 566) 437
(837, 566) 438
(840, 566) 439
(842, 566) 440
(844, 565) 441
(846, 565) 442
(849, 564) 443
(849, 563) 444
(850, 562) 445
(850, 561) 446
(850, 560) 447
(851, 559) 448
(851, 558) 449
(851, 557) 450
(851, 556) 451
(852, 555) 452
(852, 554) 453
(852, 553) 454
(852, 552) 455
(859, 552) 456
(865, 551) 457
(870, 550) 458
(875, 550) 459
(879, 550) 460
(881, 549) 461
(883, 549) 462
(885, 549) 463
(885, 549) 464
(886, 548) 465
(886, 548) 466
(887, 549) 467
(887, 549) 468
(888, 549) 469
(886, 550) 470
(885, 550) 471
(883, 551) 472
(882, 551) 473
(877, 551) 474
(872, 551) 475
(868, 552) 476
(861, 552) 477
(850, 551) 478
(842, 551) 479
(834, 550) 480
(826, 550) 481
(816, 549) 482
(808, 549) 483
(800, 549) 484
(794, 548) 485
(787, 548) 486
(782, 547) 487
(770, 547) 488
(762, 547) 489
(755, 547) 490
(746, 547) 491
(738, 547) 492
(729, 547) 493
(723, 546) 494
(716, 546) 495
(710, 546) 496
(705, 545) 497
(700, 545) 498
(702, 544) 499
(702, 543) 500
(703, 543) 501
(703, 542) 502
(703, 542) 503
(704, 541) 504
(704, 541) 505
(704, 540) 506
(704, 540) 507
(704, 539) 508
(705, 539) 509
(705, 538) 510
(708, 539) 511
(711, 539) 512
(714, 539) 513
(716, 539) 514
(719, 540) 515
(721, 540) 516
(722, 540) 517
(724, 540) 518
(725, 540) 519
(727, 541) 520
(728, 541) 521
(729, 541) 522
(730, 541) 523
(731, 542) 524
(731, 542) 525
(730, 542) 526
(729, 542) 527
(731, 541) 528
(735, 541) 529
(738, 541) 530
(741, 541) 531
(744, 541) 532
(746, 541) 533
(748, 541) 534
(757, 541) 535
(767, 541) 536
(777, 542) 537
(787, 543) 538
(795, 544) 539
(802, 545) 540
(809, 545) 541
(819, 546) 542
(829, 547) 543
(838, 548) 544
(846, 549) 545
(854, 550) 546
(860, 551) 547
(866, 552) 548
(872, 553) 549
(877, 554) 550
(881, 554) 551
(885, 555) 552
(889, 556) 553
(891, 556) 554
(892, 556) 555
(893, 556) 556
(895, 556) 557
(896, 557) 558
(897, 557) 559
(897, 557) 560
(897, 558) 561
(899, 558) 562
(900, 558) 563
(902, 558) 564
(902, 558) 565
(902, 558) 566
(903, 559) 567
(902, 560) 568
(901, 562) 569
(899, 564) 570
(897, 565) 571
(896, 567) 572
(895, 568) 573
(894, 570) 574
(893, 572) 575
(892, 573) 576
(891, 574) 577
(890, 576) 578
(890, 577) 579
(889, 578) 580
(889, 580) 581
(888, 581) 582
(888, 582) 583
(888, 583) 584
(887, 584) 585
(887, 585) 586
(887, 586) 587
(887, 588) 588
(886, 589) 589
(886, 590) 590
(886, 591) 591
(885, 592) 592
(885, 592) 593
(884, 593) 594
(884, 594) 595
(884, 595) 596
(884, 595) 597
(885, 595) 598
(885, 594) 599
(886, 594) 600
(886, 593) 601
(886, 593) 602
(880, 592) 603
(874, 591) 604
(869, 590) 605
(871, 590) 606
(872, 590) 607
(874, 589) 608
(875, 589) 609
(876, 588) 610
(877, 587) 611
(878, 586) 612
(878, 585) 613
(879, 585) 614
(879, 584) 615
(881, 583) 616
(884, 583) 617
(888, 583) 618
(890, 582) 619
(895, 581) 620
(898, 580) 621
(902, 578) 622
(906, 577) 623
(907, 575) 624
(909, 574) 625
(911, 572) 626
(912, 571) 627
(914, 570) 628
(914, 569) 629
(915, 567) 630
(914, 567) 631
(914, 566) 632
(915, 565) 633
(918, 564) 634
(921, 562) 635
(921, 560) 636
(922, 559) 637
(921, 557) 638
(921, 557) 639
(921, 556) 640
(921, 555) 641
(919, 555) 642
(918, 554) 643
(918, 554) 644
(919, 553) 645
(918, 552) 646
(917, 553) 647
(916, 554) 648
(915, 554) 649
(915, 555) 650
(915, 556) 651
(914, 557) 652
(913, 557) 653
(912, 558) 654
(910, 558) 655
(909, 559) 656
(908, 561) 657
(907, 562) 658
(906, 563) 659
(906, 563) 660
(911, 563) 661
(911, 562) 662
(911, 562) 663
(911, 562) 664
(911, 562) 665
(910, 563) 666
(909, 564) 667
(908, 564) 668
(908, 564) 669
(908, 564) 670
(908, 564) 671
(908, 564) 672
(908, 564) 673
(907, 564) 674
(906, 564) 675
(905, 565) 676
(904, 566) 677
(904, 566) 678
(902, 567) 679
(901, 568) 680
(901, 569) 681
(900, 569) 682
(898, 570) 683
(897, 570) 684
(895, 571) 685
(892, 571) 686
(893, 571) 687
(893, 571) 688
(893, 571) 689
(893, 572) 690
(892, 572) 691
(891, 572) 692
(888, 572) 693
(885, 573) 694
(882, 573) 695
(880, 573) 696
(882, 574) 697
(884, 575) 698
(885, 576) 699
(886, 577) 700
(887, 577) 701
(887, 577) 702
(886, 577) 703
(886, 578) 704
(881, 577) 705
(878, 576) 706
(876, 575) 707
(875, 575) 708
(876, 575) 709
(879, 574) 710
(881, 574) 711
(882, 574) 712
(883, 574) 713
(884, 573) 714
(884, 573) 715
(876, 572) 716
(869, 572) 717
(862, 572) 718
(856, 571) 719
(858, 571) 720
(863, 571) 721
(866, 570) 722
(870, 569) 723
(874, 569) 724
(878, 568) 725
(879, 568) 726
(880, 568) 727
(882, 568) 728
(883, 568) 729
(884, 568) 730
(885, 568) 731
(885, 567) 732
(880, 566) 733
(875, 565) 734
(872, 564) 735
(869, 563) 736
(867, 562) 737
(866, 562) 738
(863, 559) 739
(860, 557) 740
(864, 556) 741
(867, 555) 742
(869, 554) 743
(872, 553) 744
(873, 552) 745
(872, 550) 746
(871, 550) 747
(877, 549) 748
(879, 549) 749
(883, 549) 750
(884, 548) 751
(884, 548) 752
(878, 548) 753
(871, 548) 754
(865, 547) 755
(860, 547) 756
(855, 546) 757
(850, 546) 758
(846, 546) 759
(838, 545) 760
(835, 545) 761
(832, 544) 762
(825, 544) 763
(822, 544) 764
(820, 543) 765
(819, 543) 766
(819, 542) 767
(812, 542) 768
(811, 542) 769
(807, 542) 770
(805, 542) 771
(799, 542) 772
(795, 542) 773
(791, 542) 774
(789, 542) 775
(790, 542) 776
(792, 542) 777
(792, 542) 778
(794, 541) 779
(794, 540) 780
(793, 540) 781
(793, 540) 782
(794, 540) 783
(794, 541) 784
(794, 541) 785
(798, 541) 786
(803, 542) 787
(807, 543) 788
(810, 542) 789
(809, 543) 790
(808, 543) 791
(808, 544) 792
(809, 544) 793
(809, 544) 794
(808, 545) 795
(806, 545) 796
(809, 546) 797
(811, 546) 798
(811, 547) 799
(811, 546) 800
(813, 546) 801
(811, 545) 802
(810, 545) 803
(809, 544) 804
(809, 544) 805
(809, 543) 806
(806, 543) 807
(802, 543) 808
(799, 543) 809
(795, 543) 810
(794, 543) 811
(792, 542) 812
(791, 542) 813
(789, 542) 814
(788, 541) 815
(786, 541) 816
(785, 541) 817
(783, 542) 818
(783, 542) 819
(789, 542) 820
(789, 543) 821
(789, 544) 822
(788, 545) 823
(794, 545) 824
(801, 546) 825
(812, 545) 826
(822, 545) 827
(832, 545) 828
(834, 544) 829
(834, 544) 830
(834, 544) 831
(832, 545) 832
(832, 546) 833
(832, 547) 834
(831, 547) 835
(830, 548) 836
(828, 549) 837
(827, 550) 838
(826, 551) 839
(824, 552) 840
(823, 553) 841
(823, 553) 842
(829, 554) 843
(833, 554) 844
(838, 553) 845
(842, 553) 846
(847, 553) 847
(852, 553) 848
(850, 553) 849
(848, 553) 850
(847, 553) 851
(844, 553) 852
(842, 553) 853
(839, 553) 854
(837, 554) 855
(834, 553) 856
(834, 553) 857
(833, 553) 858
(831, 554) 859
(831, 554) 860
(833, 554) 861
(835, 553) 862
(842, 553) 863
(848, 553) 864
(853, 553) 865
(858, 553) 866
(862, 552) 867
(866, 552) 868
(870, 552) 869
(870, 552) 870
(866, 552) 871
(863, 552) 872
(858, 552) 873
(853, 552) 874
(853, 552) 875
(850, 552) 876
(849, 553) 877
(849, 553) 878
(849, 554) 879
(845, 553) 880
(842, 552) 881
(840, 551) 882
(837, 551) 883
(836, 551) 884
(835, 552) 885
(833, 553) 886
(832, 554) 887
(832, 555) 888
(836, 555) 889
(841, 554) 890
(845, 554) 891
(840, 554) 892
(838, 554) 893
(836, 554) 894
(834, 555) 895
(832, 555) 896
(831, 555) 897
(831, 556) 898
(833, 556) 899
(831, 557) 900
(828, 557) 901
(828, 558) 902
(828, 560) 903
(827, 562) 904
(825, 564) 905
(824, 565) 906
(824, 567) 907
(825, 567) 908
(826, 568) 909
(826, 568) 910
(826, 569) 911
(826, 570) 912
(826, 570) 913
(830, 570) 914
(833, 570) 915
(836, 570) 916
(836, 571) 917
(837, 570) 918
(839, 571) 919
(841, 571) 920
(842, 571) 921
(844, 571) 922
(845, 570) 923
(844, 570) 924
(844, 570) 925
(842, 570) 926
(839, 570) 927
(835, 570) 928
(835, 570) 929
(836, 570) 930
(841, 569) 931
(841, 569) 932
(841, 568) 933
(838, 569) 934
(833, 569) 935
(830, 569) 936
(828, 568) 937
(826, 568) 938
(824, 569) 939
(822, 569) 940
(820, 569) 941
(819, 569) 942
(818, 569) 943
(817, 569) 944
(815, 569) 945
(814, 570) 946
(813, 570) 947
(811, 571) 948
(803, 571) 949
(796, 571) 950
(789, 571) 951
(783, 570) 952
(777, 570) 953
(772, 570) 954
(768, 570) 955
(764, 570) 956
(767, 570) 957
(772, 569) 958
(777, 567) 959
(774, 567) 960
(771, 566) 961
(766, 565) 962
(760, 564) 963
(754, 564) 964
(749, 563) 965
(744, 562) 966
(739, 562) 967
(735, 561) 968
(735, 560) 969
(736, 560) 970
(742, 559) 971
(748, 558) 972
(753, 558) 973
(752, 558) 974
(752, 558) 975
(760, 559) 976
(767, 559) 977
(770, 559) 978
(773, 557) 979
(775, 556) 980
(775, 555) 981
(772, 555) 982
(763, 554) 983
(756, 553) 984
(750, 552) 985
(751, 552) 986
(751, 551) 987
(748, 551) 988
(742, 551) 989
(735, 550) 990
(729, 550) 991
(722, 549) 992
(716, 549) 993
(712, 548) 994
(711, 547) 995
(710, 546) 996
(711, 545) 997
(711, 544) 998
(712, 543) 999
(713, 542) 1000
(713, 541) 1001
(710, 541) 1002
(706, 540) 1003
(696, 539) 1004
(695, 539) 1005
(694, 538) 1006
(689, 537) 1007
(685, 537) 1008
(682, 537) 1009
(679, 536) 1010
(676, 536) 1011
(673, 535) 1012
(671, 535) 1013
(662, 534) 1014
(654, 533) 1015
(655, 533) 1016
(655, 533) 1017
(657, 532) 1018
(662, 532) 1019
(670, 531) 1020
(683, 531) 1021
(694, 530) 1022
(696, 530) 1023
(698, 530) 1024
(700, 529) 1025
(701, 529) 1026
(703, 529) 1027
(704, 528) 1028
(704, 528) 1029
(698, 528) 1030
(691, 527) 1031
(680, 527) 1032
(674, 528) 1033
(668, 528) 1034
(664, 528) 1035
(659, 528) 1036
(660, 528) 1037
(664, 529) 1038
(667, 530) 1039
(670, 530) 1040
(673, 530) 1041
(676, 530) 1042
(680, 531) 1043
(684, 531) 1044
(690, 531) 1045
(697, 531) 1046
(700, 531) 1047
(705, 531) 1048
(708, 531) 1049
(712, 531) 1050
(716, 531) 1051
(717, 531) 1052
(718, 532) 1053
(719, 532) 1054
(720, 532) 1055
(721, 532) 1056
(724, 533) 1057
(726, 534) 1058
(728, 534) 1059
(733, 535) 1060
(737, 536) 1061
(741, 536) 1062
(745, 537) 1063
(748, 538) 1064
(751, 539) 1065
(754, 539) 1066
(751, 539) 1067
(498, 509) 75
(498, 509) 76
(498, 509) 77
(498, 509) 78
(498, 509) 79
(498, 509) 80
(498, 509) 81
(498, 508) 82
(499, 508) 83
(499, 507) 84
(498, 507) 85
(497, 507) 86
(497, 507) 87
(499, 507) 88
(501, 506) 89
(503, 506) 90
(505, 506) 91
(507, 505) 92
(508, 505) 93
(509, 504) 94
(511, 504) 95
(512, 504) 96
(513, 503) 97
(514, 503) 98
(514, 503) 99
(514, 502) 100
(514, 502) 101
(515, 502) 102
(515, 502) 103
(515, 501) 104
(515, 501) 105
(514, 501) 106
(514, 501) 107
(514, 501) 108
(514, 500) 109
(514, 500) 110
(515, 500) 111
(516, 500) 112
(517, 500) 113
(516, 500) 114
(516, 500) 115
(515, 501) 116
(515, 501) 117
(514, 501) 118
(514, 501) 119
(511, 502) 120
(509, 502) 121
(506, 503) 122
(503, 503) 123
(495, 504) 124
(495, 505) 125
(497, 506) 126
(500, 506) 127
(506, 506) 128
(512, 506) 129
(518, 507) 130
(523, 507) 131
(527, 507) 132
(531, 507) 133
(535, 507) 134
(538, 507) 135
(541, 508) 136
(546, 509) 137
(546, 511) 138
(545, 513) 139
(544, 515) 140
(541, 516) 141
(538, 517) 142
(534, 518) 143
(531, 520) 144
(528, 521) 145
(528, 522) 146
(528, 523) 147
(527, 524) 148
(527, 525) 149
(526, 526) 150
(526, 527) 151
(535, 529) 152
(543, 530) 153
(550, 531) 154
(557, 532) 155
(563, 533) 156
(568, 535) 157
(573, 536) 158
(578, 537) 159
(582, 538) 160
(585, 539) 161
(588, 540) 162
(591, 541) 163
(594, 542) 164
(596, 543) 165
(596, 544) 166
(592, 545) 167
(587, 547) 168
(582, 548) 169
(578, 549) 170
(574, 550) 171
(568, 550) 172
(561, 550) 173
(556, 550) 174
(552, 550) 175
(546, 549) 176
(541, 549) 177
(537, 549) 178
(532, 548) 179
(531, 547) 180
(531, 546) 181
(529, 546) 182
(524, 545) 183
(521, 544) 184
(516, 544) 185
(512, 543) 186
(507, 543) 187
(502, 543) 188
(500, 542) 189
(499, 541) 190
(499, 540) 191
(499, 539) 192
(498, 538) 193
(497, 537) 194
(497, 537) 195
(500, 537) 196
(502, 538) 197
(504, 538) 198
(505, 538) 199
(507, 539) 200
(509, 539) 201
(509, 540) 202
(505, 539) 203
(498, 538) 204
(494, 538) 205
(495, 538) 206
(497, 537) 207
(497, 536) 208
(499, 535) 209
(500, 535) 210
(502, 536) 211
(503, 535) 212
(505, 535) 213
(511, 534) 214
(513, 534) 215
(517, 534) 216
(520, 533) 217
(520, 533) 218
(525, 532) 219
(525, 532) 220
(524, 532) 221
(524, 532) 222
(524, 532) 223
(525, 533) 224
(525, 533) 225
(525, 533) 226
(525, 533) 227
(525, 533) 228
(525, 533) 229
(525, 533) 230
(525, 533) 231
(525, 533) 232
(525, 534) 233
(525, 534) 234
(519, 535) 235
(511, 534) 236
(508, 533) 237
(504, 531) 238
(501, 530) 239
(503, 530) 240
(507, 531) 241
(511, 531) 242
(514, 532) 243
(518, 533) 244
(521, 533) 245
(524, 534) 246
(526, 535) 247
(528, 535) 248
(530, 536) 249
(532, 537) 250
(534, 537) 251
(535, 538) 252
(535, 538) 253
(535, 537) 254
(533, 536) 255
(531, 536) 256
(529, 535) 257
(528, 534) 258
(527, 533) 259
(526, 532) 260
(525, 532) 261
(524, 531) 262
(524, 530) 263
(523, 530) 264
(518, 530) 265
(514, 531) 266
(512, 531) 267
(511, 531) 268
(512, 531) 269
(516, 531) 270
(518, 531) 271
(519, 531) 272
(521, 532) 273
(523, 532) 274
(530, 531) 275
(532, 531) 276
(534, 531) 277
(535, 531) 278
(540, 531) 279
(542, 531) 280
(541, 531) 281
(541, 531) 282
(540, 531) 283
(539, 531) 284
(539, 531) 285
(538, 532) 286
(536, 532) 287
(535, 532) 288
(531, 532) 289
(529, 532) 290
(525, 532) 291
(524, 532) 292
(525, 531) 293
(527, 532) 294
(527, 534) 295
(527, 534) 296
(525, 534) 297
(524, 534) 298
(524, 534) 299
(524, 535) 300
(523, 535) 301
(524, 535) 302
(525, 535) 303
(526, 535) 304
(526, 536) 305
(526, 537) 306
(525, 537) 307
(523, 538) 308
(520, 538) 309
(516, 539) 310
(513, 540) 311
(511, 540) 312
(509, 541) 313
(508, 541) 314
(507, 541) 315
(506, 541) 316
(507, 541) 317
(508, 541) 318
(509, 541) 319
(510, 541) 320
(511, 541) 321
(512, 541) 322
(513, 541) 323
(520, 541) 324
(526, 541) 325
(528, 540) 326
(527, 540) 327
(527, 540) 328
(524, 540) 329
(520, 540) 330
(523, 541) 331
(523, 541) 332
(524, 541) 333
(526, 542) 334
(525, 541) 335
(523, 542) 336
(521, 542) 337
(518, 543) 338
(519, 543) 339
(519, 543) 340
(518, 542) 341
(516, 542) 342
(513, 541) 343
(508, 541) 344
(504, 540) 345
(499, 540) 346
(495, 540) 347
(492, 540) 348
(488, 539) 349
(483, 539) 350
(479, 539) 351
(478, 539) 352
(478, 538) 353
(478, 537) 354
(472, 537) 355
(467, 536) 356
(461, 536) 357
(461, 535) 358
(462, 535) 359
(468, 535) 360
(474, 535) 361
(477, 534) 362
(481, 534) 363
(481, 534) 364
(479, 534) 365
(477, 533) 366
(477, 534) 367
(481, 535) 368
(482, 535) 369
(483, 536) 370
(485, 536) 371
(486, 536) 372
(487, 537) 373
(487, 537) 374
(487, 538) 375
(487, 538) 376
(486, 539) 377
(486, 539) 378
(486, 539) 379
(485, 539) 380
(484, 539) 381
(482, 539) 382
(483, 538) 383
(486, 536) 384
(491, 534) 385
(493, 533) 386
(492, 532) 387
(485, 531) 388
(478, 530) 389
(478, 530) 390
(474, 529) 391
(469, 528) 392
(465, 528) 393
(467, 527) 394
(468, 527) 395
(468, 527) 396
(466, 527) 397
(464, 526) 398
(463, 526) 399
(458, 525) 400
(454, 524) 401
(451, 524) 402
(448, 525) 403
(446, 524) 404
(445, 524) 405
(440, 524) 406
(440, 524) 407
(441, 524) 408
(445, 524) 409
(446, 524) 410
(447, 524) 411
(448, 523) 412
(449, 523) 413
(451, 523) 414
(452, 522) 415
(455, 522) 416
(456, 521) 417
(457, 521) 418
(458, 521) 419
(460, 520) 420
(461, 520) 421
(462, 520) 422
(463, 519) 423
(466, 519) 424
(468, 518) 425
(472, 518) 426
(477, 517) 427
(481, 516) 428
(488, 516) 429
(488, 516) 430
(488, 515) 431
(488, 515) 432
(489, 515) 433
(489, 515) 434
(489, 515) 435
(491, 515) 436
(494, 515) 437
(496, 515) 438
(497, 515) 439
(499, 515) 440
(499, 515) 441
(500, 515) 442
(500, 515) 443
(499, 514) 444
(496, 514) 445
(494, 514) 446
(492, 513) 447
(490, 513) 448
(488, 513) 449
(487, 512) 450
(485, 512) 451
(484, 512) 452
(484, 512) 453
(488, 511) 454
(492, 511) 455
(499, 511) 456
(506, 511) 457
(513, 511) 458
(520, 511) 459
(523, 511) 460
(527, 511) 461
(530, 511) 462
(532, 510) 463
(533, 510) 464
(534, 510) 465
(535, 509) 466
(536, 509) 467
(536, 509) 468
(529, 508) 469
(523, 508) 470
(517, 508) 471
(512, 507) 472
(508, 507) 473
(504, 507) 474
(500, 506) 475
(497, 506) 476
(494, 506) 477
(491, 506) 478
(489, 505) 479
(486, 505) 480
(484, 505) 481
(483, 504) 482
(481, 504) 483
(480, 504) 484
(478, 504) 485
(474, 504) 486
(474, 504) 487
(475, 504) 488
(475, 505) 489
(475, 505) 490
(475, 505) 491
(475, 505) 492
(475, 506) 493
(475, 506) 494
(475, 506) 495
(480, 506) 496
(481, 506) 497
(485, 506) 498
(492, 506) 499
(491, 506) 500
(491, 505) 501
(492, 504) 502
(496, 504) 503
(499, 504) 504
(503, 504) 505
(509, 503) 506
(513, 503) 507
(514, 503) 508
(514, 503) 509
(511, 503) 510
(509, 503) 511
(507, 503) 512
(505, 503) 513
(505, 503) 514
(507, 503) 515
(511, 503) 516
(510, 503) 517
(511, 503) 518
(514, 503) 519
(516, 504) 520
(518, 504) 521
(522, 505) 522
(525, 505) 523
(527, 505) 524
(531, 506) 525
(534, 506) 526
(541, 506) 527
(548, 506) 528
(554, 506) 529
(560, 506) 530
(560, 507) 531
(560, 508) 532
(562, 509) 533
(564, 509) 534
(564, 510) 535
(562, 511) 536
(560, 511) 537
(561, 512) 538
(566, 513) 539
(572, 514) 540
(586, 515) 541
(599, 516) 542
(611, 516) 543
(622, 515) 544
(632, 515) 545
(642, 515) 546
(653, 516) 547
(660, 516) 548
(665, 516) 549
(670, 516) 550
(674, 516) 551
(683, 516) 552
(690, 516) 553
(696, 516) 554
(702, 517) 555
(707, 517) 556
(705, 516) 557
(703, 516) 558
(701, 515) 559
(700, 515) 560
(698, 514) 561
(697, 514) 562
(696, 513) 563
(687, 513) 564
(1179, 526) 134
(1182, 526) 135
(1187, 526) 136
(1192, 527) 137
(1195, 527) 138
(1198, 527) 139
(1201, 528) 140
(1204, 528) 141
(1207, 528) 142
(1210, 528) 143
(1209, 529) 144
(1209, 529) 145
(1209, 529) 146
(1210, 529) 147
(1210, 530) 148
(1215, 530) 149
(1227, 529) 150
(1241, 529) 151
(1254, 528) 152
(1266, 528) 153
(1278, 528) 154
(1289, 527) 155
(1299, 527) 156
(1308, 527) 157
(1316, 526) 158
(1323, 526) 159
(1329, 526) 160
(1335, 525) 161
(1340, 525) 162
(1345, 525) 163
(1349, 524) 164
(1353, 524) 165
(1357, 524) 166
(1360, 523) 167
(1362, 523) 168
(1365, 523) 169
(1367, 523) 170
(1369, 522) 171
(1373, 522) 172
(1377, 522) 173
(1381, 522) 174
(1384, 522) 175
(1387, 522) 176
(1390, 522) 177
(1392, 522) 178
(1395, 522) 179
(1398, 521) 180
(1398, 521) 181
(1397, 521) 182
(1398, 521) 183
(1398, 521) 184
(1398, 521) 185
(1398, 520) 186
(1399, 520) 187
(1399, 520) 188
(1399, 520) 189
(1399, 520) 190
(1399, 520) 191
(1391, 519) 192
(1384, 519) 193
(1374, 519) 194
(1366, 519) 195
(1245, 488) 222
(1246, 488) 223
(1247, 488) 224
(1248, 488) 225
(1256, 488) 226
(1263, 489) 227
(1269, 489) 228
(1275, 490) 229
(1280, 490) 230
(1284, 491) 231
(1289, 491) 232
(1292, 491) 233
(1296, 492) 234
(1299, 492) 235
(1301, 493) 236
(1304, 493) 237
(1314, 494) 238
(1323, 494) 239
(1330, 495) 240
(1338, 495) 241
(1345, 496) 242
(1352, 496) 243
(1359, 497) 244
(1365, 498) 245
(1371, 498) 246
(1376, 499) 247
(1381, 500) 248
(1385, 500) 249
(1389, 501) 250
(1392, 501) 251
(1395, 502) 252
(1398, 503) 253
(1401, 503) 254
(1401, 503) 255
(1401, 502) 256
(1401, 502) 257
(1402, 501) 258
(1402, 501) 259
(1403, 501) 260
(1403, 501) 261
(1406, 501) 262
(1409, 501) 263
(1409, 501) 264
(1410, 501) 265
(1409, 502) 266
(1404, 501) 267
(1400, 501) 268
(1397, 502) 269
(1393, 502) 270
(1389, 502) 271
(1384, 502) 272
(1381, 502) 273
(1373, 504) 274
(1366, 505) 275
(1360, 506) 276
(1355, 507) 277
(1350, 508) 278
(1346, 510) 279
(1342, 511) 280
(1338, 512) 281
(1335, 513) 282
(1332, 514) 283
(1330, 515) 284
(1325, 514) 285
(1321, 514) 286
(1318, 514) 287
(1308, 513) 288
(1300, 512) 289
(1293, 511) 290
(1287, 511) 291
(1282, 510) 292
(1278, 510) 293
(1277, 509) 294
(1274, 509) 295
(1270, 509) 296
(1267, 509) 297
(1262, 509) 298
(1256, 508) 299
(1245, 509) 300
(1241, 509) 301
(1240, 509) 302
(1230, 509) 303
(1216, 508) 304
(1208, 508) 305
(1200, 508) 306
(1195, 507) 307
(1189, 507) 308
(1184, 506) 309
(1181, 506) 310
(1176, 505) 311
(1172, 505) 312
(1170, 504) 313
(1169, 504) 314
(1167, 503) 315
(1167, 502) 316
(1165, 502) 317
(1162, 501) 318
(1162, 501) 319
(1160, 500) 320
(1158, 500) 321
(1155, 499) 322
(1146, 499) 323
(1134, 499) 324
(1123, 499) 325
(1114, 499) 326
(1105, 499) 327
(1097, 499) 328
(1090, 499) 329
(1084, 499) 330
(1078, 499) 331
(1073, 500) 332
(1068, 500) 333
(1064, 500) 334
(1061, 500) 335
(1057, 500) 336
(1054, 500) 337
(1044, 499) 338
(1035, 499) 339
(1027, 498) 340
(1019, 498) 341
(1015, 498) 342
(1014, 497) 343
(1014, 496) 344
(1015, 496) 345
(1022, 496) 346
(1024, 495) 347
(1027, 493) 348
(1028, 492) 349
(1031, 490) 350
(1033, 489) 351
(1034, 487) 352
(1038, 487) 353
(1041, 487) 354
(1043, 487) 355
(1046, 487) 356
(1048, 488) 357
(1050, 488) 358
(1052, 488) 359
(1053, 488) 360
(1061, 487) 361
(1068, 487) 362
(1072, 487) 363
(1078, 486) 364
(1084, 485) 365
(1089, 485) 366
(1096, 485) 367
(1101, 484) 368
(1101, 484) 369
(1101, 484) 370
(1101, 485) 371
(1106, 484) 372
(1110, 483) 373
(1117, 483) 374
(1120, 482) 375
(1123, 482) 376
(1123, 481) 377
(1123, 481) 378
(1123, 480) 379
(1125, 480) 380
(1125, 479) 381
(1120, 479) 382
(1919, 463) 265
(1919, 463) 266
(1920, 463) 267
(1919, 463) 268
(1919, 463) 269
(1918, 463) 270
(1918, 463) 271
(1917, 463) 272
(1917, 463) 273
(1916, 463) 274
(1909, 463) 275
(1902, 464) 276
(1896, 464) 277
(1889, 464) 278
(1882, 465) 279
(1875, 465) 280
(1869, 466) 281
(1863, 466) 282
(1857, 466) 283
(1851, 467) 284
(1843, 467) 285
(1837, 468) 286
(1831, 468) 287
(1825, 469) 288
(1820, 469) 289
(1816, 470) 290
(1812, 470) 291
(1808, 471) 292
(1805, 471) 293
(1802, 471) 294
(1800, 472) 295
(1797, 472) 296
(1795, 473) 297
(1793, 473) 298
(1792, 473) 299
(1785, 474) 300
(1780, 474) 301
(1780, 474) 302
(1782, 474) 303
(1786, 474) 304
(1792, 474) 305
(1799, 474) 306
(1806, 474) 307
(1819, 473) 308
(1831, 472) 309
(1838, 471) 310
(1838, 471) 311
(1838, 471) 312
(1835, 472) 313
(1832, 473) 314
(1830, 473) 315
(1832, 473) 316
(1834, 473) 317
(1841, 473) 318
(1840, 473) 319
(1839, 474) 320
(1838, 474) 321
(1838, 475) 322
(1837, 475) 323
(1836, 476) 324
(1836, 477) 325
(1835, 477) 326
(1835, 478) 327
(1835, 478) 328
(1834, 479) 329
(1834, 479) 330
(1834, 480) 331
(1833, 480) 332
(1833, 480) 333
(1833, 481) 334
(1833, 481) 335
(1833, 482) 336
(1832, 482) 337
(1832, 483) 338
(1830, 484) 339
(1832, 486) 340
(1834, 488) 341
(1836, 490) 342
(1838, 492) 343
(1839, 494) 344
(1840, 496) 345
(1842, 498) 346
(1724, 467) 267
(1721, 467) 268
(1718, 467) 269
(1714, 467) 270
(1705, 467) 271
(1697, 466) 272
(1690, 466) 273
(1683, 465) 274
(1682, 466) 275
(1680, 467) 276
(1679, 467) 277
(1678, 468) 278
(1671, 468) 279
(1665, 468) 280
(1660, 468) 281
(1648, 469) 282
(1634, 469) 283
(1622, 469) 284
(1613, 470) 285
(1606, 470) 286
(1598, 471) 287
(1594, 471) 288
(1590, 472) 289
(1587, 472) 290
(1585, 472) 291
(1583, 472) 292
(1580, 473) 293
(1579, 473) 294
(1576, 473) 295
(1576, 474) 296
(1577, 474) 297
(1579, 474) 298
(1582, 474) 299
(1584, 475) 300
(1586, 475) 301
(1588, 476) 302
(1588, 476) 303
(1587, 478) 304
(1587, 479) 305
(1589, 481) 306
(1591, 484) 307
(1593, 486) 308
(1596, 487) 309
(1601, 489) 310
(1606, 491) 311
(1617, 494) 312
(1626, 496) 313
(1638, 498) 314
(1650, 500) 315
(1660, 503) 316
(1664, 504) 317
(1669, 505) 318
(1673, 506) 319
(1676, 507) 320
(1677, 507) 321
(1679, 508) 322
(1682, 508) 323
(1682, 508) 324
(1683, 509) 325
(1684, 509) 326
(1686, 509) 327
(1686, 510) 328
(1682, 510) 329
(1684, 511) 330
(1686, 512) 331
(1687, 513) 332
(1689, 513) 333
(1692, 514) 334
(1698, 514) 335
(1702, 514) 336
(1705, 515) 337
(1708, 515) 338
(1705, 515) 339
(1703, 514) 340
(1701, 514) 341
(1700, 513) 342
(1698, 512) 343
(1697, 512) 344
(1696, 511) 345
(1695, 511) 346
(1695, 510) 347
(1694, 510) 348
(1694, 509) 349
(1693, 509) 350
(1693, 509) 351
(1692, 508) 352
(1692, 508) 353
(1691, 507) 354
(1691, 507) 355
(1691, 506) 356
(1691, 506) 357
(1690, 506) 358
(1690, 505) 359
(1682, 505) 360
(1676, 504) 361
(1670, 504) 362
(1668, 503) 363
(1668, 503) 364
(1669, 502) 365
(1672, 501) 366
(1675, 500) 367
(1678, 499) 368
(1682, 499) 369
(1685, 498) 370
(1688, 497) 371
(1687, 497) 372
(1685, 497) 373
(1683, 497) 374
(1678, 496) 375
(1673, 496) 376
(1668, 496) 377
(1667, 495) 378
(1667, 494) 379
(1667, 494) 380
(1667, 493) 381
(1666, 492) 382
(1665, 492) 383
(1664, 492) 384
(1663, 491) 385
(1662, 491) 386
(1661, 490) 387
(1661, 490) 388
(1660, 489) 389
(1660, 489) 390
(1661, 489) 391
(1662, 489) 392
(1662, 488) 393
(1662, 488) 394
(1663, 488) 395
(1666, 489) 396
(1665, 489) 397
(1664, 489) 398
(1659, 490) 399
(1651, 490) 400
(1643, 490) 401
(1637, 491) 402
(1631, 491) 403
(1626, 492) 404
(1621, 492) 405
(1616, 492) 406
(1613, 493) 407
(1604, 493) 408
(1589, 493) 409
(1576, 493) 410
(1568, 493) 411
(1554, 493) 412
(1541, 493) 413
(1527, 493) 414
(1516, 493) 415
(1505, 493) 416
(1498, 493) 417
(1491, 494) 418
(1485, 494) 419
(1480, 494) 420
(1476, 495) 421
(1473, 496) 422
(1465, 495) 423
(1462, 496) 424
(1458, 497) 425
(1455, 498) 426
(1453, 498) 427
(1453, 499) 428
(1454, 500) 429
(1462, 500) 430
(1468, 501) 431
(1474, 501) 432
(1480, 502) 433
(1483, 502) 434
(1485, 503) 435
(1488, 503) 436
(1488, 504) 437
(1489, 504) 438
(1489, 505) 439
(1494, 505) 440
(1499, 505) 441
(1505, 505) 442
(1511, 505) 443
(1519, 505) 444
(1527, 505) 445
(1533, 505) 446
(1539, 506) 447
(1544, 506) 448
(1549, 506) 449
(1553, 506) 450
(1557, 506) 451
(1560, 506) 452
(1564, 506) 453
(1566, 506) 454
(1569, 506) 455
(1571, 506) 456
(1573, 506) 457
(1573, 507) 458
(1573, 506) 459
(1570, 506) 460
(1561, 506) 461
(1553, 506) 462
(1546, 505) 463
(1545, 505) 464
(1545, 505) 465
(1544, 505) 466
(1544, 505) 467
(1543, 504) 468
(1537, 504) 469
(1532, 504) 470
(1527, 504) 471
(1523, 504) 472
(1519, 504) 473
(1516, 504) 474
(1506, 504) 475
(1497, 505) 476
(1489, 505) 477
(1481, 505) 478
(1480, 505) 479
(1474, 505) 480
(1474, 505) 481
(1473, 505) 482
(1473, 505) 483
(1473, 505) 484
(1473, 505) 485
(1467, 506) 486
(1461, 506) 487
(1455, 507) 488
(1450, 507) 489
(1445, 508) 490
(1440, 508) 491
(1435, 509) 492
(1430, 509) 493
(1428, 510) 494
(1426, 511) 495
(1424, 512) 496
(1423, 513) 497
(1423, 514) 498
(1428, 514) 499
(1434, 514) 500
(1441, 514) 501
(1447, 514) 502
(1453, 514) 503
(1459, 514) 504
(1465, 514) 505
(1472, 513) 506
(1479, 513) 507
(1492, 513) 508
(1504, 512) 509
(1514, 512) 510
(1524, 512) 511
(1532, 511) 512
(1540, 511) 513
(1547, 511) 514
(1547, 511) 515
(1546, 511) 516
(1544, 511) 517
(1542, 511) 518
(1541, 511) 519
(1539, 511) 520
(1538, 510) 521
(1537, 510) 522
(1536, 510) 523
(1535, 510) 524
(1534, 510) 525
(1525, 510) 526
(1518, 510) 527
(1511, 509) 528
(1505, 509) 529
(1495, 509) 530
(1487, 509) 531
(1480, 509) 532
(1473, 508) 533
(1467, 508) 534
(1462, 508) 535
(1458, 508) 536
(1453, 508) 537
(1450, 508) 538
(1447, 508) 539
(1444, 508) 540
(1441, 508) 541
(1439, 508) 542
(1437, 507) 543
(1435, 507) 544
(1434, 507) 545
(1432, 507) 546
(1431, 507) 547
(1429, 507) 548
(1428, 507) 549
(1427, 507) 550
(1426, 507) 551
(1426, 507) 552
(1432, 507) 553
(1433, 507) 554
(1435, 507) 555
(1436, 507) 556
(1440, 507) 557
(1443, 506) 558
(1445, 506) 559
(1448, 506) 560
(1450, 506) 561
(1452, 506) 562
(1454, 506) 563
(1456, 506) 564
(1791, 497) 308
(1795, 497) 309
(1799, 496) 310
(1803, 496) 311
(1806, 495) 312
(1809, 495) 313
(1812, 494) 314
(1820, 494) 315
(1828, 493) 316
(1835, 493) 317
(1842, 492) 318
(1847, 492) 319
(1854, 491) 320
(1864, 491) 321
(1872, 490) 322
(1880, 490) 323
(1887, 490) 324
(1893, 489) 325
(1900, 489) 326
(1906, 488) 327
(1913, 488) 328
(1919, 487) 329
(1919, 487) 330
(10, 486) 331
(14, 486) 332
(18, 485) 333
(22, 485) 334
(29, 485) 335
(39, 486) 336
(49, 487) 337
(57, 489) 338
(65, 490) 339
(71, 491) 340
(78, 493) 341
(83, 494) 342
(88, 495) 343
(93, 496) 344
(97, 497) 345
(100, 498) 346
(104, 499) 347
(107, 500) 348
(109, 501) 349
(112, 502) 350
(114, 503) 351
(116, 504) 352
(117, 505) 353
(119, 506) 354
(123, 508) 355
(126, 511) 356
(129, 513) 357
(132, 515) 358
(134, 516) 359
(136, 518) 360
(138, 520) 361
(140, 522) 362
(142, 524) 363
(143, 526) 364
(144, 527) 365
(146, 529) 366
(147, 531) 367
(148, 532) 368
(148, 534) 369
(149, 535) 370
(150, 537) 371
(150, 538) 372
(151, 540) 373
(151, 542) 374
(152, 544) 375
(152, 546) 376
(149, 549) 377
(145, 551) 378
(141, 554) 379
(138, 556) 380
(136, 559) 381
(133, 561) 382
(130, 563) 383
(128, 565) 384
(128, 566) 385
(128, 568) 386
(129, 570) 387
(129, 571) 388
(130, 573) 389
(132, 574) 390
(134, 575) 391
(1389, 505) 312
(1385, 504) 313
(1384, 504) 314
(1384, 504) 315
(1383, 504) 316
(1382, 504) 317
(1381, 504) 318
(1379, 504) 319
(1380, 504) 320
(1380, 504) 321
(1383, 504) 322
(1388, 504) 323
(1388, 504) 324
(1387, 504) 325
(1386, 504) 326
(1386, 504) 327
(1385, 504) 328
(1385, 504) 329
(1385, 504) 330
(1383, 503) 331
(1378, 503) 332
(1374, 502) 333
(1365, 502) 334
(1355, 502) 335
(1345, 502) 336
(1333, 502) 337
(1324, 502) 338
(1315, 502) 339
(1308, 502) 340
(1308, 502) 341
(1313, 502) 342
(1324, 501) 343
(1333, 501) 344
(1343, 501) 345
(1351, 500) 346
(1359, 500) 347
(1375, 499) 348
(1389, 499) 349
(1403, 499) 350
(1416, 498) 351
(1427, 498) 352
(1438, 498) 353
(1446, 498) 354
(1453, 499) 355
(1460, 499) 356
(1459, 499) 357
(1459, 499) 358
(1452, 499) 359
(1446, 499) 360
(1441, 499) 361
(1436, 499) 362
(1431, 499) 363
(1426, 499) 364
(1422, 499) 365
(1418, 499) 366
(1415, 499) 367
(1412, 499) 368
(1410, 499) 369
(1401, 499) 370
(1394, 499) 371
(1394, 499) 372
(1397, 500) 373
(1401, 500) 374
(1401, 500) 375
(1400, 500) 376
(1396, 500) 377
(1394, 500) 378
(1394, 500) 379
(1396, 500) 380
(1399, 500) 381
(1405, 501) 382
(1413, 501) 383
(1425, 501) 384
(1434, 501) 385
(1436, 501) 386
(1442, 502) 387
(1448, 502) 388
(1454, 503) 389
(1459, 504) 390
(1463, 504) 391
(1467, 505) 392
(1474, 505) 393
(1483, 506) 394
(1492, 506) 395
(1492, 506) 396
(1490, 506) 397
(1488, 507) 398
(1486, 507) 399
(1484, 507) 400
(1482, 507) 401
(1479, 507) 402
(1477, 508) 403
(1476, 508) 404
(1476, 508) 405
(1475, 508) 406
(1470, 508) 407
(1464, 509) 408
(280, 440) 329
(281, 439) 330
(283, 439) 331
(285, 438) 332
(286, 437) 333
(288, 437) 334
(289, 437) 335
(294, 436) 336
(299, 436) 337
(305, 436) 338
(311, 436) 339
(317, 436) 340
(322, 436) 341
(326, 436) 342
(331, 436) 343
(334, 436) 344
(338, 436) 345
(341, 436) 346
(343, 436) 347
(346, 436) 348
(348, 436) 349
(350, 437) 350
(352, 437) 351
(352, 437) 352
(351, 437) 353
(350, 438) 354
(348, 439) 355
(347, 440) 356
(345, 440) 357
(344, 441) 358
(344, 443) 359
(344, 444) 360
(343, 446) 361
(341, 446) 362
(339, 446) 363
(338, 447) 364
(336, 447) 365
(330, 447) 366
(324, 448) 367
(319, 448) 368
(314, 448) 369
(310, 448) 370
(312, 448) 371
(312, 448) 372
(313, 447) 373
(313, 448) 374
(314, 448) 375
(314, 448) 376
(314, 448) 377
(314, 448) 378
(314, 449) 379
(314, 449) 380
(314, 449) 381
(314, 450) 382
(314, 450) 383
(314, 451) 384
(319, 452) 385
(316, 452) 386
(313, 453) 387
(311, 454) 388
(311, 454) 389
(307, 455) 390
(304, 456) 391
(301, 457) 392
(299, 456) 393
(300, 456) 394
(302, 457) 395
(304, 457) 396
(306, 457) 397
(306, 457) 398
(304, 458) 399
(298, 458) 400
(292, 458) 401
(286, 458) 402
(281, 458) 403
(277, 458) 404
(273, 459) 405
(269, 459) 406
(261, 460) 407
(259, 460) 408
(257, 460) 409
(255, 460) 410
(254, 460) 411
(252, 460) 412
(251, 460) 413
(249, 460) 414
(248, 461) 415
(247, 461) 416
(246, 461) 417
(246, 461) 418
(245, 461) 419
(244, 461) 420
(244, 461) 421
(249, 462) 422
(254, 463) 423
(260, 464) 424
(264, 465) 425
(270, 466) 426
(276, 467) 427
(282, 467) 428
(286, 468) 429
(132, 580) 337
(132, 580) 338
(132, 579) 339
(132, 579) 340
(131, 580) 341
(127, 580) 342
(123, 581) 343
(123, 581) 344
(119, 582) 345
(116, 583) 346
(110, 583) 347
(105, 582) 348
(102, 582) 349
(100, 582) 350
(97, 582) 351
(94, 581) 352
(90, 580) 353
(89, 580) 354
(88, 580) 355
(88, 579) 356
(90, 580) 357
(93, 581) 358
(95, 581) 359
(97, 583) 360
(99, 584) 361
(102, 586) 362
(104, 586) 363
(108, 586) 364
(112, 587) 365
(116, 588) 366
(122, 588) 367
(127, 588) 368
(131, 588) 369
(134, 588) 370
(133, 587) 371
(131, 586) 372
(130, 585) 373
(124, 582) 374
(119, 580) 375
(115, 578) 376
(110, 575) 377
(107, 573) 378
(105, 571) 379
(105, 570) 380
(105, 570) 381
(105, 568) 382
(102, 567) 383
(101, 566) 384
(97, 564) 385
(88, 562) 386
(81, 560) 387
(75, 558) 388
(69, 557) 389
(62, 555) 390
(64, 553) 391
(65, 551) 392
(67, 550) 393
(75, 548) 394
(85, 547) 395
(91, 546) 396
(95, 545) 397
(99, 544) 398
(102, 543) 399
(102, 542) 400
(103, 543) 401
(109, 543) 402
(110, 544) 403
(115, 544) 404
(120, 544) 405
(120, 545) 406
(121, 546) 407
(120, 546) 408
(119, 547) 409
(116, 547) 410
(117, 547) 411
(117, 546) 412
(117, 546) 413
(117, 546) 414
(117, 546) 415
(117, 546) 416
(116, 546) 417
(113, 546) 418
(113, 546) 419
(114, 545) 420
(119, 545) 421
(119, 544) 422
(118, 544) 423
(116, 543) 424
(114, 542) 425
(112, 542) 426
(108, 541) 427
(100, 540) 428
(93, 539) 429
(86, 537) 430
(81, 536) 431
(75, 535) 432
(71, 534) 433
(67, 533) 434
(63, 532) 435
(59, 531) 436
(60, 530) 437
(60, 528) 438
(60, 527) 439
(60, 526) 440
(64, 526) 441
(68, 525) 442
(73, 525) 443
(77, 524) 444
(80, 523) 445
(84, 523) 446
(87, 522) 447
(89, 521) 448
(92, 521) 449
(94, 520) 450
(96, 519) 451
(98, 519) 452
(99, 518) 453
(101, 517) 454
(102, 517) 455
(111, 517) 456
(120, 516) 457
(131, 516) 458
(141, 516) 459
(151, 516) 460
(167, 515) 461
(183, 515) 462
(196, 515) 463
(208, 514) 464
(219, 513) 465
(229, 512) 466
(238, 511) 467
(246, 509) 468
(253, 508) 469
(259, 507) 470
(265, 506) 471
(270, 505) 472
(280, 505) 473
(288, 505) 474
(295, 505) 475
(301, 505) 476
(307, 504) 477
(312, 504) 478
(316, 504) 479
(320, 504) 480
(324, 504) 481
(328, 504) 482
(329, 504) 483
(330, 503) 484
(333, 502) 485
(336, 501) 486
(338, 500) 487
(341, 500) 488
(343, 499) 489
(343, 498) 490
(343, 497) 491
(341, 496) 492
(341, 496) 493
(340, 495) 494
(340, 494) 495
(340, 493) 496
(339, 492) 497
(341, 491) 498
(343, 490) 499
(345, 489) 500
(348, 488) 501
(352, 488) 502
(169, 544) 427
(169, 544) 428
(166, 543) 429
(163, 542) 430
(160, 541) 431
(158, 540) 432
(156, 540) 433
(154, 539) 434
(153, 538) 435
(151, 537) 436
(152, 537) 437
(153, 537) 438
(153, 536) 439
(152, 536) 440
(150, 535) 441
(148, 535) 442
(147, 535) 443
(145, 534) 444
(144, 534) 445
(142, 533) 446
(141, 533) 447
(140, 532) 448
(140, 532) 449
(139, 531) 450
(138, 531) 451
(137, 531) 452
(137, 530) 453
(136, 530) 454
(133, 531) 455
(130, 532) 456
(127, 533) 457
(124, 534) 458
(122, 535) 459
(120, 536) 460
(118, 537) 461
(119, 537) 462
(118, 537) 463
(117, 537) 464
(116, 538) 465
(116, 539) 466
(119, 540) 467
(123, 540) 468
(127, 541) 469
(126, 541) 470
(125, 540) 471
(123, 540) 472
(123, 540) 473
(123, 539) 474
(123, 539) 475
(123, 539) 476
(123, 538) 477
(123, 538) 478
(123, 538) 479
(123, 538) 480
(123, 537) 481
(119, 536) 482
(114, 535) 483
(111, 533) 484
(112, 532) 485
(113, 530) 486
(114, 530) 487
(116, 529) 488
(119, 529) 489
(124, 528) 490
(128, 527) 491
(131, 526) 492
(134, 525) 493
(136, 525) 494
(137, 524) 495
(139, 524) 496
(141, 523) 497
(143, 522) 498
(144, 522) 499
(145, 521) 500
(146, 520) 501
(147, 519) 502
(146, 519) 503
(144, 517) 504
(141, 516) 505
(138, 514) 506
(135, 513) 507
(133, 511) 508
(1788, 468) 485
(1786, 468) 486
(1781, 468) 487
(1777, 468) 488
(1773, 469) 489
(1769, 469) 490
(1766, 469) 491
(1762, 470) 492
(1759, 470) 493
(1755, 470) 494
(1752, 470) 495
(1751, 470) 496
(1750, 470) 497
(1750, 469) 498
(1750, 469) 499
(1751, 468) 500
(1752, 468) 501
(1752, 468) 502
(1752, 467) 503
(1751, 466) 504
(1750, 467) 505
(1749, 466) 506
(1742, 467) 507
(1736, 467) 508
(1730, 468) 509
(1724, 468) 510
(1720, 469) 511
(1715, 469) 512
(1712, 469) 513
(1708, 470) 514
(1704, 470) 515
(1701, 471) 516
(1698, 471) 517
(1695, 471) 518
(1692, 472) 519
(1690, 472) 520
(1688, 473) 521
(1686, 473) 522
(1685, 473) 523
(1683, 474) 524
(1682, 474) 525
(1682, 474) 526
(1682, 475) 527
(1680, 475) 528
(1680, 475) 529
(1679, 476) 530
(1679, 476) 531
(1679, 476) 532
(1677, 477) 533
(1675, 477) 534
(1673, 477) 535
(1671, 478) 536
(1671, 478) 537
(1673, 479) 538
(1676, 480) 539
(1679, 480) 540
(1682, 481) 541
(1684, 482) 542
(1682, 482) 543
(1680, 482) 544
(1677, 482) 545
(1676, 481) 546
(1673, 481) 547
(1667, 481) 548
(1655, 482) 549
(1642, 482) 550
(1629, 482) 551
(1617, 483) 552
(887, 563) 496
(887, 563) 497
(887, 563) 498
(887, 563) 499
(890, 563) 500
(894, 563) 501
(896, 564) 502
(900, 564) 503
(903, 564) 504
(904, 564) 505
(907, 565) 506
(907, 565) 507
(907, 566) 508
(907, 566) 509
(907, 566) 510
(907, 567) 511
(907, 567) 512
(906, 567) 513
(906, 567) 514
(906, 566) 515
(905, 566) 516
(904, 566) 517
(905, 566) 518
(903, 567) 519
(903, 567) 520
(903, 567) 521
(903, 567) 522
(903, 567) 523
(903, 567) 524
(904, 566) 525
(906, 565) 526
(904, 565) 527
(902, 564) 528
(901, 564) 529
(900, 564) 530
(895, 563) 531
(891, 563) 532
(890, 562) 533
(890, 562) 534
(890, 561) 535
(890, 560) 536
(890, 559) 537
(890, 559) 538
(887, 557) 539
(884, 556) 540
(882, 555) 541
(880, 553) 542
(878, 552) 543
(876, 551) 544
(875, 549) 545
(870, 550) 546
(866, 550) 547
(863, 550) 548
(860, 550) 549
(857, 550) 550
(854, 550) 551
(852, 550) 552
(850, 550) 553
(848, 550) 554
(847, 550) 555
(845, 550) 556
(844, 551) 557
(840, 550) 558
(583, 525) 599
(582, 525) 600
(582, 525) 601
(582, 525) 602
(582, 525) 603
(582, 525) 604
(582, 525) 605
(577, 524) 606
(573, 524) 607
(569, 524) 608
(565, 524) 609
(566, 524) 610
(568, 524) 611
(569, 524) 612
(570, 524) 613
(572, 524) 614
(578, 524) 615
(584, 524) 616
(590, 524) 617
(594, 524) 618
(595, 524) 619
(594, 524) 620
(590, 524) 621
(586, 524) 622
(582, 524) 623
(579, 524) 624
(576, 524) 625
(574, 524) 626
(572, 524) 627
(570, 524) 628
(568, 524) 629
(566, 524) 630
(565, 524) 631
(563, 524) 632
(564, 524) 633
(564, 524) 634
(567, 524) 635
(570, 524) 636
(574, 524) 637
(576, 524) 638
(578, 524) 639
(579, 524) 640
(582, 525) 641
(583, 525) 642
(583, 525) 643
(582, 524) 644
(579, 524) 645
(580, 524) 646
(579, 524) 647
(577, 524) 648
(574, 523) 649
(570, 523) 650
(567, 523) 651
(563, 523) 652
(559, 522) 653
(556, 522) 654
(552, 522) 655
(547, 522) 656
(542, 523) 657
(537, 523) 658
(537, 523) 659
(539, 523) 660
(544, 523) 661
(548, 524) 662
(552, 524) 663
(555, 524) 664
(558, 524) 665
(556, 524) 666
(553, 523) 667
(554, 524) 668
(555, 524) 669
(556, 524) 670
(556, 524) 671
(559, 524) 672
(561, 524) 673
(564, 524) 674
(562, 524) 675
(560, 524) 676
(562, 524) 677
(563, 524) 678
(566, 524) 679
(568, 524) 680
(569, 523) 681
(571, 523) 682
(575, 523) 683
(576, 523) 684
(578, 523) 685
(580, 523) 686
(579, 523) 687
(579, 522) 688
(578, 522) 689
(575, 522) 690
(566, 521) 691
(558, 521) 692
(551, 520) 693
(547, 519) 694
(544, 519) 695
(541, 518) 696
(541, 518) 697
(543, 517) 698
(546, 517) 699
(549, 516) 700
(549, 516) 701
(549, 516) 702
(551, 516) 703
(549, 515) 704
(548, 515) 705
(545, 514) 706
(540, 513) 707
(541, 512) 708
(544, 512) 709
(547, 511) 710
(552, 511) 711
(550, 510) 712
(551, 510) 713
(552, 510) 714
(552, 509) 715
(552, 509) 716
(549, 509) 717
(545, 509) 718
(547, 509) 719
(548, 508) 720
(550, 507) 721
(553, 506) 722
(557, 506) 723
(561, 505) 724
(564, 504) 725
(567, 503) 726
(565, 504) 727
(564, 504) 728
(563, 505) 729
(561, 505) 730
(561, 506) 731
(560, 506) 732
(559, 507) 733
(558, 507) 734
(558, 508) 735
(551, 507) 736
(546, 507) 737
(536, 508) 738
(528, 507) 739
(522, 507) 740
(517, 508) 741
(512, 508) 742
(509, 508) 743
(506, 508) 744
(508, 508) 745
(508, 508) 746
(512, 508) 747
(513, 508) 748
(519, 508) 749
(524, 508) 750
(531, 508) 751
(537, 508) 752
(543, 509) 753
(548, 509) 754
(552, 510) 755
(560, 510) 756
(564, 510) 757
(568, 510) 758
(572, 510) 759
(576, 510) 760
(579, 509) 761
(582, 509) 762
(585, 509) 763
(588, 509) 764
(589, 509) 765
(590, 510) 766
(591, 510) 767
(592, 510) 768
(593, 510) 769
(594, 510) 770
(595, 510) 771
(595, 510) 772
(596, 510) 773
(596, 510) 774
(597, 510) 775
(597, 510) 776
(598, 510) 777
(598, 510) 778
(598, 510) 779
(599, 511) 780
(598, 511) 781
(596, 510) 782
(593, 510) 783
(590, 510) 784
(588, 510) 785
(586, 509) 786
(584, 509) 787
(582, 509) 788
(581, 509) 789
(577, 509) 790
(573, 508) 791
(569, 508) 792
(565, 508) 793
(558, 508) 794
(558, 508) 795
(558, 508) 796
(558, 508) 797
(558, 508) 798
(558, 508) 799
(558, 508) 800
(558, 507) 801
(558, 507) 802
(558, 507) 803
(558, 507) 804
(558, 507) 805
(558, 507) 806
(558, 507) 807
(558, 507) 808
(558, 507) 809
(556, 507) 810
(553, 507) 811
(551, 507) 812
(549, 507) 813
(547, 507) 814
(545, 507) 815
(543, 508) 816
(541, 508) 817
(540, 509) 818
(539, 509) 819
(537, 509) 820
(536, 510) 821
(534, 510) 822
(532, 510) 823
(530, 511) 824
(528, 511) 825
(526, 511) 826
(524, 511) 827
(522, 511) 828
(519, 512) 829
(517, 512) 830
(509, 512) 831
(503, 512) 832
(500, 512) 833
(498, 512) 834
(495, 512) 835
(492, 512) 836
(492, 512) 837
(488, 512) 838
(483, 511) 839
(478, 510) 840
(474, 510) 841
(468, 509) 842
(461, 508) 843
(448, 507) 844
(437, 506) 845
(427, 505) 846
(418, 504) 847
(410, 503) 848
(403, 501) 849
(393, 500) 850
(380, 499) 851
(366, 498) 852
(348, 497) 853
(331, 496) 854
(315, 495) 855
(301, 494) 856
(288, 493) 857
(277, 492) 858
(266, 492) 859
(256, 491) 860
(249, 491) 861
(241, 492) 862
(1463, 461) 613
(1461, 461) 614
(1459, 461) 615
(1457, 461) 616
(1455, 461) 617
(1452, 461) 618
(1450, 461) 619
(1448, 461) 620
(1446, 461) 621
(1444, 461) 622
(1443, 461) 623
(1441, 461) 624
(1440, 461) 625
(1439, 461) 626
(1438, 461) 627
(1437, 461) 628
(1436, 461) 629
(1436, 461) 630
(1435, 461) 631
(1434, 461) 632
(1427, 461) 633
(1420, 462) 634
(1413, 462) 635
(1406, 462) 636
(1400, 463) 637
(1391, 463) 638
(1383, 463) 639
(1375, 463) 640
(1367, 464) 641
(1359, 464) 642
(1352, 464) 643
(1345, 464) 644
(1339, 464) 645
(1333, 464) 646
(1333, 465) 647
(1333, 466) 648
(1334, 466) 649
(1335, 467) 650
(1337, 467) 651
(1339, 468) 652
(1341, 469) 653
(1341, 469) 654
(1341, 470) 655
(1338, 470) 656
(1336, 471) 657
(1334, 471) 658
(1334, 472) 659
(1337, 472) 660
(1346, 473) 661
(1354, 473) 662
(1360, 473) 663
(1367, 474) 664
(1372, 474) 665
(1377, 474) 666
(1382, 475) 667
(1392, 476) 668
(1400, 476) 669
(1407, 477) 670
(1413, 478) 671
(1418, 478) 672
(1424, 478) 673
(1428, 479) 674
(1432, 479) 675
(1429, 479) 676
(1426, 478) 677
(1424, 478) 678
(1421, 478) 679
(1418, 477) 680
(1416, 477) 681
(1415, 477) 682
(1415, 477) 683
(1422, 477) 684
(1429, 477) 685
(1434, 477) 686
(1439, 477) 687
(1443, 477) 688
(1447, 477) 689
(1451, 476) 690
(1454, 476) 691
(1457, 476) 692
(1460, 476) 693
(1462, 476) 694
(1464, 476) 695
(1473, 477) 696
(1481, 477) 697
(1487, 478) 698
(1489, 478) 699
(1491, 479) 700
(1494, 480) 701
(1496, 481) 702
(1498, 481) 703
(1500, 482) 704
(1498, 483) 705
(1489, 483) 706
(1481, 484) 707
(1473, 485) 708
(1465, 486) 709
(1457, 487) 710
(1454, 487) 711
(1447, 488) 712
(1439, 489) 713
(1432, 490) 714
(1426, 491) 715
(1420, 492) 716
(1415, 493) 717
(1410, 494) 718
(1414, 495) 719
(1417, 495) 720
(1417, 495) 721
(1416, 495) 722
(1413, 496) 723
(1410, 496) 724
(1410, 496) 725
(1419, 496) 726
(1426, 496) 727
(1433, 495) 728
(1430, 495) 729
(1428, 495) 730
(1426, 495) 731
(1424, 495) 732
(1422, 495) 733
(1420, 495) 734
(1419, 495) 735
(1409, 495) 736
(1401, 494) 737
(1395, 494) 738
(1390, 494) 739
(1386, 494) 740
(1382, 494) 741
(1379, 494) 742
(1376, 494) 743
(1373, 494) 744
(1373, 493) 745
(1377, 494) 746
(1384, 493) 747
(1391, 492) 748
(1398, 491) 749
(1399, 491) 750
(1400, 490) 751
(1401, 489) 752
(1403, 489) 753
(1406, 489) 754
(1409, 489) 755
(1411, 490) 756
(1413, 490) 757
(1415, 490) 758
(1416, 490) 759
(1416, 490) 760
(1415, 491) 761
(1415, 491) 762
(1414, 492) 763
(1414, 492) 764
(1414, 492) 765
(1415, 493) 766
(1416, 493) 767
(1418, 494) 768
(1420, 494) 769
(1422, 495) 770
(1424, 495) 771
(1426, 496) 772
(1427, 496) 773
(1428, 497) 774
(1434, 496) 775
(1439, 496) 776
(1444, 496) 777
(1449, 496) 778
(1452, 496) 779
(1456, 496) 780
(1459, 496) 781
(1462, 496) 782
(1464, 496) 783
(1467, 496) 784
(1469, 496) 785
(1470, 496) 786
(1472, 496) 787
(1474, 496) 788
(1475, 496) 789
(1476, 496) 790
(1477, 496) 791
(1483, 496) 792
(1489, 496) 793
(1493, 497) 794
(1493, 497) 795
(1491, 497) 796
(1490, 497) 797
(1490, 498) 798
(1489, 499) 799
(1488, 499) 800
(1485, 500) 801
(1483, 501) 802
(1481, 502) 803
(1479, 502) 804
(1477, 503) 805
(1476, 504) 806
(1474, 504) 807
(1473, 505) 808
(1472, 506) 809
(1471, 506) 810
(1470, 507) 811
(1469, 508) 812
(1469, 508) 813
(1468, 509) 814
(1467, 509) 815
(1463, 509) 816
(1460, 510) 817
(1459, 510) 818
(1459, 510) 819
(1463, 509) 820
(1467, 509) 821
(1467, 509) 822
(1468, 510) 823
(1469, 510) 824
(1472, 510) 825
(1472, 509) 826
(1471, 509) 827
(1468, 508) 828
(1465, 508) 829
(1462, 507) 830
(1459, 507) 831
(1456, 506) 832
(1446, 505) 833
(1428, 505) 834
(1412, 504) 835
(1403, 503) 836
(1402, 503) 837
(1402, 503) 838
(1402, 503) 839
(1399, 503) 840
(1397, 503) 841
(1397, 503) 842
(1397, 503) 843
(1397, 503) 844
(1398, 503) 845
(1400, 502) 846
(1403, 502) 847
(1406, 501) 848
(1410, 501) 849
(1413, 500) 850
(1417, 500) 851
(1419, 499) 852
(1422, 499) 853
(1424, 499) 854
(1426, 500) 855
(1426, 500) 856
(1425, 500) 857
(1419, 501) 858
(1414, 502) 859
(1412, 502) 860
(1408, 502) 861
(1405, 502) 862
(1408, 502) 863
(1409, 503) 864
(1411, 503) 865
(1412, 504) 866
(1414, 504) 867
(1415, 504) 868
(1415, 505) 869
(1410, 504) 870
(1406, 504) 871
(1405, 503) 872
(1405, 503) 873
(1405, 503) 874
(1403, 503) 875
(1399, 502) 876
(1388, 502) 877
(1379, 502) 878
(1370, 502) 879
(1362, 502) 880
(1356, 501) 881
(1349, 501) 882
(1344, 501) 883
(1339, 501) 884
(1334, 501) 885
(1330, 501) 886
(1326, 501) 887
(1323, 500) 888
(1320, 500) 889
(1318, 500) 890
(1315, 500) 891
(1315, 500) 892
(1318, 500) 893
(1322, 501) 894
(1329, 501) 895
(1335, 502) 896
(1340, 502) 897
(1345, 503) 898
(1349, 503) 899
(1350, 504) 900
(1349, 504) 901
(1345, 504) 902
(1334, 504) 903
(1323, 503) 904
(1318, 502) 905
(1313, 502) 906
(1306, 502) 907
(1300, 501) 908
(1294, 502) 909
(1289, 502) 910
(1283, 502) 911
(1277, 503) 912
(1274, 505) 913
(1270, 506) 914
(1267, 508) 915
(1265, 509) 916
(1265, 511) 917
(1266, 512) 918
(1266, 513) 919
(1266, 514) 920
(1267, 516) 921
(1267, 517) 922
(1267, 518) 923
(1267, 519) 924
(1268, 520) 925
(1268, 522) 926
(1268, 523) 927
(1268, 524) 928
(1273, 523) 929
(1284, 522) 930
(1296, 521) 931
(1307, 520) 932
(1317, 520) 933
(1325, 519) 934
(1331, 517) 935
(1336, 516) 936
(1341, 515) 937
(1345, 514) 938
(1348, 513) 939
(1352, 512) 940
(1355, 511) 941
(1357, 511) 942
(1365, 511) 943
(1375, 511) 944
(1384, 511) 945
(1392, 511) 946
(1399, 512) 947
(1405, 512) 948
(1411, 512) 949
(1416, 512) 950
(1421, 512) 951
(1425, 512) 952
(1429, 513) 953
(1433, 513) 954
(1436, 513) 955
(1438, 513) 956
(1441, 513) 957
(1443, 513) 958
(1445, 513) 959
(1447, 514) 960
(1449, 514) 961
(1450, 514) 962
(1459, 514) 963
(1467, 514) 964
(1474, 514) 965
(1481, 514) 966
(1487, 514) 967
(1492, 514) 968
(1490, 514) 969
(1487, 514) 970
(1485, 514) 971
(1483, 514) 972
(1481, 514) 973
(1480, 514) 974
(1473, 514) 975
(1466, 514) 976
(1460, 514) 977
(1454, 515) 978
(1449, 515) 979
(1444, 515) 980
(1439, 515) 981
(1436, 515) 982
(1433, 515) 983
(1428, 515) 984
(1424, 515) 985
(1419, 515) 986
(1416, 515) 987
(1411, 515) 988
(1407, 515) 989
(1403, 515) 990
(1399, 515) 991
(1395, 515) 992
(1391, 515) 993
(89, 500) 659
(89, 500) 660
(89, 500) 661
(89, 500) 662
(89, 500) 663
(89, 500) 664
(89, 500) 665
(90, 500) 666
(90, 500) 667
(95, 499) 668
(101, 497) 669
(106, 496) 670
(110, 495) 671
(114, 494) 672
(120, 494) 673
(126, 493) 674
(130, 493) 675
(135, 493) 676
(138, 492) 677
(138, 493) 678
(136, 494) 679
(134, 495) 680
(132, 496) 681
(131, 497) 682
(129, 498) 683
(128, 499) 684
(131, 500) 685
(130, 501) 686
(129, 501) 687
(127, 502) 688
(126, 503) 689
(126, 504) 690
(125, 504) 691
(125, 505) 692
(125, 506) 693
(125, 507) 694
(127, 508) 695
(129, 509) 696
(132, 510) 697
(135, 511) 698
(138, 512) 699
(143, 513) 700
(145, 513) 701
(148, 514) 702
(150, 515) 703
(152, 517) 704
(155, 518) 705
(156, 519) 706
(156, 521) 707
(157, 522) 708
(157, 524) 709
(158, 525) 710
(158, 527) 711
(158, 528) 712
(159, 530) 713
(159, 531) 714
(159, 532) 715
(159, 534) 716
(160, 535) 717
(160, 536) 718
(159, 536) 719
(159, 535) 720
(158, 535) 721
(158, 534) 722
(159, 535) 723
(162, 535) 724
(165, 536) 725
(165, 536) 726
(168, 536) 727
(1569, 516) 671
(1569, 515) 672
(1570, 515) 673
(1571, 515) 674
(1572, 514) 675
(1580, 514) 676
(1587, 514) 677
(1593, 513) 678
(1592, 513) 679
(1591, 513) 680
(1589, 513) 681
(1587, 513) 682
(1587, 513) 683
(1586, 512) 684
(1585, 512) 685
(1585, 512) 686
(1585, 511) 687
(1585, 511) 688
(1584, 511) 689
(1583, 510) 690
(1582, 510) 691
(1581, 510) 692
(1581, 509) 693
(1581, 509) 694
(1582, 509) 695
(1584, 508) 696
(1585, 508) 697
(1586, 508) 698
(1587, 508) 699
(1588, 508) 700
(1588, 507) 701
(1589, 507) 702
(1590, 507) 703
(1590, 507) 704
(1591, 507) 705
(1594, 506) 706
(1596, 505) 707
(1599, 505) 708
(1602, 504) 709
(1604, 503) 710
(1606, 503) 711
(1604, 502) 712
(1598, 502) 713
(1592, 502) 714
(1587, 502) 715
(1582, 502) 716
(1578, 501) 717
(1574, 501) 718
(1570, 501) 719
(1567, 501) 720
(1565, 501) 721
(1562, 501) 722
(1556, 500) 723
(1550, 500) 724
(1548, 500) 725
(1547, 500) 726
(1547, 500) 727
(1546, 499) 728
(1545, 499) 729
(1543, 500) 730
(1541, 500) 731
(1539, 500) 732
(1536, 501) 733
(1534, 502) 734
(1533, 502) 735
(1531, 503) 736
(1530, 504) 737
(1530, 504) 738
(1529, 505) 739
(1529, 506) 740
(1194, 356) 673
(1194, 356) 674
(1194, 356) 675
(1194, 356) 676
(1193, 356) 677
(1193, 356) 678
(1193, 356) 679
(1194, 355) 680
(1194, 355) 681
(1195, 355) 682
(1196, 355) 683
(1197, 354) 684
(1198, 354) 685
(1199, 354) 686
(1200, 354) 687
(1200, 354) 688
(1201, 353) 689
(1201, 353) 690
(1204, 354) 691
(1205, 355) 692
(1205, 356) 693
(1204, 357) 694
(1205, 359) 695
(1205, 360) 696
(1205, 361) 697
(1204, 362) 698
(1203, 363) 699
(1201, 364) 700
(1193, 366) 701
(1182, 368) 702
(1172, 370) 703
(1162, 372) 704
(1153, 373) 705
(1143, 375) 706
(1134, 377) 707
(1124, 379) 708
(1114, 381) 709
(1106, 382) 710
(1098, 384) 711
(1091, 386) 712
(1091, 388) 713
(1092, 391) 714
(1096, 394) 715
(1100, 397) 716
(1103, 400) 717
(1106, 402) 718
(1106, 405) 719
(1105, 407) 720
(1106, 409) 721
(1108, 411) 722
(1110, 413) 723
(1114, 414) 724
(1126, 416) 725
(1139, 418) 726
(1151, 420) 727
(1163, 422) 728
(1173, 424) 729
(1182, 426) 730
(1191, 428) 731
(1198, 430) 732
(1205, 431) 733
(1211, 433) 734
(1216, 435) 735
(1221, 437) 736
(1226, 438) 737
(1230, 440) 738
(1227, 441) 739
(1222, 441) 740
(1218, 442) 741
(1215, 443) 742
(1212, 444) 743
(1209, 445) 744
(1209, 446) 745
(229, 505) 792
(229, 505) 793
(228, 505) 794
(227, 506) 795
(226, 506) 796
(225, 506) 797
(223, 507) 798
(222, 507) 799
(220, 507) 800
(219, 507) 801
(218, 507) 802
(217, 508) 803
(216, 508) 804
(216, 508) 805
(215, 508) 806
(214, 508) 807
(214, 509) 808
(213, 509) 809
(213, 509) 810
(213, 509) 811
(212, 509) 812
(212, 510) 813
(212, 510) 814
(211, 510) 815
(207, 511) 816
(203, 512) 817
(199, 512) 818
(197, 513) 819
(194, 514) 820
(198, 514) 821
(196, 514) 822
(195, 515) 823
(193, 515) 824
(192, 516) 825
(191, 516) 826
(190, 517) 827
(190, 517) 828
(189, 518) 829
(188, 518) 830
(188, 518) 831
(187, 519) 832
(187, 519) 833
(186, 520) 834
(186, 520) 835
(191, 519) 836
(196, 518) 837
(200, 518) 838
(204, 517) 839
(207, 516) 840
(210, 515) 841
(213, 515) 842
(216, 514) 843
(218, 513) 844
(220, 512) 845
(222, 512) 846
(223, 511) 847
(225, 510) 848
(226, 510) 849
(227, 509) 850
(228, 509) 851
(229, 508) 852
(237, 506) 853
(243, 505) 854
(249, 503) 855
(255, 501) 856
(261, 500) 857
(266, 498) 858
(270, 496) 859
(275, 495) 860
(280, 493) 861
(287, 492) 862
(295, 491) 863
(301, 490) 864
(307, 489) 865
(312, 488) 866
(317, 487) 867
(321, 486) 868
(325, 485) 869
(329, 484) 870
(332, 484) 871
(336, 483) 872
(338, 482) 873
(341, 482) 874
(350, 482) 875
(358, 482) 876
(371, 483) 877
(383, 484) 878
(394, 484) 879
(404, 485) 880
(412, 486) 881
(421, 486) 882
(429, 487) 883
(434, 487) 884
(439, 487) 885
(445, 488) 886
(446, 489) 887
(450, 489) 888
(453, 490) 889
(456, 490) 890
(459, 490) 891
(462, 491) 892
(464, 491) 893
(466, 491) 894
(472, 491) 895
(474, 491) 896
(476, 491) 897
(476, 492) 898
(477, 492) 899
(478, 492) 900
(480, 492) 901
(481, 492) 902
(481, 492) 903
(481, 492) 904
(480, 493) 905
(479, 493) 906
(476, 494) 907
(476, 494) 908
(473, 495) 909
(467, 495) 910
(462, 495) 911
(457, 495) 912
(455, 496) 913
(452, 496) 914
(452, 496) 915
(452, 497) 916
(452, 497) 917
(451, 497) 918
(449, 497) 919
(450, 498) 920
(450, 498) 921
(450, 498) 922
(451, 499) 923
(450, 500) 924
(450, 501) 925
(448, 501) 926
(447, 502) 927
(446, 502) 928
(446, 502) 929
(448, 503) 930
(449, 503) 931
(450, 504) 932
(450, 504) 933
(451, 505) 934
(451, 506) 935
(453, 507) 936
(455, 507) 937
(457, 507) 938
(459, 508) 939
(461, 508) 940
(463, 508) 941
(464, 509) 942
(465, 509) 943
(470, 509) 944
(473, 510) 945
(477, 510) 946
(480, 510) 947
(483, 510) 948
(486, 510) 949
(488, 510) 950
(490, 511) 951
(492, 511) 952
(494, 511) 953
(495, 511) 954
(497, 511) 955
(498, 512) 956
(499, 512) 957
(500, 512) 958
(501, 512) 959
(502, 512) 960
(503, 512) 961
(503, 512) 962
(504, 513) 963
(505, 513) 964
(505, 513) 965
(506, 513) 966
(506, 513) 967
(506, 513) 968
(506, 513) 969
(508, 513) 970
(508, 512) 971
(508, 512) 972
(504, 512) 973
(501, 511) 974
(502, 511) 975
(504, 511) 976
(505, 511) 977
(506, 511) 978
(508, 510) 979
(509, 510) 980
(511, 510) 981
(512, 510) 982
(513, 510) 983
(514, 509) 984
(515, 509) 985
(517, 510) 986
(519, 510) 987
(521, 511) 988
(522, 511) 989
(524, 512) 990
(525, 512) 991
(526, 513) 992
(527, 513) 993
(528, 514) 994
(529, 514) 995
(529, 514) 996
(532, 514) 997
(534, 514) 998
(533, 514) 999
(533, 514) 1000
(532, 513) 1001
(531, 513) 1002
(530, 513) 1003
(529, 513) 1004
(529, 513) 1005
(528, 512) 1006
(528, 512) 1007
(528, 512) 1008
(528, 512) 1009
(529, 512) 1010
(530, 512) 1011
(529, 512) 1012
(527, 512) 1013
(525, 512) 1014
(524, 512) 1015
(522, 512) 1016
(521, 511) 1017
(520, 511) 1018
(519, 511) 1019
(518, 511) 1020
(517, 511) 1021
(516, 511) 1022
(515, 511) 1023
(515, 511) 1024
(514, 511) 1025
(514, 511) 1026
(513, 511) 1027
(513, 511) 1028
(516, 511) 1029
(519, 511) 1030
(517, 511) 1031
(1237, 487) 832
(1237, 487) 833
(1237, 487) 834
(1237, 487) 835
(1237, 487) 836
(1237, 487) 837
(1237, 487) 838
(1237, 487) 839
(1237, 487) 840
(1237, 487) 841
(1237, 487) 842
(1237, 487) 843
(1237, 487) 844
(1237, 487) 845
(1237, 487) 846
(1237, 487) 847
(1237, 487) 848
(1237, 487) 849
(1229, 487) 850
(1224, 487) 851
(1220, 486) 852
(1217, 486) 853
(1213, 485) 854
(1210, 485) 855
(1210, 484) 856
(1208, 484) 857
(1205, 483) 858
(1203, 482) 859
(1199, 481) 860
(1195, 481) 861
(1192, 480) 862
(1189, 480) 863
(1186, 479) 864
(1184, 478) 865
(1182, 478) 866
(1180, 477) 867
(1178, 477) 868
(1177, 476) 869
(1176, 476) 870
(1173, 476) 871
(1172, 476) 872
(1171, 476) 873
(1171, 477) 874
(1171, 477) 875
(1171, 477) 876
(1171, 477) 877
(1171, 478) 878
(1172, 478) 879
(1172, 478) 880
(1166, 479) 881
(1160, 479) 882
(1156, 480) 883
(1151, 480) 884
(1147, 481) 885
(1144, 482) 886
(1140, 482) 887
(1133, 483) 888
(1126, 484) 889
(1120, 484) 890
(1115, 485) 891
(1115, 485) 892
(1111, 485) 893
(1100, 486) 894
(1083, 487) 895
(1068, 488) 896
(1055, 489) 897
(1048, 491) 898
(1042, 492) 899
(1043, 493) 900
(1045, 493) 901
(1046, 493) 902
(1047, 493) 903
(1048, 493) 904
(1048, 494) 905
(1054, 494) 906
(1060, 494) 907
(1063, 495) 908
(1066, 495) 909
(1069, 495) 910
(1071, 495) 911
(1071, 495) 912
(1068, 495) 913
(1066, 495) 914
(1064, 495) 915
(1062, 495) 916
(1060, 495) 917
(1059, 495) 918
(1058, 495) 919
(1057, 495) 920
(1057, 495) 921
(1058, 495) 922
(1057, 495) 923
(1057, 495) 924
(1056, 495) 925
(1059, 496) 926
