(909, 311) 20
(909, 310) 21
(909, 310) 22
(909, 310) 23
(909, 310) 24
(909, 310) 25
(908, 310) 26
(908, 310) 27
(908, 310) 28
(908, 310) 29
(908, 310) 30
(908, 310) 31
(908, 310) 32
(908, 310) 33
(909, 309) 34
(909, 309) 35
(910, 309) 36
(911, 309) 37
(915, 310) 38
(919, 312) 39
(923, 313) 40
(926, 314) 41
(922, 316) 42
(920, 319) 43
(918, 321) 44
(915, 323) 45
(913, 325) 46
(912, 327) 47
(913, 328) 48
(915, 329) 49
(917, 330) 50
(919, 331) 51
(918, 332) 52
(918, 333) 53
(917, 334) 54
(919, 333) 55
(920, 334) 56
(920, 335) 57
(921, 336) 58
(921, 337) 59
(921, 338) 60
(924, 340) 61
(927, 342) 62
(930, 344) 63
(932, 345) 64
(935, 347) 65
(937, 349) 66
(936, 351) 67
(936, 351) 68
(934, 352) 69
(932, 352) 70
(930, 352) 71
(928, 352) 72
(928, 354) 73
(928, 355) 74
(929, 356) 75
(929, 357) 76
(929, 357) 77
(929, 358) 78
(925, 359) 79
(921, 361) 80
(918, 363) 81
(914, 365) 82
(910, 367) 83
(906, 369) 84
(902, 373) 85
(899, 376) 86
(897, 379) 87
(895, 382) 88
(894, 385) 89
(896, 389) 90
(582, 540) 63
(582, 540) 64
(584, 540) 65
(585, 540) 66
(587, 540) 67
(588, 540) 68
(590, 541) 69
(591, 541) 70
(591, 541) 71
(592, 541) 72
(593, 541) 73
(594, 541) 74
(594, 541) 75
(595, 541) 76
(595, 541) 77
(595, 541) 78
(596, 541) 79
(596, 541) 80
(596, 541) 81
(597, 541) 82
(597, 541) 83
(597, 541) 84
(597, 541) 85
(597, 541) 86
(598, 541) 87
(601, 541) 88
(605, 540) 89
(608, 540) 90
(611, 539) 91
(613, 539) 92
(616, 539) 93
(618, 538) 94
(620, 538) 95
(622, 538) 96
(623, 538) 97
(625, 537) 98
(626, 537) 99
(627, 537) 100
(629, 537) 101
(630, 536) 102
(631, 536) 103
(631, 536) 104
(632, 536) 105
(633, 535) 106
(634, 535) 107
(635, 535) 108
(635, 535) 109
(636, 535) 110
(636, 534) 111
(636, 534) 112
(636, 534) 113
(637, 534) 114
(637, 534) 115
(637, 534) 116
(637, 534) 117
(637, 534) 118
(637, 534) 119
(637, 534) 120
(637, 534) 121
(637, 534) 122
(637, 534) 123
(637, 534) 124
(637, 534) 125
(636, 534) 126
(636, 534) 127
(636, 534) 128
(639, 534) 129
(1740, 399) 67
(1741, 399) 68
(1742, 399) 69
(1744, 397) 70
(1744, 395) 71
(1743, 394) 72
(1740, 393) 73
(1739, 392) 74
(1736, 391) 75
(1734, 390) 76
(1732, 389) 77
(1732, 388) 78
(1732, 386) 79
(1730, 385) 80
(1728, 384) 81
(1724, 383) 82
(1725, 381) 83
(1725, 380) 84
(1725, 379) 85
(1725, 378) 86
(1720, 377) 87
(1718, 376) 88
(1716, 375) 89
(1714, 374) 90
(1713, 373) 91
(1711, 372) 92
(1705, 373) 93
(1700, 373) 94
(1701, 373) 95
(1708, 372) 96
(1711, 372) 97
(1713, 372) 98
(1717, 371) 99
(1721, 371) 100
(1723, 371) 101
(1725, 371) 102
(1726, 370) 103
(1727, 370) 104
(1728, 371) 105
(1728, 372) 106
(1728, 372) 107
(1729, 373) 108
(1726, 373) 109
(1723, 374) 110
(1722, 375) 111
(1719, 376) 112
(1716, 377) 113
(1713, 378) 114
(1706, 379) 115
(1706, 381) 116
(1708, 382) 117
(1710, 383) 118
(1711, 384) 119
(1713, 385) 120
(1714, 386) 121
(1715, 387) 122
(1716, 388) 123
(1716, 389) 124
(1712, 390) 125
(1709, 392) 126
(1701, 393) 127
(1695, 394) 128
(1689, 396) 129
(1684, 397) 130
(1682, 398) 131
(1681, 399) 132
(1680, 401) 133
(1680, 402) 134
(1679, 403) 135
(1678, 404) 136
(1678, 405) 137
(1677, 407) 138
(1676, 408) 139
(1676, 409) 140
(1676, 410) 141
(1675, 411) 142
(1675, 412) 143
(1674, 411) 144
(1672, 410) 145
(1671, 409) 146
(1669, 408) 147
(1668, 407) 148
(1666, 406) 149
(1659, 406) 150
(1651, 406) 151
(1645, 406) 152
(1639, 405) 153
(1634, 405) 154
(1630, 404) 155
(1626, 404) 156
(1622, 404) 157
(1622, 403) 158
(1619, 403) 159
(1615, 403) 160
(1609, 403) 161
(1599, 403) 162
(1590, 402) 163
(1587, 402) 164
(1587, 402) 165
(1587, 401) 166
(1587, 400) 167
(1587, 400) 168
(1587, 399) 169
(1587, 399) 170
(1587, 398) 171
(1587, 398) 172
(1588, 397) 173
(1584, 397) 174
(1581, 397) 175
(1578, 396) 176
(1575, 396) 177
(1572, 396) 178
(1570, 396) 179
(1568, 395) 180
(1566, 395) 181
(1558, 395) 182
(1549, 395) 183
(1539, 396) 184
(1530, 396) 185
(1522, 397) 186
(1514, 397) 187
(1509, 397) 188
(1502, 397) 189
(1496, 398) 190
(1491, 399) 191
(1487, 399) 192
(1483, 400) 193
(1481, 400) 194
(1478, 401) 195
(1477, 401) 196
(1477, 402) 197
(1477, 402) 198
(1476, 403) 199
(1476, 403) 200
(1474, 404) 201
(1472, 404) 202
(1471, 405) 203
(1471, 406) 204
(1466, 407) 205
(1463, 407) 206
(1459, 408) 207
(1455, 409) 208
(1452, 410) 209
(1451, 410) 210
(1453, 412) 211
(1456, 413) 212
(1453, 414) 213
(1450, 415) 214
(1449, 415) 215
(1448, 416) 216
(1449, 416) 217
(1453, 417) 218
(1456, 419) 219
(1459, 420) 220
(1461, 421) 221
(1463, 422) 222
(1464, 423) 223
(1465, 424) 224
(1467, 425) 225
(1467, 426) 226
(1476, 427) 227
(1486, 428) 228
(1496, 428) 229
(1504, 429) 230
(1509, 429) 231
(1513, 430) 232
(1510, 430) 233
(1505, 430) 234
(1499, 431) 235
(1497, 431) 236
(1496, 432) 237
(1502, 432) 238
(1507, 433) 239
(1520, 434) 240
(1531, 435) 241
(1541, 436) 242
(1550, 437) 243
(1558, 438) 244
(1568, 438) 245
(1209, 409) 73
(1209, 409) 74
(1207, 407) 75
(1207, 407) 76
(1207, 406) 77
(1208, 405) 78
(1210, 405) 79
(1208, 404) 80
(1209, 403) 81
(1211, 403) 82
(1213, 402) 83
(1214, 402) 84
(1216, 401) 85
(1216, 401) 86
(1213, 400) 87
(1210, 400) 88
(1207, 400) 89
(1204, 400) 90
(1202, 400) 91
(1199, 400) 92
(1197, 400) 93
(1198, 400) 94
(1198, 400) 95
(1198, 400) 96
(1199, 400) 97
(1199, 400) 98
(1199, 400) 99
(1200, 400) 100
(1200, 400) 101
(1200, 400) 102
(1200, 400) 103
(1200, 400) 104
(1200, 400) 105
(1200, 400) 106
(1201, 400) 107
(1201, 400) 108
(1201, 400) 109
(1201, 400) 110
(1201, 400) 111
(1208, 401) 112
(1214, 401) 113
(1219, 402) 114
(1233, 403) 115
(1244, 404) 116
(1253, 405) 117
(1261, 405) 118
(1268, 406) 119
(1275, 407) 120
(1281, 408) 121
(1286, 409) 122
(1291, 410) 123
(1296, 411) 124
(1304, 411) 125
(1311, 412) 126
(1318, 412) 127
(1324, 413) 128
(1335, 413) 129
(1348, 414) 130
(1358, 415) 131
(1371, 416) 132
(1384, 417) 133
(1396, 418) 134
(1407, 419) 135
(1417, 420) 136
(1425, 422) 137
(1433, 423) 138
(1443, 423) 139
(1449, 424) 140
(1454, 425) 141
(1458, 425) 142
(1460, 426) 143
(1459, 426) 144
(1459, 427) 145
(1458, 427) 146
(1458, 427) 147
(1459, 428) 148
(1464, 427) 149
(1470, 427) 150
(1475, 426) 151
(1475, 426) 152
(1475, 426) 153
(1472, 426) 154
(1470, 426) 155
(1470, 426) 156
(1471, 426) 157
(1472, 425) 158
(1472, 425) 159
(1473, 425) 160
(1473, 425) 161
(1473, 425) 162
(1474, 424) 163
(1474, 424) 164
(1474, 424) 165
(1473, 424) 166
(1472, 424) 167
(1471, 424) 168
(1470, 423) 169
(1468, 423) 170
(1466, 423) 171
(1464, 423) 172
(1462, 422) 173
(1460, 422) 174
(1454, 422) 175
(1445, 421) 176
(1437, 420) 177
(1430, 420) 178
(1423, 419) 179
(1418, 419) 180
(1417, 418) 181
(1416, 417) 182
(1410, 417) 183
(1405, 416) 184
(1401, 415) 185
(1396, 414) 186
(1393, 413) 187
(1389, 412) 188
(1386, 411) 189
(1383, 411) 190
(1381, 410) 191
(1379, 409) 192
(1377, 408) 193
(1375, 408) 194
(1373, 407) 195
(1372, 406) 196
(1370, 406) 197
(1371, 405) 198
(1373, 404) 199
(1103, 471) 90
(1103, 471) 91
(1103, 471) 92
(1103, 471) 93
(1103, 471) 94
(1103, 471) 95
(1100, 471) 96
(1098, 471) 97
(1096, 472) 98
(1094, 472) 99
(1092, 473) 100
(1084, 473) 101
(1077, 473) 102
(1070, 473) 103
(1064, 473) 104
(1065, 474) 105
(1065, 474) 106
(1065, 474) 107
(1065, 475) 108
(1066, 474) 109
(1066, 474) 110
(1067, 473) 111
(1068, 473) 112
(1068, 473) 113
(1069, 472) 114
(1069, 472) 115
(1069, 471) 116
(1070, 471) 117
(1070, 470) 118
(1070, 470) 119
(1070, 470) 120
(1071, 469) 121
(1071, 469) 122
(1071, 468) 123
(1071, 468) 124
(1071, 468) 125
(1075, 467) 126
(1079, 467) 127
(1083, 466) 128
(1083, 465) 129
(1083, 464) 130
(1083, 463) 131
(1083, 463) 132
(1083, 462) 133
(1083, 461) 134
(1083, 460) 135
(1075, 460) 136
(1067, 459) 137
(1058, 459) 138
(1049, 459) 139
(1041, 459) 140
(1033, 459) 141
(1025, 459) 142
(1017, 459) 143
(1006, 460) 144
(995, 460) 145
(984, 461) 146
(973, 462) 147
(964, 462) 148
(955, 461) 149
(947, 461) 150
(940, 461) 151
(931, 461) 152
(923, 462) 153
(910, 462) 154
(897, 463) 155
(890, 463) 156
(884, 463) 157
(871, 464) 158
(858, 465) 159
(851, 465) 160
(843, 465) 161
(772, 456) 184
(771, 455) 185
(770, 455) 186
(769, 455) 187
(768, 455) 188
(768, 455) 189
(767, 455) 190
(766, 455) 191
(766, 455) 192
(766, 455) 193
(765, 455) 194
(765, 455) 195
(764, 455) 196
(764, 455) 197
(764, 455) 198
(764, 455) 199
(763, 455) 200
(763, 455) 201
(763, 455) 202
(763, 455) 203
(763, 455) 204
(771, 455) 205
(778, 455) 206
(787, 454) 207
(798, 454) 208
(807, 454) 209
(815, 454) 210
(823, 455) 211
(829, 455) 212
(828, 455) 213
(828, 456) 214
(831, 456) 215
(832, 456) 216
(834, 455) 217
(836, 454) 218
(838, 453) 219
(841, 452) 220
(847, 452) 221
(853, 451) 222
(856, 449) 223
(858, 448) 224
(861, 448) 225
(864, 447) 226
(866, 447) 227
(867, 445) 228
(867, 442) 229
(872, 441) 230
(874, 440) 231
(878, 439) 232
(880, 437) 233
(881, 435) 234
(881, 433) 235
(882, 431) 236
(882, 429) 237
(882, 426) 238
(882, 424) 239
(883, 421) 240
(882, 420) 241
(881, 419) 242
(880, 418) 243
(879, 417) 244
(887, 416) 245
(1902, 450) 213
(1902, 450) 214
(1902, 450) 215
(1902, 450) 216
(1902, 450) 217
(1902, 450) 218
(1902, 450) 219
(1902, 450) 220
(1902, 450) 221
(1902, 450) 222
(1902, 450) 223
(1901, 450) 224
(1900, 449) 225
(1899, 449) 226
(1899, 449) 227
(1899, 449) 228
(1899, 448) 229
(1899, 448) 230
(1899, 448) 231
(1897, 448) 232
(1894, 447) 233
(1892, 447) 234
(1890, 447) 235
(1888, 446) 236
(1887, 446) 237
(1885, 446) 238
(1884, 445) 239
(1883, 445) 240
(1882, 445) 241
(1881, 445) 242
(1880, 444) 243
(1877, 445) 244
(1875, 446) 245
(1873, 447) 246
(1871, 448) 247
(1869, 449) 248
(1867, 450) 249
(1866, 451) 250
(1865, 452) 251
(1863, 453) 252
(1862, 453) 253
(1861, 454) 254
(1861, 455) 255
(1860, 456) 256
(1859, 456) 257
(1859, 457) 258
(1858, 458) 259
(1853, 458) 260
(1848, 459) 261
(1843, 459) 262
(1839, 460) 263
(1836, 460) 264
(1832, 461) 265
(1829, 461) 266
(1827, 462) 267
(1827, 462) 268
(1829, 462) 269
(1832, 463) 270
(1835, 463) 271
(1837, 463) 272
(1840, 463) 273
(1843, 464) 274
(1845, 464) 275
(1846, 464) 276
(1848, 464) 277
(1849, 464) 278
(1851, 464) 279
(1852, 465) 280
(1853, 465) 281
(1854, 465) 282
(1855, 465) 283
(1855, 465) 284
(1856, 465) 285
(1857, 465) 286
(1857, 466) 287
(1857, 465) 288
(1858, 463) 289
(1859, 462) 290
(886, 290) 256
(886, 290) 257
(886, 290) 258
(886, 290) 259
(886, 290) 260
(886, 290) 261
(886, 290) 262
(886, 290) 263
(886, 290) 264
(886, 290) 265
(884, 291) 266
(882, 293) 267
(881, 295) 268
(879, 297) 269
(876, 298) 270
(874, 300) 271
(871, 301) 272
(869, 302) 273
(867, 304) 274
(865, 305) 275
(864, 307) 276
(863, 309) 277
(862, 312) 278
(861, 314) 279
(861, 316) 280
(864, 318) 281
(867, 320) 282
(871, 322) 283
(874, 323) 284
(877, 325) 285
(880, 326) 286
(882, 327) 287
(884, 327) 288
(884, 328) 289
(884, 329) 290
(886, 329) 291
(888, 330) 292
(891, 330) 293
(889, 331) 294
(888, 330) 295
(888, 329) 296
(886, 329) 297
(884, 326) 298
(882, 326) 299
(881, 325) 300
(879, 323) 301
(877, 321) 302
(875, 319) 303
(874, 317) 304
(872, 315) 305
(871, 313) 306
(870, 311) 307
(869, 310) 308
(868, 308) 309
(867, 306) 310
(867, 305) 311
(866, 303) 312
(865, 301) 313
(865, 300) 314
(864, 298) 315
(864, 297) 316
(863, 295) 317
(863, 294) 318
(863, 292) 319
(868, 290) 320
(1622, 386) 268
(1622, 386) 269
(1622, 386) 270
(1622, 386) 271
(1622, 386) 272
(1622, 386) 273
(1622, 386) 274
(1621, 386) 275
(1620, 387) 276
(1618, 387) 277
(1615, 387) 278
(1613, 386) 279
(1613, 387) 280
(1621, 386) 281
(1627, 386) 282
(1625, 386) 283
(1623, 386) 284
(1621, 386) 285
(1620, 386) 286
(1620, 386) 287
(1624, 386) 288
(1622, 386) 289
(1621, 387) 290
(1619, 387) 291
(1619, 387) 292
(1615, 387) 293
(1612, 387) 294
(1609, 388) 295
(1605, 388) 296
(1601, 388) 297
(1598, 388) 298
(1597, 387) 299
(1591, 387) 300
(1580, 388) 301
(1568, 390) 302
(1558, 391) 303
(1548, 392) 304
(1540, 393) 305
(1534, 394) 306
(1529, 395) 307
(1524, 396) 308
(1518, 397) 309
(1512, 398) 310
(1507, 399) 311
(1502, 400) 312
(1498, 401) 313
(1494, 402) 314
(1491, 403) 315
(1488, 404) 316
(1485, 405) 317
(1482, 406) 318
(1479, 407) 319
(1477, 408) 320
(1475, 409) 321
(1472, 410) 322
(1472, 410) 323
(1473, 412) 324
(1478, 413) 325
(1487, 415) 326
(1495, 417) 327
(1507, 418) 328
(1517, 420) 329
(1524, 421) 330
(1531, 423) 331
(1540, 424) 332
(1544, 426) 333
(1474, 460) 327
(1474, 460) 328
(1474, 460) 329
(1474, 460) 330
(1475, 460) 331
(1476, 460) 332
(1475, 460) 333
(1473, 460) 334
(1470, 461) 335
(1469, 461) 336
(1468, 461) 337
(1464, 461) 338
(1461, 460) 339
(1458, 460) 340
(1455, 460) 341
(1453, 460) 342
(1451, 460) 343
(1449, 459) 344
(1447, 459) 345
(1445, 459) 346
(1444, 459) 347
(1443, 459) 348
(1442, 459) 349
(1441, 458) 350
(1440, 458) 351
(1439, 458) 352
(1438, 458) 353
(1438, 458) 354
(1437, 458) 355
(1438, 458) 356
(1438, 458) 357
(1436, 457) 358
(1435, 456) 359
(1435, 455) 360
(1437, 455) 361
(1438, 455) 362
(1439, 455) 363
(1440, 455) 364
(1441, 455) 365
(1441, 455) 366
(1442, 456) 367
(1442, 456) 368
(1442, 456) 369
(1442, 456) 370
(1442, 456) 371
(1442, 456) 372
(1445, 456) 373
(1447, 456) 374
(1448, 456) 375
(1448, 456) 376
(1449, 456) 377
(1450, 457) 378
(1449, 457) 379
(1450, 457) 380
(1451, 457) 381
(1456, 456) 382
(1455, 456) 383
(1455, 456) 384
(1456, 456) 385
(1457, 458) 386
(1458, 459) 387
(1459, 461) 388
(1461, 462) 389
(1462, 464) 390
(1464, 465) 391
(1464, 464) 392
(1464, 464) 393
(1465, 464) 394
(1465, 464) 395
(1465, 464) 396
(1465, 463) 397
(1472, 463) 398
(1475, 463) 399
(1473, 464) 400
(1476, 464) 401
(1478, 464) 402
(1479, 465) 403
(1481, 465) 404
(1482, 465) 405
(1484, 466) 406
(1489, 466) 407
(1492, 467) 408
(1494, 467) 409
(1496, 468) 410
(1497, 469) 411
(1497, 469) 412
(1494, 469) 413
(1491, 470) 414
(1488, 470) 415
(1488, 470) 416
(1488, 471) 417
(1489, 471) 418
(1490, 472) 419
(1491, 472) 420
(1492, 472) 421
(1493, 473) 422
(1494, 473) 423
(1492, 473) 424
(1493, 473) 425
(1495, 474) 426
(1496, 474) 427
(1497, 475) 428
(1497, 475) 429
(1498, 476) 430
(1499, 476) 431
(1500, 476) 432
(1500, 477) 433
(1501, 477) 434
(1501, 478) 435
(1499, 478) 436
(1499, 478) 437
(1500, 479) 438
(1500, 479) 439
(1500, 479) 440
(1501, 480) 441
(1501, 480) 442
(1501, 480) 443
(1502, 481) 444
(1502, 481) 445
(1502, 481) 446
(1503, 482) 447
(1503, 482) 448
(1503, 482) 449
(1501, 482) 450
(1500, 482) 451
(1499, 482) 452
(1498, 482) 453
(1495, 482) 454
(1493, 482) 455
(1490, 482) 456
(1489, 482) 457
(1488, 481) 458
(1486, 481) 459
(1483, 481) 460
(1480, 481) 461
(1475, 481) 462
(1470, 481) 463
(1465, 481) 464
(1460, 481) 465
(1455, 480) 466
(1450, 480) 467
(1447, 480) 468
(1444, 480) 469
(1441, 480) 470
(1441, 480) 471
(1441, 480) 472
(1439, 479) 473
(1437, 479) 474
(1436, 479) 475
(1434, 478) 476
(1433, 478) 477
(1433, 477) 478
(1433, 476) 479
(1434, 474) 480
(1438, 473) 481
(1443, 472) 482
(1447, 471) 483
(1449, 470) 484
(1448, 468) 485
(1448, 468) 486
(1448, 467) 487
(1442, 466) 488
(1437, 466) 489
(1433, 465) 490
(1429, 465) 491
(1428, 464) 492
(1429, 464) 493
(1431, 464) 494
(1433, 463) 495
(1436, 462) 496
(1438, 462) 497
(1440, 461) 498
(1442, 460) 499
(1443, 460) 500
(1444, 459) 501
(1445, 458) 502
(1452, 457) 503
(1450, 456) 504
(1448, 455) 505
(1447, 454) 506
(1445, 453) 507
(1442, 452) 508
(1443, 451) 509
(1442, 450) 510
(1440, 449) 511
(1438, 448) 512
(1434, 448) 513
(1431, 447) 514
(1429, 447) 515
(1428, 446) 516
(1427, 445) 517
(1426, 444) 518
(1428, 443) 519
(1430, 442) 520
(1435, 441) 521
(1437, 441) 522
(1441, 439) 523
(1446, 438) 524
(1447, 438) 525
(1448, 437) 526
(1449, 437) 527
(1452, 436) 528
(1456, 435) 529
(1460, 434) 530
(1469, 433) 531
(1477, 432) 532
(1476, 431) 533
(1476, 430) 534
(1475, 430) 535
(1475, 429) 536
(1481, 428) 537
(1486, 427) 538
(1493, 426) 539
(1498, 425) 540
(1495, 424) 541
(1492, 424) 542
(1490, 425) 543
(1484, 424) 544
(1481, 425) 545
(1476, 425) 546
(1471, 425) 547
(1465, 425) 548
(1462, 425) 549
(1457, 425) 550
(1453, 425) 551
(1452, 425) 552
(1451, 424) 553
(1448, 424) 554
(1445, 424) 555
(1443, 424) 556
(1440, 424) 557
(1438, 424) 558
(1436, 424) 559
(1434, 424) 560
(1432, 424) 561
(1433, 423) 562
(1434, 423) 563
(1434, 422) 564
(1433, 422) 565
(1433, 421) 566
(1434, 421) 567
(1434, 420) 568
(1434, 420) 569
(1435, 419) 570
(1435, 419) 571
(1436, 419) 572
(1436, 419) 573
(1436, 418) 574
(1435, 418) 575
(1435, 418) 576
(1435, 418) 577
(1434, 418) 578
(1435, 419) 579
(1434, 418) 580
(1433, 418) 581
(1434, 419) 582
(1436, 419) 583
(1435, 418) 584
(1433, 418) 585
(1432, 417) 586
(1432, 417) 587
(1432, 417) 588
(1432, 417) 589
(1433, 416) 590
(1433, 416) 591
(1437, 415) 592
(1440, 414) 593
(1442, 413) 594
(1442, 412) 595
(1441, 412) 596
(1441, 411) 597
(1441, 410) 598
(1441, 409) 599
(1441, 408) 600
(1441, 408) 601
(1442, 408) 602
(1442, 407) 603
(1442, 407) 604
(1441, 406) 605
(1440, 405) 606
(1439, 405) 607
(1439, 404) 608
(1438, 404) 609
(1438, 404) 610
(1436, 403) 611
(1435, 403) 612
(1433, 403) 613
(1432, 403) 614
(1431, 403) 615
(1429, 403) 616
(1428, 403) 617
(1427, 402) 618
(1426, 402) 619
(1425, 402) 620
(1424, 402) 621
(1423, 402) 622
(1422, 402) 623
(1422, 402) 624
(1421, 402) 625
(1420, 402) 626
(1420, 402) 627
(1420, 402) 628
(1419, 402) 629
(1419, 402) 630
(1419, 402) 631
(1420, 403) 632
(1422, 403) 633
(1424, 404) 634
(1425, 405) 635
(1427, 406) 636
(1429, 406) 637
(1430, 407) 638
(1432, 408) 639
(1433, 409) 640
(1434, 410) 641
(1435, 410) 642
(1436, 410) 643
(1437, 410) 644
(1438, 410) 645
(1439, 410) 646
(1440, 410) 647
(1441, 410) 648
(1442, 410) 649
(1442, 410) 650
(1443, 410) 651
(1444, 410) 652
(1444, 410) 653
(1444, 410) 654
(1443, 411) 655
(1441, 411) 656
(1440, 411) 657
(1439, 411) 658
(1438, 410) 659
(1437, 411) 660
(1437, 411) 661
(1436, 411) 662
(1437, 411) 663
(1436, 410) 664
(1436, 411) 665
(1434, 411) 666
(1433, 411) 667
(1432, 412) 668
(1430, 412) 669
(1429, 412) 670
(1427, 412) 671
(1426, 413) 672
(1425, 413) 673
(1424, 413) 674
(1423, 414) 675
(1422, 414) 676
(1422, 414) 677
(1421, 414) 678
(1420, 415) 679
(1420, 415) 680
(1419, 415) 681
(1419, 416) 682
(1419, 416) 683
(1418, 416) 684
(1418, 416) 685
(1418, 417) 686
(1417, 417) 687
(1419, 417) 688
(1420, 417) 689
(1421, 417) 690
(1422, 418) 691
(1423, 418) 692
(1424, 418) 693
(1424, 418) 694
(1425, 418) 695
(1426, 418) 696
(1427, 419) 697
(1428, 419) 698
(1428, 419) 699
(1429, 419) 700
(1428, 420) 701
(1428, 420) 702
(1427, 420) 703
(1425, 421) 704
(1425, 421) 705
(1421, 421) 706
(1417, 421) 707
(1417, 422) 708
(1418, 423) 709
(1418, 423) 710
(1419, 424) 711
(1419, 425) 712
(104, 447) 383
(104, 447) 384
(104, 447) 385
(104, 447) 386
(104, 447) 387
(112, 447) 388
(119, 447) 389
(126, 447) 390
(132, 447) 391
(138, 448) 392
(143, 448) 393
(147, 448) 394
(151, 448) 395
(155, 448) 396
(158, 449) 397
(161, 449) 398
(164, 449) 399
(166, 449) 400
(168, 449) 401
(170, 449) 402
(172, 450) 403
(175, 449) 404
(184, 450) 405
(192, 450) 406
(201, 450) 407
(210, 451) 408
(218, 451) 409
(227, 451) 410
(233, 451) 411
(240, 452) 412
(248, 452) 413
(252, 452) 414
(256, 452) 415
(260, 452) 416
(265, 452) 417
(267, 452) 418
(270, 452) 419
(272, 452) 420
(274, 452) 421
(278, 452) 422
(281, 453) 423
(284, 453) 424
(285, 453) 425
(286, 453) 426
(287, 453) 427
(288, 453) 428
(289, 452) 429
(290, 452) 430
(291, 452) 431
(293, 452) 432
(295, 452) 433
(297, 453) 434
(299, 453) 435
(301, 453) 436
(303, 453) 437
(303, 453) 438
(303, 453) 439
(304, 453) 440
(304, 453) 441
(304, 452) 442
(303, 452) 443
(303, 452) 444
(302, 452) 445
(301, 452) 446
(301, 452) 447
(300, 452) 448
(300, 452) 449
(301, 453) 450
(301, 453) 451
(302, 453) 452
(304, 453) 453
(305, 453) 454
(307, 453) 455
(307, 453) 456
(308, 454) 457
(309, 454) 458
(310, 454) 459
(310, 454) 460
(310, 454) 461
(311, 454) 462
(311, 454) 463
(311, 454) 464
(311, 454) 465
(310, 454) 466
(310, 454) 467
(310, 454) 468
(310, 454) 469
(311, 454) 470
(312, 455) 471
(315, 455) 472
(318, 455) 473
(320, 455) 474
(322, 455) 475
(324, 456) 476
(325, 456) 477
(327, 456) 478
(329, 456) 479
(332, 456) 480
(332, 456) 481
(333, 456) 482
(335, 455) 483
(338, 455) 484
(342, 454) 485
(351, 453) 486
(358, 452) 487
(365, 451) 488
(371, 450) 489
(371, 449) 490
(370, 448) 491
(369, 447) 492
(366, 447) 493
(361, 447) 494
(357, 446) 495
(352, 446) 496
(349, 446) 497
(345, 446) 498
(342, 445) 499
(339, 445) 500
(337, 446) 501
(335, 446) 502
(333, 446) 503
(331, 446) 504
(330, 447) 505
(328, 447) 506
(327, 448) 507
(324, 447) 508
(324, 448) 509
(323, 448) 510
(323, 448) 511
(323, 449) 512
(323, 449) 513
(322, 449) 514
(321, 450) 515
(321, 450) 516
(322, 450) 517
(324, 450) 518
(331, 450) 519
(329, 451) 520
(326, 451) 521
(324, 451) 522
(322, 451) 523
(323, 452) 524
(323, 452) 525
(322, 452) 526
(323, 452) 527
(325, 452) 528
(330, 453) 529
(333, 453) 530
(340, 454) 531
(351, 456) 532
(361, 457) 533
(366, 458) 534
(371, 459) 535
(371, 459) 536
(372, 459) 537
(377, 458) 538
(379, 458) 539
(383, 458) 540
(384, 457) 541
(384, 457) 542
(384, 456) 543
(377, 456) 544
(377, 456) 545
(371, 456) 546
(366, 456) 547
(361, 455) 548
(359, 455) 549
(354, 455) 550
(350, 455) 551
(347, 454) 552
(343, 454) 553
(343, 453) 554
(344, 452) 555
(348, 452) 556
(352, 451) 557
(354, 451) 558
(358, 451) 559
(362, 451) 560
(358, 452) 561
(358, 452) 562
(358, 451) 563
(355, 451) 564
(350, 451) 565
(346, 451) 566
(342, 451) 567
(338, 451) 568
(335, 451) 569
(333, 451) 570
(330, 451) 571
(329, 451) 572
(328, 452) 573
(326, 452) 574
(325, 452) 575
(325, 452) 576
(324, 452) 577
(323, 452) 578
(322, 453) 579
(320, 453) 580
(319, 454) 581
(317, 454) 582
(316, 454) 583
(315, 455) 584
(314, 455) 585
(313, 456) 586
(319, 456) 587
(322, 456) 588
(328, 456) 589
(326, 457) 590
(325, 457) 591
(324, 457) 592
(323, 456) 593
(321, 456) 594
(320, 456) 595
(319, 455) 596
(316, 455) 597
(315, 454) 598
(312, 454) 599
(314, 453) 600
(313, 453) 601
(314, 453) 602
(313, 452) 603
(310, 452) 604
(307, 452) 605
(303, 452) 606
(300, 452) 607
(298, 452) 608
(296, 452) 609
(295, 452) 610
(293, 452) 611
(292, 452) 612
(293, 452) 613
(294, 453) 614
(295, 453) 615
(296, 453) 616
(298, 453) 617
(299, 454) 618
(300, 454) 619
(300, 454) 620
(301, 454) 621
(303, 454) 622
(304, 454) 623
(306, 454) 624
(306, 455) 625
(306, 455) 626
(307, 456) 627
(307, 457) 628
(309, 457) 629
(310, 457) 630
(310, 458) 631
(310, 459) 632
(311, 459) 633
(312, 460) 634
(314, 460) 635
(314, 460) 636
(313, 460) 637
(314, 460) 638
(314, 460) 639
(315, 460) 640
(315, 460) 641
(315, 460) 642
(318, 460) 643
(316, 460) 644
(313, 459) 645
(310, 459) 646
(307, 459) 647
(308, 459) 648
(304, 459) 649
(308, 459) 650
(310, 459) 651
(312, 459) 652
(313, 459) 653
(315, 459) 654
(320, 459) 655
(322, 460) 656
(326, 460) 657
(331, 461) 658
(338, 461) 659
(344, 461) 660
(349, 462) 661
(352, 462) 662
(359, 462) 663
(367, 462) 664
(367, 462) 665
(366, 462) 666
(364, 462) 667
(363, 462) 668
(363, 462) 669
(363, 462) 670
(362, 462) 671
(359, 462) 672
(355, 462) 673
(356, 462) 674
(356, 462) 675
(357, 462) 676
(357, 463) 677
(357, 463) 678
(358, 463) 679
(358, 463) 680
(358, 463) 681
(359, 463) 682
(359, 463) 683
(358, 463) 684
(357, 462) 685
(354, 462) 686
(350, 462) 687
(348, 461) 688
(346, 461) 689
(346, 460) 690
(346, 460) 691
(347, 460) 692
(346, 460) 693
(347, 460) 694
(346, 460) 695
(347, 459) 696
(350, 459) 697
(355, 458) 698
(355, 458) 699
(358, 458) 700
(360, 458) 701
(363, 458) 702
(365, 458) 703
(368, 459) 704
(368, 459) 705
(370, 459) 706
(371, 459) 707
(371, 460) 708
(372, 460) 709
(374, 461) 710
(376, 461) 711
(375, 461) 712
(379, 461) 713
(382, 462) 714
(385, 462) 715
(384, 462) 716
(379, 462) 717
(375, 462) 718
(370, 462) 719
(368, 462) 720
(365, 463) 721
(363, 463) 722
(360, 463) 723
(357, 463) 724
(355, 462) 725
(355, 462) 726
(355, 462) 727
(354, 462) 728
(353, 462) 729
(353, 462) 730
(352, 461) 731
(353, 461) 732
(353, 461) 733
(353, 461) 734
(354, 460) 735
(355, 460) 736
(356, 460) 737
(356, 460) 738
(357, 459) 739
(358, 459) 740
(359, 459) 741
(359, 459) 742
(359, 459) 743
(359, 459) 744
(352, 459) 745
(340, 459) 746
(327, 459) 747
(316, 459) 748
(306, 459) 749
(297, 459) 750
(289, 459) 751
(282, 459) 752
(275, 459) 753
(269, 459) 754
(263, 459) 755
(258, 459) 756
(256, 459) 757
(252, 459) 758
(247, 459) 759
(244, 459) 760
(826, 393) 481
(826, 393) 482
(826, 394) 483
(829, 394) 484
(830, 394) 485
(830, 395) 486
(833, 395) 487
(834, 395) 488
(843, 395) 489
(851, 395) 490
(859, 395) 491
(866, 395) 492
(874, 396) 493
(879, 396) 494
(885, 396) 495
(890, 396) 496
(895, 395) 497
(898, 395) 498
(901, 395) 499
(903, 396) 500
(905, 397) 501
(907, 397) 502
(909, 398) 503
(911, 398) 504
(912, 399) 505
(913, 400) 506
(914, 400) 507
(913, 401) 508
(913, 402) 509
(912, 403) 510
(911, 405) 511
(910, 406) 512
(904, 407) 513
(898, 408) 514
(894, 410) 515
(895, 410) 516
(897, 410) 517
(899, 410) 518
(900, 410) 519
(902, 410) 520
(903, 410) 521
(906, 411) 522
(905, 411) 523
(905, 411) 524
(905, 410) 525
(905, 410) 526
(904, 410) 527
(904, 409) 528
(904, 409) 529
(903, 409) 530
(903, 408) 531
(902, 406) 532
(901, 405) 533
(900, 404) 534
(899, 403) 535
(899, 402) 536
(899, 402) 537
(898, 401) 538
(897, 400) 539
(896, 399) 540
(896, 400) 541
(892, 400) 542
(893, 400) 543
(893, 400) 544
(894, 400) 545
(894, 401) 546
(894, 401) 547
(895, 401) 548
(895, 402) 549
(895, 402) 550
(895, 402) 551
(897, 401) 552
(1569, 408) 488
(1562, 408) 489
(1560, 408) 490
(1558, 408) 491
(1555, 408) 492
(1553, 408) 493
(1552, 408) 494
(1550, 408) 495
(1549, 408) 496
(1549, 408) 497
(1550, 408) 498
(1552, 408) 499
(1558, 407) 500
(1564, 407) 501
(1569, 407) 502
(1574, 407) 503
(1579, 407) 504
(1582, 407) 505
(1586, 407) 506
(1589, 407) 507
(1592, 407) 508
(1595, 407) 509
(1597, 406) 510
(1599, 406) 511
(1601, 406) 512
(1602, 406) 513
(1604, 406) 514
(1605, 406) 515
(1607, 406) 516
(1608, 406) 517
(1608, 405) 518
(1608, 405) 519
(1608, 404) 520
(1609, 403) 521
(1609, 403) 522
(1609, 402) 523
(1609, 402) 524
(1609, 401) 525
(1609, 400) 526
(1609, 400) 527
(1610, 399) 528
(1612, 399) 529
(1617, 398) 530
(1622, 397) 531
(1626, 396) 532
(1635, 395) 533
(1643, 393) 534
(1651, 392) 535
(1658, 391) 536
(1664, 390) 537
(1669, 389) 538
(1674, 388) 539
(1679, 386) 540
(1684, 386) 541
(1693, 385) 542
(1702, 385) 543
(1709, 384) 544
(1716, 384) 545
(1722, 384) 546
(1727, 383) 547
(1732, 383) 548
(1737, 383) 549
(1741, 382) 550
(1744, 382) 551
(1746, 382) 552
(1748, 382) 553
(1750, 382) 554
(1752, 382) 555
(1753, 382) 556
(1755, 381) 557
(1756, 381) 558
(1757, 381) 559
(1758, 381) 560
(1758, 381) 561
(1757, 380) 562
(1756, 380) 563
(1754, 380) 564
(1752, 380) 565
(1751, 379) 566
(1750, 379) 567
(1749, 379) 568
(1748, 378) 569
(1747, 378) 570
(1746, 378) 571
(1745, 378) 572
(1744, 377) 573
(1744, 377) 574
(1743, 377) 575
(1743, 377) 576
(1742, 376) 577
(1742, 376) 578
(1742, 376) 579
(1741, 376) 580
(1741, 376) 581
(1741, 375) 582
(1747, 376) 583
(1746, 376) 584
(1745, 377) 585
(1742, 378) 586
(1742, 379) 587
(1744, 380) 588
(1747, 381) 589
(1749, 381) 590
(1750, 381) 591
(1751, 381) 592
(1751, 381) 593
(1752, 381) 594
(1753, 381) 595
(1754, 381) 596
(1755, 381) 597
(1755, 381) 598
(1754, 381) 599
(1754, 380) 600
(1758, 380) 601
(1763, 380) 602
(1767, 380) 603
(1771, 380) 604
(1775, 380) 605
(1778, 380) 606
(1781, 381) 607
(1780, 381) 608
(1780, 381) 609
(1778, 381) 610
(1776, 382) 611
(1774, 382) 612
(1772, 382) 613
(1771, 383) 614
(1770, 383) 615
(1768, 383) 616
(1767, 384) 617
(1766, 384) 618
(1766, 384) 619
(1765, 385) 620
(1764, 385) 621
(1764, 385) 622
(1763, 385) 623
(1763, 386) 624
(1762, 386) 625
(1762, 386) 626
(1761, 386) 627
(1761, 387) 628
(1759, 386) 629
(1757, 384) 630
(1756, 383) 631
(1754, 382) 632
(1753, 381) 633
(1752, 380) 634
(205, 463) 799
(205, 463) 800
(205, 463) 801
(205, 463) 802
(205, 463) 803
(205, 463) 804
(205, 463) 805
(211, 463) 806
(223, 462) 807
(233, 462) 808
(233, 462) 809
(235, 462) 810
(236, 462) 811
(238, 462) 812
(244, 462) 813
(246, 462) 814
(255, 462) 815
(258, 462) 816
(259, 462) 817
(261, 462) 818
(269, 462) 819
(277, 462) 820
(277, 462) 821
(277, 462) 822
(280, 462) 823
(282, 462) 824
(291, 462) 825
(299, 462) 826
(306, 462) 827
(312, 462) 828
(312, 462) 829
(313, 462) 830
(313, 462) 831
(313, 462) 832
(312, 462) 833
(312, 462) 834
(311, 462) 835
(311, 462) 836
(307, 462) 837
(300, 462) 838
(292, 462) 839
(284, 462) 840
(276, 462) 841
(270, 462) 842
(264, 462) 843
(261, 462) 844
(262, 462) 845
(263, 462) 846
(264, 462) 847
(264, 462) 848
(259, 462) 849
(257, 462) 850
(255, 462) 851
(254, 462) 852
(252, 462) 853
(247, 463) 854
(242, 463) 855
(238, 463) 856
(235, 464) 857
(231, 464) 858
(228, 464) 859
(224, 465) 860
(222, 465) 861
(219, 466) 862
(217, 466) 863
(215, 466) 864
(213, 467) 865
(211, 467) 866
(209, 468) 867
(208, 468) 868
(207, 468) 869
(205, 469) 870
(204, 469) 871
(204, 469) 872
(204, 470) 873
(204, 470) 874
(204, 471) 875
(204, 471) 876
(204, 471) 877
(205, 472) 878
(205, 472) 879
(197, 473) 880
(191, 473) 881
(186, 473) 882
(181, 474) 883
(177, 474) 884
(177, 474) 885
(179, 474) 886
(183, 475) 887
(190, 475) 888
(192, 476) 889
(193, 476) 890
(194, 477) 891
(198, 477) 892
(202, 477) 893
(206, 477) 894
(210, 477) 895
(215, 477) 896
(218, 477) 897
(219, 478) 898
(222, 478) 899
(223, 478) 900
(224, 478) 901
(227, 477) 902
(230, 477) 903
(232, 477) 904
(234, 477) 905
(236, 477) 906
(243, 476) 907
(249, 476) 908
(255, 476) 909
(260, 475) 910
(265, 475) 911
(269, 475) 912
(273, 474) 913
(276, 474) 914
(279, 474) 915
(279, 473) 916
(278, 474) 917
(275, 475) 918
(274, 475) 919
(270, 477) 920
(266, 478) 921
(264, 479) 922
(262, 480) 923
(262, 480) 924
(261, 481) 925
(259, 482) 926
(260, 483) 927
(260, 483) 928
(262, 484) 929
(264, 483) 930
(268, 483) 931
(270, 483) 932
(275, 483) 933
(278, 483) 934
(280, 482) 935
(284, 482) 936
(288, 481) 937
(290, 480) 938
(297, 479) 939
(296, 478) 940
(294, 477) 941
(294, 477) 942
(295, 475) 943
(298, 474) 944
(301, 472) 945
(303, 471) 946
(304, 469) 947
(305, 468) 948
(306, 466) 949
(307, 465) 950
(309, 463) 951
(310, 461) 952
(312, 459) 953
(314, 458) 954
(317, 456) 955
(319, 454) 956
(322, 452) 957
(326, 450) 958
(329, 448) 959
(334, 446) 960
(339, 445) 961
(345, 443) 962
(349, 441) 963
(351, 438) 964
(356, 436) 965
(361, 433) 966
(367, 431) 967
(372, 429) 968
(377, 426) 969
(383, 424) 970
(391, 421) 971
(399, 419) 972
(409, 416) 973
(416, 414) 974
(422, 412) 975
(427, 410) 976
(428, 408) 977
(428, 406) 978
(428, 405) 979
(425, 403) 980
(422, 401) 981
(418, 399) 982
(414, 397) 983
(409, 395) 984
(404, 393) 985
(397, 393) 986
(391, 393) 987
(386, 392) 988
(378, 392) 989
(372, 391) 990
(363, 389) 991
(356, 387) 992
(349, 386) 993
(341, 384) 994
(334, 382) 995
(327, 381) 996
(320, 379) 997
(314, 377) 998
(308, 376) 999
(302, 374) 1000
(295, 373) 1001
(295, 371) 1002
(292, 370) 1003
(290, 368) 1004
(289, 366) 1005
(290, 365) 1006
(292, 364) 1007
(293, 362) 1008
(295, 361) 1009
(297, 359) 1010
(301, 359) 1011
(304, 358) 1012
(308, 358) 1013
(318, 357) 1014
(325, 357) 1015
(324, 356) 1016
(329, 356) 1017
(330, 355) 1018
(337, 355) 1019
(343, 356) 1020
(347, 356) 1021
(351, 356) 1022
(355, 357) 1023
(356, 357) 1024
(358, 359) 1025
(357, 359) 1026
(352, 360) 1027
(347, 361) 1028
(343, 362) 1029
(342, 363) 1030
(340, 363) 1031
(335, 364) 1032
(329, 365) 1033
(328, 366) 1034
(322, 367) 1035
(317, 368) 1036
(313, 369) 1037
(310, 369) 1038
(306, 370) 1039
(301, 372) 1040
(298, 372) 1041
(296, 373) 1042
(295, 374) 1043
(293, 375) 1044
(293, 376) 1045
(292, 377) 1046
(291, 379) 1047
(291, 380) 1048
(291, 382) 1049
(293, 385) 1050
(294, 386) 1051
(294, 388) 1052
(295, 390) 1053
(296, 392) 1054
(299, 394) 1055
(302, 397) 1056
(304, 399) 1057
(307, 401) 1058
(308, 404) 1059
(312, 407) 1060
(313, 410) 1061
(315, 413) 1062
(316, 415) 1063
(318, 418) 1064
(320, 421) 1065
(322, 425) 1066
(324, 428) 1067
(325, 431) 1068
(324, 434) 1069
(324, 437) 1070
(323, 440) 1071
(322, 442) 1072
(321, 445) 1073
(320, 447) 1074
(319, 449) 1075
(314, 450) 1076
(310, 451) 1077
(311, 453) 1078
(311, 455) 1079
(311, 456) 1080
(310, 457) 1081
(308, 458) 1082
(308, 459) 1083
(307, 460) 1084
(308, 461) 1085
(310, 461) 1086
(309, 461) 1087
(309, 462) 1088
(309, 463) 1089
(312, 465) 1090
(313, 467) 1091
(313, 468) 1092
(313, 469) 1093
(313, 470) 1094
(312, 472) 1095
(311, 473) 1096
(311, 475) 1097
(311, 477) 1098
(311, 479) 1099
(309, 480) 1100
(307, 481) 1101
(305, 483) 1102
(301, 483) 1103
(297, 484) 1104
(293, 485) 1105
(289, 486) 1106
(286, 487) 1107
(281, 487) 1108
(276, 488) 1109
(273, 488) 1110
(269, 488) 1111
(268, 489) 1112
(263, 489) 1113
(258, 490) 1114
(254, 491) 1115
(254, 491) 1116
(255, 493) 1117
(259, 494) 1118
(258, 495) 1119
(251, 496) 1120
(245, 497) 1121
(239, 498) 1122
(234, 498) 1123
(228, 499) 1124
(225, 500) 1125
(223, 501) 1126
(221, 501) 1127
(1270, 350) 1041
(1264, 350) 1042
(1264, 349) 1043
(1262, 347) 1044
(1259, 345) 1045
(1257, 343) 1046
(1259, 342) 1047
(1257, 342) 1048
(1256, 342) 1049
(1255, 342) 1050
(1258, 342) 1051
(1261, 341) 1052
(1264, 340) 1053
(1266, 339) 1054
(1267, 338) 1055
(1264, 337) 1056
(1267, 336) 1057
(1268, 334) 1058
(1269, 333) 1059
(1264, 332) 1060
(1259, 330) 1061
(1255, 329) 1062
(1251, 327) 1063
(1249, 326) 1064
(1250, 325) 1065
(1254, 324) 1066
(1254, 324) 1067
(1252, 323) 1068
(1249, 323) 1069
(1246, 322) 1070
(1243, 322) 1071
(1241, 322) 1072
(1239, 321) 1073
(1237, 321) 1074
(1236, 320) 1075
(1235, 320) 1076
(1234, 319) 1077
(1232, 319) 1078
(1230, 319) 1079
(1228, 318) 1080
(1225, 318) 1081
(1223, 317) 1082
(1220, 317) 1083
(1217, 317) 1084
(1215, 316) 1085
(1212, 316) 1086
(1210, 315) 1087
(1209, 315) 1088
(1208, 314) 1089
(1208, 314) 1090
(1214, 314) 1091
(1221, 314) 1092
(1228, 315) 1093
(1233, 315) 1094
(1238, 316) 1095
(1242, 316) 1096
(1246, 317) 1097
(1248, 317) 1098
(1250, 317) 1099
(1248, 317) 1100
(1246, 316) 1101
(1243, 315) 1102
(1241, 314) 1103
(1239, 313) 1104
(1236, 313) 1105
(1234, 312) 1106
(1232, 311) 1107
(1226, 312) 1108
(1222, 312) 1109
(1216, 314) 1110
(1489, 415) 1083
(1490, 415) 1084
(1491, 415) 1085
(1489, 415) 1086
(1488, 415) 1087
(1487, 415) 1088
(1487, 415) 1089
(1488, 415) 1090
(1488, 416) 1091
(1489, 417) 1092
(1490, 418) 1093
(1492, 419) 1094
(1493, 420) 1095
(1496, 421) 1096
(1500, 422) 1097
(1503, 424) 1098
(1506, 425) 1099
(1509, 426) 1100
(1511, 427) 1101
(1513, 429) 1102
(1515, 430) 1103
(1515, 431) 1104
(1513, 433) 1105
(1512, 434) 1106
(1512, 435) 1107
(1511, 437) 1108
(1508, 438) 1109
(1505, 439) 1110
(1503, 441) 1111
(1502, 442) 1112
(1500, 443) 1113
(1499, 444) 1114
(1498, 446) 1115
(1497, 447) 1116
(1496, 448) 1117
(1496, 449) 1118
(1497, 450) 1119
(1498, 451) 1120
(1499, 452) 1121
(1500, 452) 1122
(1501, 453) 1123
(1502, 454) 1124
(1503, 455) 1125
(1504, 456) 1126
(1510, 456) 1127
(1516, 457) 1128
(1521, 458) 1129
(1526, 458) 1130
(1531, 459) 1131
(1536, 459) 1132
(1541, 460) 1133
(1546, 460) 1134
(1551, 461) 1135
(1555, 461) 1136
(1560, 462) 1137
(1563, 462) 1138
(1567, 463) 1139
(1570, 463) 1140
(1572, 463) 1141
(1575, 464) 1142
(1577, 464) 1143
(1586, 464) 1144
(197, 230) 1333
(197, 230) 1334
(197, 230) 1335
(197, 230) 1336
(197, 230) 1337
(197, 230) 1338
(197, 230) 1339
(197, 230) 1340
(197, 230) 1341
(197, 230) 1342
(197, 230) 1343
(197, 230) 1344
(197, 230) 1345
(197, 230) 1346
(197, 230) 1347
(195, 230) 1348
(193, 230) 1349
(190, 231) 1350
(187, 231) 1351
(185, 231) 1352
(179, 231) 1353
(180, 233) 1354
(180, 234) 1355
(185, 236) 1356
(189, 238) 1357
(193, 241) 1358
(197, 243) 1359
(200, 245) 1360
(200, 247) 1361
(198, 249) 1362
(194, 251) 1363
(190, 253) 1364
(186, 255) 1365
(183, 257) 1366
(180, 259) 1367
(178, 260) 1368
(176, 262) 1369
(174, 264) 1370
(172, 265) 1371
(170, 267) 1372
(169, 269) 1373
(163, 271) 1374
(166, 273) 1375
(168, 276) 1376
(167, 279) 1377
(163, 281) 1378
(159, 283) 1379
(155, 285) 1380
(151, 288) 1381
(148, 290) 1382
(145, 292) 1383
(143, 293) 1384
(140, 295) 1385
(138, 297) 1386
(136, 299) 1387
(134, 301) 1388
(129, 303) 1389
(125, 306) 1390
(121, 308) 1391
(117, 310) 1392
(114, 313) 1393
(111, 315) 1394
(108, 317) 1395
(105, 319) 1396
(103, 321) 1397
(101, 323) 1398
(99, 325) 1399
(98, 327) 1400
(96, 329) 1401
(95, 331) 1402
(94, 333) 1403
(94, 335) 1404
(98, 337) 1405
(99, 339) 1406
(105, 341) 1407
(118, 342) 1408
(132, 344) 1409
(142, 346) 1410
