(978, 499) 20
(978, 498) 21
(982, 499) 22
(987, 499) 23
(991, 500) 24
(995, 501) 25
(999, 501) 26
(1003, 502) 27
(1006, 502) 28
(1009, 503) 29
(1012, 503) 30
(1014, 504) 31
(1015, 504) 32
(1017, 505) 33
(1018, 505) 34
(1019, 506) 35
(1021, 506) 36
(1024, 506) 37
(1024, 506) 38
(1024, 507) 39
(1027, 507) 40
(1027, 507) 41
(1030, 507) 42
(1033, 507) 43
(1036, 506) 44
(1039, 505) 45
(1042, 506) 46
(1041, 506) 47
(1034, 506) 48
(1027, 506) 49
(1021, 506) 50
(1016, 506) 51
(1012, 506) 52
(1008, 506) 53
(1004, 506) 54
(1001, 506) 55
(999, 506) 56
(996, 506) 57
(994, 506) 58
(992, 506) 59
(990, 506) 60
(988, 506) 61
(986, 506) 62
(985, 506) 63
(988, 506) 64
(992, 506) 65
(997, 506) 66
(1000, 506) 67
(997, 505) 68
(992, 505) 69
(986, 504) 70
(980, 504) 71
(975, 503) 72
(974, 503) 73
(973, 504) 74
(974, 503) 75
(974, 503) 76
(975, 503) 77
(975, 502) 78
(979, 502) 79
(983, 502) 80
(987, 502) 81
(990, 502) 82
(990, 502) 83
(991, 503) 84
(991, 504) 85
(992, 504) 86
(992, 505) 87
(992, 506) 88
(990, 506) 89
(988, 507) 90
(988, 507) 91
(989, 506) 92
(993, 504) 93
(996, 502) 94
(999, 499) 95
(1002, 496) 96
(1005, 494) 97
(1008, 491) 98
(1011, 488) 99
(1015, 485) 100
(1018, 482) 101
(1021, 479) 102
(1021, 478) 103
(1021, 476) 104
(1025, 476) 105
(1023, 475) 106
(1353, 446) 44
(1348, 445) 45
(1343, 445) 46
(1339, 445) 47
(1335, 445) 48
(1332, 445) 49
(1328, 445) 50
(1326, 445) 51
(1323, 444) 52
(1321, 444) 53
(1319, 444) 54
(1317, 444) 55
(1315, 444) 56
(1314, 444) 57
(1313, 444) 58
(1311, 444) 59
(1310, 443) 60
(1309, 443) 61
(1309, 443) 62
(1310, 444) 63
(1310, 443) 64
(1312, 443) 65
(1316, 443) 66
(1325, 443) 67
(1334, 444) 68
(1342, 443) 69
(1349, 443) 70
(1349, 443) 71
(1346, 444) 72
(1343, 444) 73
(1340, 445) 74
(1341, 445) 75
(1343, 445) 76
(1345, 446) 77
(1345, 447) 78
(1347, 447) 79
(1349, 448) 80
(1352, 448) 81
(1355, 449) 82
(1358, 449) 83
(1362, 450) 84
(1368, 450) 85
(1373, 450) 86
(1373, 450) 87
(1374, 451) 88
(1375, 451) 89
(1382, 452) 90
(1393, 453) 91
(1402, 453) 92
(1411, 453) 93
(1415, 453) 94
(1414, 454) 95
(1415, 455) 96
(1418, 455) 97
(1419, 455) 98
(1420, 455) 99
(1421, 455) 100
(1423, 454) 101
(1427, 454) 102
(1427, 455) 103
(1424, 456) 104
(1426, 456) 105
(1427, 456) 106
(1428, 455) 107
(1428, 455) 108
(1429, 455) 109
(1430, 454) 110
(1431, 454) 111
(1432, 454) 112
(1433, 453) 113
(1434, 453) 114
(1435, 453) 115
(1435, 453) 116
(1436, 452) 117
(1436, 452) 118
(1436, 452) 119
(1436, 451) 120
(1436, 451) 121
(1436, 451) 122
(1437, 450) 123
(1432, 450) 124
(1425, 450) 125
(1419, 451) 126
(1411, 452) 127
(1404, 452) 128
(1399, 453) 129
(1395, 454) 130
(1391, 454) 131
(1388, 455) 132
(1386, 456) 133
(1386, 457) 134
(1386, 459) 135
(1385, 460) 136
(1385, 461) 137
(1384, 463) 138
(1384, 464) 139
(1383, 465) 140
(1387, 465) 141
(1393, 465) 142
(1394, 465) 143
(1396, 465) 144
(1397, 464) 145
(1398, 464) 146
(1398, 464) 147
(1396, 465) 148
(1396, 464) 149
(1394, 464) 150
(1392, 464) 151
(1389, 464) 152
(1384, 465) 153
(1384, 465) 154
(1387, 466) 155
(1390, 467) 156
(1392, 468) 157
(1392, 468) 158
(1393, 468) 159
(1397, 469) 160
(1400, 469) 161
(1403, 469) 162
(1406, 469) 163
(1407, 469) 164
(1407, 470) 165
(1407, 470) 166
(1406, 471) 167
(1404, 472) 168
(1406, 472) 169
(1407, 472) 170
(1408, 472) 171
(1410, 471) 172
(1415, 471) 173
(1420, 470) 174
(1424, 469) 175
(1428, 469) 176
(1431, 468) 177
(1434, 467) 178
(1434, 467) 179
(1434, 466) 180
(1429, 467) 181
(1425, 467) 182
(1424, 466) 183
(1424, 466) 184
(1423, 465) 185
(1418, 465) 186
(1419, 465) 187
(1420, 464) 188
(1421, 464) 189
(1417, 464) 190
(1420, 465) 191
(1422, 465) 192
(1423, 465) 193
(1425, 465) 194
(1425, 465) 195
(1424, 465) 196
(1423, 466) 197
(1426, 467) 198
(1424, 467) 199
(1423, 468) 200
(1416, 467) 201
(1413, 467) 202
(1407, 467) 203
(1404, 467) 204
(1402, 468) 205
(1401, 468) 206
(1400, 469) 207
(1399, 469) 208
(1399, 469) 209
(1397, 469) 210
(1396, 469) 211
(1393, 468) 212
(1393, 468) 213
(1393, 468) 214
(1392, 468) 215
(1390, 468) 216
(1387, 468) 217
(1389, 469) 218
(1393, 468) 219
(1397, 468) 220
(1400, 468) 221
(1403, 468) 222
(1407, 467) 223
(1410, 467) 224
(1410, 467) 225
(1414, 467) 226
(1415, 468) 227
(1418, 468) 228
(1420, 467) 229
(1422, 468) 230
(1420, 468) 231
(1417, 468) 232
(1414, 469) 233
(1410, 469) 234
(1409, 470) 235
(1404, 470) 236
(1396, 471) 237
(1386, 471) 238
(1384, 471) 239
(1385, 472) 240
(1385, 472) 241
(1382, 473) 242
(1378, 472) 243
(1372, 472) 244
(1371, 472) 245
(1365, 471) 246
(1361, 469) 247
(1356, 468) 248
(1357, 468) 249
(1361, 469) 250
(1369, 469) 251
(1371, 468) 252
(1371, 468) 253
(1370, 466) 254
(1366, 464) 255
(1363, 462) 256
(1360, 461) 257
(1357, 459) 258
(1354, 457) 259
(1350, 456) 260
(1348, 455) 261
(1346, 454) 262
(1348, 453) 263
(1348, 452) 264
(1349, 452) 265
(1349, 452) 266
(1356, 453) 267
(1358, 453) 268
(1364, 454) 269
(1368, 455) 270
(1374, 456) 271
(1378, 458) 272
(1383, 459) 273
(1383, 460) 274
(1383, 462) 275
(1380, 464) 276
(1380, 466) 277
(1383, 467) 278
(1386, 468) 279
(1388, 469) 280
(1391, 470) 281
(1393, 471) 282
(1393, 472) 283
(1385, 472) 284
(1384, 473) 285
(1383, 474) 286
(1381, 474) 287
(1380, 475) 288
(1379, 475) 289
(1377, 476) 290
(1376, 477) 291
(1374, 478) 292
(1373, 479) 293
(1366, 479) 294
(1360, 479) 295
(1354, 479) 296
(1349, 480) 297
(1344, 480) 298
(1340, 480) 299
(1337, 480) 300
(1336, 482) 301
(1336, 483) 302
(1342, 484) 303
(1347, 485) 304
(1352, 485) 305
(1364, 485) 306
(1374, 485) 307
(1384, 485) 308
(1392, 485) 309
(1400, 485) 310
(1407, 485) 311
(1405, 485) 312
(1403, 485) 313
(1398, 487) 314
(1398, 487) 315
(1398, 487) 316
(1399, 488) 317
(1399, 488) 318
(1398, 489) 319
(1397, 490) 320
(1397, 491) 321
(1400, 492) 322
(1401, 493) 323
(1408, 493) 324
(1408, 494) 325
(1409, 495) 326
(1410, 496) 327
(1409, 497) 328
(1407, 498) 329
(1405, 499) 330
(1403, 501) 331
(1398, 502) 332
(1393, 504) 333
(1391, 506) 334
(1387, 508) 335
(1382, 510) 336
(1376, 512) 337
(1374, 514) 338
(1372, 516) 339
(1367, 518) 340
(1364, 520) 341
(1362, 522) 342
(1359, 524) 343
(1357, 525) 344
(1359, 526) 345
(1361, 526) 346
(1361, 526) 347
(1362, 525) 348
(1364, 524) 349
(1364, 524) 350
(1368, 524) 351
(1373, 524) 352
(1384, 524) 353
(1391, 524) 354
(1398, 524) 355
(1403, 524) 356
(1404, 525) 357
(1403, 525) 358
(1403, 526) 359
(1406, 526) 360
(1410, 526) 361
(1414, 525) 362
(1414, 525) 363
(1413, 525) 364
(1405, 525) 365
(1401, 525) 366
(1394, 525) 367
(1379, 526) 368
(1360, 527) 369
(1343, 527) 370
(1328, 528) 371
(1314, 529) 372
(1305, 529) 373
(387, 527) 64
(385, 526) 65
(385, 526) 66
(384, 525) 67
(388, 525) 68
(385, 525) 69
(384, 525) 70
(384, 525) 71
(384, 524) 72
(386, 524) 73
(386, 524) 74
(383, 523) 75
(379, 523) 76
(379, 523) 77
(375, 522) 78
(372, 522) 79
(369, 521) 80
(370, 521) 81
(365, 521) 82
(361, 520) 83
(361, 520) 84
(357, 520) 85
(358, 520) 86
(360, 519) 87
(361, 519) 88
(361, 519) 89
(358, 519) 90
(354, 518) 91
(350, 518) 92
(347, 517) 93
(344, 517) 94
(344, 516) 95
(348, 516) 96
(353, 515) 97
(358, 514) 98
(364, 514) 99
(368, 514) 100
(369, 513) 101
(369, 512) 102
(367, 511) 103
(368, 512) 104
(369, 512) 105
(370, 512) 106
(371, 512) 107
(371, 512) 108
(372, 512) 109
(373, 513) 110
(373, 513) 111
(374, 513) 112
(374, 513) 113
(375, 513) 114
(375, 513) 115
(375, 513) 116
(376, 513) 117
(376, 514) 118
(376, 514) 119
(377, 514) 120
(377, 514) 121
(377, 514) 122
(377, 514) 123
(377, 514) 124
(381, 514) 125
(383, 514) 126
(384, 514) 127
(386, 514) 128
(388, 513) 129
(390, 513) 130
(394, 513) 131
(398, 513) 132
(404, 513) 133
(404, 513) 134
(404, 512) 135
(404, 512) 136
(404, 512) 137
(404, 511) 138
(401, 510) 139
(398, 509) 140
(395, 508) 141
(391, 507) 142
(388, 506) 143
(389, 505) 144
(389, 504) 145
(394, 504) 146
(393, 504) 147
(391, 504) 148
(388, 504) 149
(382, 505) 150
(376, 505) 151
(370, 506) 152
(361, 506) 153
(353, 505) 154
(344, 506) 155
(341, 507) 156
(343, 506) 157
(345, 506) 158
(345, 506) 159
(344, 505) 160
(342, 505) 161
(340, 505) 162
(339, 505) 163
(337, 505) 164
(336, 505) 165
(334, 505) 166
(333, 505) 167
(331, 505) 168
(330, 505) 169
(328, 505) 170
(327, 505) 171
(325, 505) 172
(324, 505) 173
(322, 505) 174
(323, 505) 175
(324, 506) 176
(324, 506) 177
(324, 507) 178
(324, 507) 179
(324, 507) 180
(324, 508) 181
(324, 508) 182
(324, 509) 183
(324, 509) 184
(323, 510) 185
(322, 510) 186
(321, 511) 187
(319, 511) 188
(317, 512) 189
(315, 513) 190
(313, 513) 191
(310, 514) 192
(307, 514) 193
(1649, 481) 128
(1648, 479) 129
(1648, 478) 130
(1647, 477) 131
(1646, 476) 132
(1646, 475) 133
(1646, 474) 134
(1647, 473) 135
(1649, 473) 136
(1651, 472) 137
(1655, 471) 138
(1657, 470) 139
(1657, 470) 140
(1663, 470) 141
(1672, 469) 142
(1682, 469) 143
(1691, 469) 144
(1700, 469) 145
(1705, 469) 146
(1711, 469) 147
(1716, 470) 148
(1721, 470) 149
(1726, 470) 150
(1730, 470) 151
(1731, 471) 152
(1731, 471) 153
(1732, 472) 154
(1733, 472) 155
(1734, 473) 156
(1735, 473) 157
(1736, 473) 158
(1736, 474) 159
(1740, 474) 160
(1740, 475) 161
(1740, 475) 162
(1740, 476) 163
(1740, 477) 164
(1738, 478) 165
(1737, 479) 166
(1735, 480) 167
(1728, 481) 168
(1722, 482) 169
(1712, 483) 170
(1703, 484) 171
(1696, 485) 172
(1689, 486) 173
(1680, 486) 174
(1675, 486) 175
(1671, 486) 176
(1668, 486) 177
(1665, 486) 178
(1662, 487) 179
(1662, 487) 180
(1662, 487) 181
(1664, 487) 182
(1664, 487) 183
(1663, 488) 184
(1663, 488) 185
(1659, 488) 186
(1654, 489) 187
(1646, 489) 188
(1638, 490) 189
(1629, 490) 190
(1622, 491) 191
(1615, 491) 192
(1610, 491) 193
(1604, 492) 194
(1599, 492) 195
(1598, 493) 196
(1596, 493) 197
(1595, 493) 198
(1594, 494) 199
(1592, 494) 200
(1591, 494) 201
(1590, 495) 202
(1590, 495) 203
(1589, 495) 204
(1588, 496) 205
(1588, 496) 206
(1587, 496) 207
(1587, 497) 208
(1586, 497) 209
(1586, 497) 210
(1591, 496) 211
(1590, 496) 212
(1017, 476) 145
(1013, 477) 146
(1010, 476) 147
(1007, 477) 148
(1003, 476) 149
(999, 476) 150
(998, 476) 151
(998, 478) 152
(996, 479) 153
(993, 479) 154
(991, 479) 155
(991, 479) 156
(991, 479) 157
(992, 480) 158
(992, 480) 159
(992, 481) 160
(994, 481) 161
(995, 481) 162
(996, 481) 163
(996, 482) 164
(996, 482) 165
(1000, 482) 166
(1001, 482) 167
(1003, 483) 168
(1007, 483) 169
(1008, 484) 170
(1011, 484) 171
(1013, 485) 172
(1018, 486) 173
(1016, 487) 174
(1014, 488) 175
(1012, 489) 176
(1010, 490) 177
(1011, 491) 178
(1014, 492) 179
(1018, 494) 180
(1022, 494) 181
(1021, 495) 182
(1021, 495) 183
(1021, 496) 184
(1021, 497) 185
(1020, 497) 186
(1021, 498) 187
(1025, 499) 188
(1029, 499) 189
(1028, 500) 190
(1025, 500) 191
(1023, 501) 192
(1023, 502) 193
(1023, 502) 194
(1023, 503) 195
(1031, 503) 196
(1032, 504) 197
(1035, 505) 198
(1037, 506) 199
(1036, 507) 200
(1034, 507) 201
(1032, 508) 202
(1028, 509) 203
(1024, 510) 204
(1020, 510) 205
(1020, 511) 206
(1018, 511) 207
(1018, 511) 208
(1017, 511) 209
(1017, 511) 210
(1016, 512) 211
(1013, 512) 212
(1009, 513) 213
(1012, 513) 214
(1013, 514) 215
(1012, 514) 216
(1011, 514) 217
(1010, 515) 218
(1009, 515) 219
(1008, 516) 220
(1008, 516) 221
(1007, 516) 222
(1003, 516) 223
(999, 517) 224
(996, 517) 225
(993, 517) 226
(993, 517) 227
(991, 517) 228
(988, 517) 229
(983, 516) 230
(982, 516) 231
(982, 516) 232
(982, 517) 233
(982, 517) 234
(984, 517) 235
(987, 517) 236
(988, 517) 237
(990, 518) 238
(997, 517) 239
(1002, 517) 240
(1005, 517) 241
(1008, 517) 242
(1010, 516) 243
(1010, 517) 244
(1010, 517) 245
(1010, 516) 246
(1011, 516) 247
(1012, 516) 248
(1012, 517) 249
(1012, 517) 250
(1010, 517) 251
(1008, 517) 252
(1006, 517) 253
(1004, 517) 254
(1001, 517) 255
(1002, 517) 256
(1003, 516) 257
(1004, 516) 258
(1005, 516) 259
(1006, 517) 260
(1006, 517) 261
(1004, 517) 262
(1005, 518) 263
(1006, 518) 264
(1009, 518) 265
(1012, 518) 266
(1014, 519) 267
(1016, 519) 268
(1017, 519) 269
(1019, 520) 270
(1018, 520) 271
(1019, 520) 272
(1020, 520) 273
(1027, 519) 274
(1031, 517) 275
(1035, 515) 276
(1039, 513) 277
(1043, 511) 278
(1046, 509) 279
(1049, 506) 280
(1053, 504) 281
(1055, 503) 282
(1058, 502) 283
(1062, 502) 284
(1065, 501) 285
(1068, 500) 286
(1071, 499) 287
(1073, 498) 288
(1076, 498) 289
(1076, 497) 290
(1072, 496) 291
(1067, 496) 292
(1063, 495) 293
(1057, 495) 294
(1051, 495) 295
(1045, 495) 296
(1041, 495) 297
(1036, 495) 298
(1036, 495) 299
(1036, 495) 300
(1039, 495) 301
(1043, 494) 302
(1048, 494) 303
(1052, 493) 304
(1056, 493) 305
(1060, 493) 306
(1063, 493) 307
(1066, 493) 308
(1069, 492) 309
(1069, 492) 310
(1068, 493) 311
(1065, 493) 312
(1062, 494) 313
(1057, 495) 314
(1052, 495) 315
(1043, 496) 316
(1040, 496) 317
(1038, 497) 318
(1034, 497) 319
(1030, 498) 320
(1025, 498) 321
(1023, 499) 322
(1021, 499) 323
(1020, 500) 324
(1015, 500) 325
(1009, 501) 326
(1006, 501) 327
(1003, 501) 328
(1001, 501) 329
(998, 501) 330
(995, 501) 331
(985, 500) 332
(977, 500) 333
(969, 500) 334
(962, 500) 335
(955, 500) 336
(955, 501) 337
(953, 501) 338
(948, 502) 339
(943, 502) 340
(1919, 678) 157
(1919, 678) 158
(1919, 678) 159
(1919, 678) 160
(1919, 678) 161
(1919, 678) 162
(1919, 678) 163
(1919, 678) 164
(1919, 678) 165
(2, 676) 166
(8, 674) 167
(11, 674) 168
(13, 673) 169
(18, 673) 170
(21, 673) 171
(21, 673) 172
(23, 673) 173
(24, 673) 174
(25, 673) 175
(27, 673) 176
(28, 673) 177
(29, 674) 178
(29, 674) 179
(29, 674) 180
(28, 674) 181
(27, 674) 182
(26, 674) 183
(26, 673) 184
(25, 672) 185
(25, 671) 186
(25, 670) 187
(24, 668) 188
(19, 666) 189
(15, 664) 190
(15, 664) 191
(15, 663) 192
(17, 662) 193
(19, 662) 194
(20, 661) 195
(26, 660) 196
(31, 659) 197
(35, 659) 198
(39, 658) 199
(41, 657) 200
(43, 656) 201
(49, 654) 202
(55, 651) 203
(61, 649) 204
(65, 647) 205
(70, 645) 206
(73, 643) 207
(77, 641) 208
(80, 639) 209
(83, 637) 210
(85, 636) 211
(88, 634) 212
(90, 632) 213
(91, 630) 214
(93, 629) 215
(95, 627) 216
(96, 625) 217
(96, 624) 218
(91, 622) 219
(86, 621) 220
(81, 620) 221
(76, 619) 222
(73, 620) 223
(71, 620) 224
(68, 620) 225
(65, 621) 226
(60, 622) 227
(60, 623) 228
(59, 624) 229
(56, 625) 230
(54, 626) 231
(52, 627) 232
(52, 628) 233
(49, 629) 234
(49, 630) 235
(49, 631) 236
(48, 632) 237
(48, 633) 238
(47, 634) 239
(45, 634) 240
(41, 634) 241
(38, 633) 242
(36, 633) 243
(33, 631) 244
(30, 629) 245
(30, 629) 246
(30, 629) 247
(30, 630) 248
(30, 631) 249
(31, 631) 250
(31, 632) 251
(31, 632) 252
(29, 633) 253
(28, 633) 254
(29, 633) 255
(31, 633) 256
(32, 633) 257
(34, 633) 258
(35, 633) 259
(36, 633) 260
(36, 633) 261
(33, 633) 262
(33, 633) 263
(31, 633) 264
(29, 633) 265
(27, 632) 266
(25, 632) 267
(24, 632) 268
(23, 633) 269
(22, 633) 270
(20, 633) 271
(19, 634) 272
(17, 634) 273
(15, 634) 274
(13, 634) 275
(12, 635) 276
(11, 634) 277
(9, 632) 278
(11, 632) 279
(13, 631) 280
(15, 631) 281
(17, 630) 282
(20, 630) 283
(23, 629) 284
(26, 630) 285
(29, 630) 286
(30, 631) 287
(29, 631) 288
(27, 631) 289
(26, 631) 290
(22, 630) 291
(18, 629) 292
(18, 628) 293
(18, 628) 294
(20, 627) 295
(19, 627) 296
(18, 626) 297
(18, 626) 298
(1929, 626) 299
(1927, 627) 300
(1926, 627) 301
(1926, 628) 302
(1927, 628) 303
(17, 628) 304
(20, 629) 305
(24, 629) 306
(30, 629) 307
(35, 629) 308
(34, 629) 309
(34, 630) 310
(34, 631) 311
(34, 632) 312
(34, 632) 313
(34, 632) 314
(34, 630) 315
(33, 629) 316
(33, 628) 317
(33, 627) 318
(34, 625) 319
(35, 624) 320
(36, 622) 321
(36, 621) 322
(38, 620) 323
(40, 620) 324
(41, 620) 325
(43, 620) 326
(44, 619) 327
(45, 619) 328
(46, 619) 329
(47, 619) 330
(48, 619) 331
(48, 618) 332
(49, 618) 333
(49, 618) 334
(50, 618) 335
(50, 618) 336
(51, 617) 337
(51, 617) 338
(51, 617) 339
(46, 617) 340
(42, 618) 341
(38, 618) 342
(34, 618) 343
(31, 618) 344
(28, 618) 345
(25, 619) 346
(28, 618) 347
(27, 616) 348
(25, 614) 349
(21, 612) 350
(21, 610) 351
(27, 608) 352
(31, 606) 353
(36, 605) 354
(40, 603) 355
(44, 601) 356
(47, 600) 357
(50, 598) 358
(53, 597) 359
(55, 596) 360
(58, 594) 361
(60, 593) 362
(61, 591) 363
(63, 590) 364
(64, 589) 365
(66, 588) 366
(65, 587) 367
(63, 587) 368
(61, 587) 369
(60, 587) 370
(58, 587) 371
(57, 587) 372
(56, 586) 373
(56, 586) 374
(58, 585) 375
(68, 584) 376
(76, 583) 377
(82, 583) 378
(84, 582) 379
(86, 581) 380
(88, 581) 381
(94, 582) 382
(99, 584) 383
(104, 585) 384
(109, 586) 385
(116, 587) 386
(120, 588) 387
(123, 589) 388
(126, 590) 389
(128, 591) 390
(134, 591) 391
(139, 592) 392
(143, 592) 393
(147, 593) 394
(150, 593) 395
(154, 594) 396
(154, 594) 397
(151, 594) 398
(144, 595) 399
(138, 595) 400
(132, 596) 401
(127, 596) 402
(123, 596) 403
(118, 596) 404
(114, 596) 405
(109, 596) 406
(111, 595) 407
(111, 595) 408
(112, 595) 409
(115, 596) 410
(117, 596) 411
(117, 597) 412
(113, 597) 413
(108, 596) 414
(98, 595) 415
(92, 595) 416
(87, 595) 417
(82, 595) 418
(82, 595) 419
(85, 596) 420
(89, 597) 421
(90, 597) 422
(92, 597) 423
(95, 598) 424
(97, 599) 425
(102, 599) 426
(106, 600) 427
(109, 600) 428
(112, 600) 429
(113, 601) 430
(114, 601) 431
(114, 601) 432
(115, 601) 433
(115, 602) 434
(115, 601) 435
(118, 600) 436
(117, 600) 437
(113, 600) 438
(113, 599) 439
(113, 599) 440
(112, 598) 441
(112, 597) 442
(111, 597) 443
(109, 597) 444
(105, 596) 445
(103, 595) 446
(103, 592) 447
(104, 589) 448
(106, 587) 449
(107, 584) 450
(108, 582) 451
(108, 579) 452
(108, 578) 453
(108, 576) 454
(108, 574) 455
(108, 572) 456
(108, 571) 457
(109, 570) 458
(108, 569) 459
(107, 569) 460
(106, 569) 461
(107, 570) 462
(108, 569) 463
(110, 569) 464
(112, 569) 465
(112, 569) 466
(113, 568) 467
(115, 567) 468
(116, 566) 469
(118, 566) 470
(119, 566) 471
(118, 566) 472
(118, 566) 473
(118, 568) 474
(119, 569) 475
(119, 571) 476
(119, 571) 477
(120, 573) 478
(121, 574) 479
(122, 575) 480
(122, 576) 481
(121, 578) 482
(120, 580) 483
(122, 581) 484
(123, 582) 485
(122, 583) 486
(120, 584) 487
(118, 586) 488
(116, 587) 489
(117, 588) 490
(119, 589) 491
(120, 590) 492
(121, 591) 493
(122, 592) 494
(123, 593) 495
(120, 595) 496
(121, 595) 497
(122, 596) 498
(123, 597) 499
(124, 598) 500
(125, 599) 501
(125, 599) 502
(125, 600) 503
(126, 601) 504
(126, 601) 505
(126, 602) 506
(126, 602) 507
(127, 603) 508
(127, 603) 509
(124, 604) 510
(121, 605) 511
(122, 606) 512
(123, 606) 513
(120, 607) 514
(115, 607) 515
(116, 608) 516
(118, 608) 517
(120, 608) 518
(121, 609) 519
(122, 609) 520
(123, 610) 521
(124, 610) 522
(124, 610) 523
(125, 611) 524
(126, 611) 525
(126, 611) 526
(126, 612) 527
(127, 612) 528
(127, 612) 529
(127, 613) 530
(127, 612) 531
(127, 611) 532
(128, 610) 533
(129, 609) 534
(130, 608) 535
(130, 607) 536
(130, 605) 537
(130, 604) 538
(130, 603) 539
(126, 602) 540
(126, 601) 541
(125, 599) 542
(124, 598) 543
(123, 597) 544
(122, 596) 545
(124, 596) 546
(124, 597) 547
(124, 598) 548
(124, 598) 549
(124, 599) 550
(125, 599) 551
(124, 599) 552
(116, 599) 553
(109, 598) 554
(103, 598) 555
(97, 597) 556
(92, 597) 557
(91, 597) 558
(91, 597) 559
(93, 597) 560
(95, 597) 561
(100, 598) 562
(104, 598) 563
(106, 598) 564
(105, 598) 565
(105, 598) 566
(104, 598) 567
(104, 599) 568
(102, 599) 569
(101, 599) 570
(102, 599) 571
(105, 600) 572
(109, 600) 573
(114, 600) 574
(119, 599) 575
(123, 599) 576
(122, 598) 577
(122, 598) 578
(123, 598) 579
(124, 598) 580
(127, 598) 581
(131, 599) 582
(134, 600) 583
(138, 600) 584
(138, 601) 585
(139, 602) 586
(139, 603) 587
(139, 604) 588
(139, 605) 589
(139, 606) 590
(132, 607) 591
(129, 608) 592
(126, 608) 593
(123, 609) 594
(120, 610) 595
(116, 611) 596
(112, 611) 597
(114, 611) 598
(116, 611) 599
(117, 611) 600
(118, 611) 601
(120, 612) 602
(121, 612) 603
(123, 612) 604
(124, 612) 605
(125, 613) 606
(126, 613) 607
(126, 613) 608
(127, 613) 609
(128, 613) 610
(129, 614) 611
(130, 614) 612
(132, 614) 613
(135, 614) 614
(135, 613) 615
(135, 613) 616
(135, 613) 617
(135, 612) 618
(135, 612) 619
(134, 612) 620
(134, 612) 621
(134, 611) 622
(134, 611) 623
(133, 610) 624
(132, 609) 625
(131, 608) 626
(130, 607) 627
(129, 606) 628
(129, 605) 629
(127, 604) 630
(126, 604) 631
(125, 603) 632
(126, 603) 633
(127, 603) 634
(126, 602) 635
(126, 601) 636
(128, 601) 637
(130, 601) 638
(317, 555) 229
(316, 555) 230
(314, 555) 231
(313, 555) 232
(313, 554) 233
(312, 554) 234
(311, 553) 235
(311, 552) 236
(312, 550) 237
(320, 549) 238
(326, 548) 239
(339, 547) 240
(350, 547) 241
(358, 545) 242
(365, 544) 243
(371, 544) 244
(375, 543) 245
(378, 543) 246
(379, 543) 247
(379, 542) 248
(379, 542) 249
(379, 541) 250
(378, 541) 251
(378, 540) 252
(378, 540) 253
(378, 540) 254
(378, 539) 255
(378, 539) 256
(378, 538) 257
(378, 538) 258
(378, 538) 259
(378, 537) 260
(378, 537) 261
(372, 536) 262
(374, 535) 263
(382, 534) 264
(395, 534) 265
(413, 533) 266
(435, 532) 267
(455, 531) 268
(473, 531) 269
(489, 530) 270
(503, 529) 271
(516, 528) 272
(528, 528) 273
(539, 527) 274
(548, 527) 275
(557, 526) 276
(564, 525) 277
(571, 525) 278
(577, 524) 279
(583, 523) 280
(588, 523) 281
(593, 522) 282
(597, 522) 283
(600, 521) 284
(604, 521) 285
(607, 520) 286
(604, 519) 287
(602, 517) 288
(600, 515) 289
(601, 515) 290
(602, 514) 291
(602, 513) 292
(601, 512) 293
(599, 511) 294
(597, 510) 295
(593, 509) 296
(588, 509) 297
(583, 509) 298
(578, 509) 299
(572, 509) 300
(569, 509) 301
(565, 508) 302
(561, 508) 303
(557, 508) 304
(554, 507) 305
(551, 507) 306
(548, 506) 307
(546, 506) 308
(544, 506) 309
(542, 505) 310
(542, 505) 311
(542, 506) 312
(540, 507) 313
(534, 508) 314
(521, 509) 315
(511, 509) 316
(502, 510) 317
(493, 510) 318
(483, 510) 319
(477, 511) 320
(469, 511) 321
(455, 511) 322
(441, 511) 323
(427, 511) 324
(415, 511) 325
(403, 511) 326
(393, 511) 327
(384, 511) 328
(375, 511) 329
(367, 511) 330
(358, 511) 331
(353, 511) 332
(729, 373) 231
(726, 373) 232
(720, 372) 233
(712, 372) 234
(711, 373) 235
(706, 373) 236
(697, 373) 237
(686, 373) 238
(676, 373) 239
(667, 372) 240
(652, 372) 241
(639, 372) 242
(628, 370) 243
(619, 369) 244
(611, 367) 245
(607, 366) 246
(604, 364) 247
(603, 362) 248
(602, 361) 249
(601, 359) 250
(600, 358) 251
(599, 356) 252
(599, 355) 253
(598, 353) 254
(597, 352) 255
(597, 350) 256
(597, 349) 257
(596, 348) 258
(596, 346) 259
(595, 345) 260
(595, 344) 261
(595, 342) 262
(595, 341) 263
(594, 340) 264
(594, 339) 265
(594, 338) 266
(587, 337) 267
(584, 336) 268
(583, 335) 269
(582, 333) 270
(582, 332) 271
(583, 331) 272
(584, 330) 273
(587, 329) 274
(591, 328) 275
(595, 327) 276
(605, 326) 277
(615, 324) 278
(625, 322) 279
(636, 321) 280
(646, 320) 281
(655, 318) 282
(663, 317) 283
(678, 316) 284
(692, 315) 285
(706, 314) 286
(721, 313) 287
(738, 313) 288
(755, 313) 289
(771, 314) 290
(1003, 274) 234
(1003, 274) 235
(1003, 274) 236
(1003, 274) 237
(1003, 274) 238
(1003, 274) 239
(1004, 274) 240
(1004, 274) 241
(1005, 274) 242
(1005, 274) 243
(1005, 274) 244
(1006, 274) 245
(1006, 274) 246
(1010, 275) 247
(1012, 275) 248
(1013, 275) 249
(1013, 275) 250
(1012, 274) 251
(1005, 274) 252
(1003, 274) 253
(996, 274) 254
(990, 275) 255
(990, 275) 256
(989, 276) 257
(989, 276) 258
(989, 277) 259
(990, 278) 260
(990, 278) 261
(990, 278) 262
(990, 279) 263
(989, 279) 264
(988, 280) 265
(990, 280) 266
(996, 281) 267
(1003, 282) 268
(1007, 284) 269
(1010, 287) 270
(1014, 289) 271
(1017, 291) 272
(1020, 294) 273
(1022, 296) 274
(1025, 298) 275
(1027, 301) 276
(1028, 303) 277
(1030, 307) 278
(1030, 311) 279
(1027, 315) 280
(1024, 319) 281
(1022, 323) 282
(1020, 327) 283
(1020, 331) 284
(1022, 335) 285
(1025, 340) 286
(1026, 344) 287
(1028, 348) 288
(1029, 352) 289
(1029, 355) 290
(1030, 359) 291
(1031, 363) 292
(1031, 367) 293
(1032, 370) 294
(1032, 374) 295
(1033, 377) 296
(1039, 379) 297
(1043, 382) 298
(1048, 384) 299
(1052, 387) 300
(1056, 389) 301
(1059, 391) 302
(1062, 393) 303
(1065, 395) 304
(1067, 398) 305
(1070, 400) 306
(1072, 402) 307
(1073, 404) 308
(1075, 406) 309
(1076, 407) 310
(1078, 409) 311
(1079, 411) 312
(1080, 413) 313
(1081, 415) 314
(1082, 416) 315
(1083, 419) 316
(1085, 422) 317
(1086, 424) 318
(1087, 427) 319
(1088, 430) 320
(1089, 432) 321
(1090, 434) 322
(1090, 437) 323
(1091, 439) 324
(1092, 441) 325
(1092, 444) 326
(1092, 446) 327
(1092, 447) 328
(1093, 447) 329
(1096, 448) 330
(1098, 448) 331
(1100, 448) 332
(1108, 450) 333
(1110, 451) 334
(1112, 453) 335
(1114, 455) 336
(1116, 456) 337
(1117, 458) 338
(1119, 460) 339
(1120, 461) 340
(1121, 463) 341
(1122, 465) 342
(1122, 466) 343
(1123, 468) 344
(1124, 469) 345
(1124, 471) 346
(1125, 472) 347
(1125, 474) 348
(1126, 475) 349
(1126, 476) 350
(1126, 478) 351
(1127, 479) 352
(1127, 480) 353
(1127, 482) 354
(1127, 483) 355
(1128, 484) 356
(1122, 484) 357
(1115, 485) 358
(1108, 485) 359
(1106, 487) 360
(1098, 488) 361
(1091, 489) 362
(1085, 489) 363
(1080, 491) 364
(1074, 492) 365
(1071, 493) 366
(1064, 494) 367
(1057, 495) 368
(1051, 496) 369
(1051, 497) 370
(1050, 499) 371
(1050, 500) 372
(1050, 500) 373
(1050, 501) 374
(1050, 502) 375
(1049, 503) 376
(1047, 504) 377
(1045, 504) 378
(1043, 505) 379
(1041, 506) 380
(1040, 506) 381
(1036, 507) 382
(1034, 508) 383
(972, 512) 384
(971, 512) 385
(971, 512) 386
(971, 512) 387
(971, 512) 388
(970, 512) 389
(970, 512) 390
(970, 512) 391
(970, 512) 392
(969, 512) 393
(969, 512) 394
(969, 512) 395
(969, 512) 396
(968, 512) 397
(967, 513) 398
(966, 513) 399
(966, 513) 400
(967, 513) 401
(968, 513) 402
(970, 513) 403
(972, 513) 404
(973, 513) 405
(977, 513) 406
(980, 513) 407
(983, 513) 408
(986, 513) 409
(988, 514) 410
(990, 514) 411
(992, 514) 412
(993, 514) 413
(994, 514) 414
(995, 514) 415
(996, 514) 416
(997, 515) 417
(998, 515) 418
(998, 515) 419
(996, 515) 420
(993, 515) 421
(994, 516) 422
(994, 516) 423
(992, 516) 424
(989, 516) 425
(986, 516) 426
(984, 516) 427
(981, 516) 428
(979, 515) 429
(975, 515) 430
(975, 515) 431
(972, 515) 432
(972, 516) 433
(974, 516) 434
(976, 517) 435
(978, 517) 436
(976, 517) 437
(973, 518) 438
(973, 519) 439
(972, 519) 440
(972, 519) 441
(972, 519) 442
(972, 520) 443
(972, 520) 444
(972, 520) 445
(972, 520) 446
(972, 521) 447
(970, 520) 448
(968, 520) 449
(967, 520) 450
(968, 519) 451
(969, 517) 452
(969, 516) 453
(970, 514) 454
(970, 513) 455
(971, 512) 456
(973, 511) 457
(975, 511) 458
(976, 512) 459
(978, 512) 460
(978, 513) 461
(978, 513) 462
(978, 513) 463
(978, 514) 464
(977, 514) 465
(972, 514) 466
(967, 514) 467
(961, 513) 468
(955, 512) 469
(952, 511) 470
(949, 509) 471
(946, 507) 472
(943, 506) 473
(1705, 556) 397
(1703, 555) 398
(1703, 553) 399
(1703, 551) 400
(1701, 549) 401
(1698, 548) 402
(1694, 547) 403
(1691, 547) 404
(1687, 545) 405
(1683, 545) 406
(1680, 544) 407
(1673, 543) 408
(1658, 543) 409
(1645, 542) 410
(1633, 542) 411
(1616, 541) 412
(1602, 540) 413
(1596, 540) 414
(1590, 539) 415
(1581, 538) 416
(1573, 537) 417
(1559, 536) 418
(1547, 536) 419
(1538, 536) 420
(1530, 536) 421
(1523, 535) 422
(1513, 534) 423
(1508, 535) 424
(1503, 535) 425
(1500, 535) 426
(1500, 535) 427
(1503, 535) 428
(1508, 535) 429
(1513, 535) 430
(1517, 534) 431
(1520, 534) 432
(1524, 534) 433
(1527, 534) 434
(1527, 534) 435
(1524, 534) 436
(1515, 535) 437
(1506, 536) 438
(1498, 537) 439
(1492, 538) 440
(1484, 539) 441
(1479, 540) 442
(1476, 540) 443
(1473, 541) 444
(1472, 541) 445
(1468, 541) 446
(1463, 541) 447
(1459, 541) 448
(1458, 541) 449
(1455, 541) 450
(1452, 541) 451
(1452, 540) 452
(1453, 540) 453
(1453, 539) 454
(1454, 538) 455
(1454, 538) 456
(1449, 538) 457
(1444, 538) 458
(1439, 539) 459
(1434, 539) 460
(1435, 539) 461
(1436, 539) 462
(1437, 538) 463
(1438, 538) 464
(1439, 538) 465
(1439, 538) 466
(1435, 539) 467
(1428, 540) 468
(1423, 540) 469
(1421, 541) 470
(1417, 541) 471
(1406, 542) 472
(1394, 544) 473
(933, 467) 515
(933, 467) 516
(933, 467) 517
(933, 467) 518
(933, 467) 519
(933, 467) 520
(933, 467) 521
(933, 467) 522
(933, 467) 523
(933, 467) 524
(933, 467) 525
(933, 467) 526
(933, 467) 527
(933, 467) 528
(933, 467) 529
(933, 467) 530
(933, 467) 531
(933, 467) 532
(933, 467) 533
(933, 467) 534
(934, 468) 535
(940, 469) 536
(944, 470) 537
(948, 471) 538
(951, 472) 539
(954, 474) 540
(956, 475) 541
(959, 476) 542
(968, 477) 543
(972, 478) 544
(975, 479) 545
(979, 481) 546
(982, 482) 547
(985, 483) 548
(987, 484) 549
(990, 485) 550
(992, 486) 551
(993, 487) 552
(995, 488) 553
(997, 490) 554
(999, 491) 555
(999, 492) 556
(995, 492) 557
(995, 492) 558
(996, 493) 559
(993, 493) 560
(995, 494) 561
(994, 494) 562
(994, 495) 563
(993, 496) 564
(993, 496) 565
(998, 497) 566
(1001, 497) 567
(1002, 498) 568
(1002, 498) 569
(998, 498) 570
(991, 500) 571
(986, 501) 572
(985, 502) 573
(983, 503) 574
(980, 504) 575
(976, 505) 576
(973, 507) 577
(970, 509) 578
(973, 510) 579
(972, 512) 580
(972, 513) 581
(968, 515) 582
(965, 516) 583
(965, 517) 584
(965, 518) 585
(966, 519) 586
(966, 521) 587
(966, 522) 588
(967, 523) 589
(967, 524) 590
(965, 524) 591
(966, 524) 592
(967, 525) 593
(967, 526) 594
(967, 526) 595
(969, 527) 596
(970, 528) 597
(970, 529) 598
(969, 530) 599
(965, 530) 600
(963, 530) 601
(964, 531) 602
(964, 531) 603
(964, 530) 604
(964, 530) 605
(963, 530) 606
(963, 530) 607
(962, 530) 608
(961, 529) 609
(958, 530) 610
(954, 531) 611
(953, 532) 612
(951, 533) 613
(950, 533) 614
(951, 533) 615
(950, 534) 616
(949, 534) 617
(948, 534) 618
(947, 535) 619
(946, 535) 620
(946, 535) 621
(946, 535) 622
(950, 534) 623
(951, 534) 624
(953, 533) 625
(955, 533) 626
(957, 532) 627
(959, 531) 628
(960, 531) 629
(961, 530) 630
(962, 530) 631
(961, 529) 632
(961, 529) 633
(961, 528) 634
(963, 528) 635
(966, 527) 636
(966, 527) 637
(967, 526) 638
(967, 527) 639
(971, 526) 640
(971, 526) 641
(972, 525) 642
(978, 525) 643
(977, 526) 644
(977, 526) 645
(978, 526) 646
(977, 526) 647
(977, 526) 648
(979, 526) 649
(979, 526) 650
(976, 527) 651
(970, 528) 652
(966, 528) 653
(958, 529) 654
(953, 530) 655
(953, 531) 656
(953, 530) 657
(949, 531) 658
(946, 531) 659
(943, 532) 660
(940, 532) 661
(935, 533) 662
(932, 533) 663
(928, 534) 664
(924, 535) 665
(919, 536) 666
(914, 536) 667
(910, 537) 668
(906, 538) 669
(903, 539) 670
(900, 539) 671
(899, 540) 672
(899, 541) 673
(899, 542) 674
(902, 542) 675
(905, 543) 676
(910, 544) 677
(910, 545) 678
(910, 546) 679
(910, 547) 680
(909, 549) 681
(910, 549) 682
(912, 550) 683
(914, 550) 684
(920, 549) 685
(925, 549) 686
(929, 548) 687
(934, 548) 688
(934, 548) 689
(934, 548) 690
(939, 548) 691
(944, 547) 692
(948, 547) 693
(952, 546) 694
(955, 546) 695
(958, 545) 696
(961, 545) 697
(963, 544) 698
(962, 544) 699
(959, 544) 700
(957, 544) 701
(950, 544) 702
(948, 544) 703
(944, 544) 704
(942, 544) 705
(938, 544) 706
(931, 545) 707
(924, 546) 708
(916, 546) 709
(1325, 473) 691
(1325, 473) 692
(1325, 473) 693
(1325, 473) 694
(1325, 473) 695
(1330, 473) 696
(1336, 473) 697
(1342, 473) 698
(1342, 473) 699
(1343, 473) 700
(1348, 473) 701
(1352, 474) 702
(1357, 474) 703
(1362, 475) 704
(1366, 475) 705
(1370, 476) 706
(1374, 476) 707
(1377, 477) 708
(1379, 477) 709
(1382, 478) 710
(1384, 478) 711
(1393, 478) 712
(1401, 477) 713
(1408, 477) 714
(1415, 476) 715
(1422, 476) 716
(1427, 476) 717
(1432, 475) 718
(1437, 475) 719
(1441, 474) 720
(1439, 474) 721
(1438, 474) 722
(1435, 474) 723
(1428, 474) 724
(1422, 474) 725
(1417, 473) 726
(1406, 473) 727
(1394, 473) 728
(1383, 473) 729
(1374, 473) 730
(1365, 473) 731
(1357, 473) 732
(1350, 473) 733
(1344, 473) 734
(1338, 473) 735
(1333, 473) 736
(1328, 473) 737
(1324, 473) 738
(1323, 474) 739
(1320, 475) 740
(1318, 475) 741
(1315, 476) 742
(1313, 477) 743
(1308, 477) 744
(1303, 478) 745
(1299, 478) 746
(1296, 477) 747
(1293, 477) 748
(1290, 477) 749
(1287, 476) 750
(1285, 476) 751
(1283, 476) 752
(1281, 475) 753
(1279, 475) 754
(1278, 475) 755
(1276, 474) 756
(1275, 474) 757
(1274, 474) 758
(1273, 473) 759
(1272, 473) 760
(1272, 473) 761
(1277, 473) 762
(1282, 474) 763
(1288, 475) 764
(1294, 475) 765
(1301, 476) 766
(1306, 477) 767
(1310, 477) 768
(1322, 477) 769
(1334, 478) 770
(1347, 478) 771
(1359, 478) 772
(1370, 479) 773
(1380, 479) 774
(1391, 479) 775
(1401, 479) 776
(1410, 479) 777
(1419, 478) 778
(1427, 478) 779
(1442, 478) 780
(1455, 477) 781
(1466, 476) 782
(1475, 476) 783
(1483, 475) 784
(1489, 475) 785
(1498, 475) 786
(1513, 476) 787
(1525, 476) 788
(1535, 474) 789
(1543, 473) 790
(1551, 472) 791
(1558, 471) 792
(1564, 470) 793
(1570, 469) 794
(1575, 468) 795
(1579, 467) 796
(1584, 466) 797
(1587, 465) 798
(1593, 465) 799
(1602, 466) 800
(1615, 467) 801
(1626, 468) 802
(1636, 469) 803
(1646, 471) 804
(1654, 472) 805
(1661, 473) 806
(1668, 474) 807
(1674, 475) 808
(1680, 476) 809
(1684, 477) 810
(1689, 478) 811
(1693, 479) 812
(1696, 480) 813
(1700, 481) 814
(1702, 482) 815
(1705, 483) 816
(1707, 484) 817
(1710, 485) 818
(1715, 486) 819
(1720, 488) 820
(1725, 489) 821
(1728, 490) 822
(1732, 491) 823
(1735, 492) 824
(1737, 493) 825
(1740, 494) 826
(1742, 495) 827
(1744, 495) 828
(1746, 496) 829
(1746, 497) 830
(1748, 499) 831
(1749, 501) 832
(1751, 502) 833
(1753, 503) 834
(1755, 504) 835
(1757, 504) 836
(1759, 504) 837
(1761, 503) 838
(1764, 502) 839
(1763, 501) 840
(1762, 501) 841
(1761, 501) 842
(1760, 500) 843
(1755, 500) 844
(1751, 501) 845
(1747, 501) 846
(1745, 501) 847
(1742, 501) 848
(1739, 501) 849
(1737, 501) 850
(1735, 501) 851
(1733, 501) 852
(1733, 502) 853
(1736, 502) 854
(1740, 501) 855
(1743, 502) 856
(1748, 502) 857
(1754, 501) 858
(1761, 499) 859
(1767, 498) 860
(1773, 497) 861
(1782, 497) 862
(1791, 497) 863
(1800, 497) 864
(1808, 498) 865
(1816, 498) 866
(1823, 498) 867
(1829, 498) 868
(1829, 498) 869
(1829, 498) 870
(1832, 498) 871
(83, 555) 693
(83, 555) 694
(83, 555) 695
(84, 555) 696
(85, 555) 697
(85, 555) 698
(86, 554) 699
(87, 553) 700
(87, 553) 701
(88, 553) 702
(89, 552) 703
(90, 552) 704
(90, 552) 705
(91, 552) 706
(90, 551) 707
(90, 549) 708
(90, 547) 709
(90, 545) 710
(89, 544) 711
(89, 542) 712
(89, 540) 713
(89, 539) 714
(89, 537) 715
(89, 536) 716
(89, 534) 717
(88, 533) 718
(88, 533) 719
(88, 532) 720
(87, 531) 721
(87, 530) 722
(86, 529) 723
(86, 528) 724
(85, 527) 725
(84, 526) 726
(78, 524) 727
(75, 522) 728
(73, 521) 729
(72, 520) 730
(70, 519) 731
(69, 518) 732
(67, 517) 733
(66, 516) 734
(62, 514) 735
(57, 512) 736
(53, 509) 737
(49, 507) 738
(46, 505) 739
(44, 502) 740
(41, 500) 741
(39, 498) 742
(36, 496) 743
(36, 494) 744
(36, 492) 745
(36, 490) 746
(36, 488) 747
(36, 486) 748
(36, 484) 749
(36, 483) 750
(36, 481) 751
(36, 479) 752
(36, 478) 753
(36, 476) 754
(36, 474) 755
(36, 473) 756
(36, 471) 757
(36, 470) 758
(36, 468) 759
(36, 467) 760
(37, 467) 761
(37, 466) 762
(37, 465) 763
(37, 464) 764
(37, 463) 765
(37, 462) 766
(37, 461) 767
(37, 460) 768
(37, 460) 769
(36, 461) 770
(36, 461) 771
(35, 461) 772
(34, 461) 773
(33, 461) 774
(33, 461) 775
(34, 462) 776
(35, 463) 777
(36, 464) 778
(37, 464) 779
(38, 465) 780
(39, 466) 781
(40, 467) 782
(47, 466) 783
(53, 466) 784
(59, 467) 785
(64, 468) 786
(71, 468) 787
(78, 468) 788
(83, 468) 789
(89, 468) 790
(94, 467) 791
(99, 467) 792
(110, 468) 793
(123, 468) 794
(135, 469) 795
(153, 470) 796
(171, 471) 797
(187, 472) 798
(201, 472) 799
(213, 473) 800
(224, 473) 801
(235, 474) 802
(243, 474) 803
(250, 474) 804
(256, 474) 805
(263, 475) 806
(270, 475) 807
(276, 476) 808
(283, 478) 809
(289, 479) 810
(295, 480) 811
(300, 481) 812
(305, 482) 813
(309, 483) 814
(313, 484) 815
(317, 485) 816
(320, 486) 817
(322, 487) 818
(325, 488) 819
(327, 489) 820
(329, 490) 821
(328, 491) 822
(327, 492) 823
(326, 493) 824
(325, 494) 825
(324, 495) 826
(323, 496) 827
(321, 497) 828
(321, 498) 829
(321, 498) 830
(321, 500) 831
(316, 500) 832
(312, 501) 833
(303, 501) 834
(295, 503) 835
(287, 503) 836
(280, 503) 837
(273, 503) 838
(268, 503) 839
(263, 502) 840
(259, 502) 841
(256, 501) 842
(252, 501) 843
(246, 500) 844
(241, 500) 845
(235, 499) 846
(229, 499) 847
(223, 498) 848
(218, 498) 849
(213, 497) 850
(203, 496) 851
(190, 496) 852
(183, 495) 853
(176, 495) 854
(172, 494) 855
(168, 493) 856
(164, 492) 857
(159, 492) 858
(156, 491) 859
(154, 490) 860
(150, 489) 861
(147, 488) 862
(146, 487) 863
(144, 486) 864
(142, 485) 865
(138, 484) 866
(136, 484) 867
(136, 482) 868
(137, 481) 869
(139, 480) 870
(139, 479) 871
(136, 478) 872
(132, 478) 873
(128, 477) 874
(125, 476) 875
(125, 476) 876
(125, 475) 877
(130, 473) 878
(135, 471) 879
(140, 469) 880
(144, 467) 881
(147, 465) 882
(151, 463) 883
(154, 461) 884
(157, 460) 885
(160, 458) 886
(162, 456) 887
(165, 455) 888
(167, 453) 889
(169, 452) 890
(168, 451) 891
(168, 451) 892
(168, 450) 893
(169, 450) 894
(170, 450) 895
(171, 449) 896
(171, 448) 897
(172, 448) 898
(171, 447) 899
(168, 447) 900
(164, 446) 901
(160, 445) 902
(156, 444) 903
(153, 443) 904
(150, 442) 905
(147, 441) 906
(144, 441) 907
(143, 440) 908
(141, 439) 909
(140, 439) 910
(140, 438) 911
(139, 438) 912
(139, 437) 913
(139, 437) 914
(139, 437) 915
(139, 436) 916
(139, 436) 917
(139, 436) 918
(143, 435) 919
(147, 434) 920
(150, 433) 921
(153, 432) 922
(155, 431) 923
(158, 430) 924
(160, 429) 925
(161, 428) 926
(161, 428) 927
(160, 428) 928
(159, 428) 929
(159, 428) 930
(158, 429) 931
(157, 429) 932
(157, 429) 933
(156, 430) 934
(154, 430) 935
(152, 431) 936
(150, 431) 937
(148, 432) 938
(148, 432) 939
(148, 432) 940
(148, 431) 941
(148, 431) 942
(148, 430) 943
(149, 430) 944
(149, 429) 945
(149, 429) 946
(150, 428) 947
(150, 428) 948
(151, 427) 949
(151, 426) 950
(151, 426) 951
(151, 425) 952
(151, 424) 953
(151, 424) 954
(152, 423) 955
(151, 423) 956
(151, 422) 957
(148, 421) 958
(144, 420) 959
(143, 420) 960
(141, 421) 961
(140, 423) 962
(136, 424) 963
(135, 425) 964
(132, 427) 965
(129, 428) 966
(125, 430) 967
(121, 432) 968
(115, 434) 969
(110, 436) 970
(106, 438) 971
(101, 440) 972
(98, 441) 973
(98, 441) 974
(97, 442) 975
(90, 442) 976
(90, 442) 977
(89, 442) 978
(89, 442) 979
(91, 441) 980
(93, 440) 981
(94, 439) 982
(96, 439) 983
(97, 438) 984
(98, 437) 985
(99, 437) 986
(100, 436) 987
(101, 436) 988
(101, 435) 989
(99, 435) 990
(96, 434) 991
(93, 434) 992
(91, 435) 993
(89, 435) 994
(87, 436) 995
(85, 436) 996
(83, 436) 997
(81, 437) 998
(79, 437) 999
(75, 437) 1000
(71, 437) 1001
(68, 437) 1002
(65, 437) 1003
(63, 437) 1004
(61, 437) 1005
(59, 438) 1006
(59, 438) 1007
(57, 439) 1008
(56, 439) 1009
(55, 440) 1010
(53, 440) 1011
(52, 441) 1012
(51, 441) 1013
(49, 440) 1014
(45, 440) 1015
(44, 439) 1016
(43, 439) 1017
(43, 439) 1018
(42, 438) 1019
(40, 437) 1020
(37, 437) 1021
(35, 436) 1022
(33, 435) 1023
(28, 436) 1024
(23, 437) 1025
(22, 438) 1026
(1940, 439) 1027
(1936, 440) 1028
(1932, 441) 1029
(1929, 442) 1030
(1926, 442) 1031
(1923, 443) 1032
(1920, 444) 1033
(1921, 443) 1034
(1922, 443) 1035
(1922, 442) 1036
(1923, 441) 1037
(1923, 441) 1038
(1925, 440) 1039
(1926, 440) 1040
(1927, 440) 1041
(1928, 440) 1042
(1929, 439) 1043
(1929, 439) 1044
(14, 440) 1045
(17, 440) 1046
(19, 441) 1047
(21, 441) 1048
(23, 442) 1049
(24, 442) 1050
(26, 442) 1051
(27, 443) 1052
(28, 443) 1053
(28, 443) 1054
(29, 444) 1055
(28, 444) 1056
(28, 444) 1057
(28, 444) 1058
(26, 443) 1059
(25, 443) 1060
(23, 443) 1061
(22, 442) 1062
(20, 443) 1063
(19, 443) 1064
(19, 443) 1065
(19, 442) 1066
(19, 442) 1067
(20, 442) 1068
(20, 441) 1069
(21, 441) 1070
(21, 441) 1071
(22, 441) 1072
(22, 440) 1073
(22, 440) 1074
(22, 440) 1075
(21, 439) 1076
(20, 439) 1077
(19, 438) 1078
(19, 438) 1079
(19, 438) 1080
(20, 437) 1081
(21, 437) 1082
(21, 437) 1083
(22, 436) 1084
(22, 436) 1085
(22, 435) 1086
(23, 435) 1087
(23, 435) 1088
(23, 434) 1089
(23, 434) 1090
(23, 434) 1091
(23, 433) 1092
(23, 433) 1093
(23, 433) 1094
(23, 432) 1095
(23, 432) 1096
(22, 431) 1097
(22, 431) 1098
(21, 431) 1099
(20, 430) 1100
(19, 430) 1101
(19, 429) 1102
(18, 428) 1103
(18, 427) 1104
(19, 427) 1105
(20, 427) 1106
(21, 427) 1107
(20, 426) 1108
(19, 426) 1109
(18, 426) 1110
(17, 425) 1111
(16, 425) 1112
(15, 424) 1113
(14, 424) 1114
(14, 424) 1115
(13, 423) 1116
(13, 423) 1117
(12, 423) 1118
(13, 422) 1119
(13, 422) 1120
(14, 422) 1121
(15, 422) 1122
(15, 421) 1123
(16, 421) 1124
(16, 421) 1125
(16, 421) 1126
(17, 420) 1127
(17, 420) 1128
(19, 419) 1129
(21, 419) 1130
(23, 418) 1131
(25, 418) 1132
(27, 418) 1133
(29, 418) 1134
(30, 418) 1135
(32, 417) 1136
(33, 417) 1137
(34, 417) 1138
(36, 417) 1139
(38, 417) 1140
(39, 416) 1141
(40, 416) 1142
(42, 416) 1143
(43, 416) 1144
(44, 415) 1145
(46, 415) 1146
(47, 415) 1147
(48, 414) 1148
(48, 414) 1149
(49, 414) 1150
(49, 414) 1151
(50, 413) 1152
(50, 413) 1153
(50, 413) 1154
(51, 413) 1155
(51, 413) 1156
(51, 412) 1157
(52, 412) 1158
(52, 412) 1159
(52, 412) 1160
(53, 412) 1161
(53, 412) 1162
(53, 412) 1163
(52, 411) 1164
(52, 411) 1165
(52, 411) 1166
(52, 411) 1167
(52, 411) 1168
(52, 411) 1169
(52, 411) 1170
(52, 411) 1171
(52, 410) 1172
(52, 410) 1173
(52, 410) 1174
(52, 410) 1175
(52, 410) 1176
(52, 410) 1177
(51, 410) 1178
(50, 410) 1179
(49, 410) 1180
(47, 410) 1181
(46, 410) 1182
(45, 410) 1183
(43, 410) 1184
(42, 410) 1185
(41, 411) 1186
(40, 411) 1187
(39, 411) 1188
(38, 411) 1189
(37, 412) 1190
(36, 412) 1191
(35, 412) 1192
(32, 413) 1193
(30, 413) 1194
(28, 413) 1195
(26, 414) 1196
(24, 414) 1197
(22, 414) 1198
(21, 416) 1199
(1940, 416) 1200
(1936, 417) 1201
(1933, 418) 1202
(1931, 419) 1203
(1930, 420) 1204
(1929, 420) 1205
(1928, 421) 1206
(18, 421) 1207
(20, 421) 1208
(22, 422) 1209
(23, 422) 1210
(25, 422) 1211
(26, 422) 1212
(28, 422) 1213
(29, 422) 1214
(31, 422) 1215
(32, 422) 1216
(32, 422) 1217
(33, 422) 1218
(33, 422) 1219
(34, 422) 1220
(35, 422) 1221
(35, 422) 1222
(36, 423) 1223
(36, 423) 1224
(36, 423) 1225
(36, 423) 1226
(36, 423) 1227
(37, 423) 1228
(37, 423) 1229
(38, 423) 1230
(38, 423) 1231
(39, 423) 1232
(40, 424) 1233
(40, 424) 1234
(40, 424) 1235
(40, 424) 1236
(37, 424) 1237
(36, 424) 1238
(34, 424) 1239
(31, 423) 1240
(27, 423) 1241
(26, 424) 1242
(1940, 424) 1243
(1935, 423) 1244
(1931, 423) 1245
(1927, 423) 1246
(1923, 423) 1247
(1919, 423) 1248
(1919, 423) 1249
(1918, 423) 1250
(1915, 423) 1251
(1912, 423) 1252
(1909, 423) 1253
(1907, 423) 1254
(1905, 423) 1255
(1902, 423) 1256
(1900, 423) 1257
(1899, 423) 1258
(1897, 423) 1259
(1896, 423) 1260
(1894, 423) 1261
(1893, 423) 1262
(1892, 423) 1263
(1891, 423) 1264
(1891, 423) 1265
(1890, 422) 1266
(1893, 423) 1267
(1893, 422) 1268
(1893, 422) 1269
(1893, 423) 1270
(1894, 423) 1271
(1894, 423) 1272
(1894, 423) 1273
(1895, 423) 1274
(1895, 423) 1275
(1895, 423) 1276
(1896, 423) 1277
(1896, 423) 1278
(1897, 423) 1279
(1897, 423) 1280
(1897, 423) 1281
(1898, 423) 1282
(1899, 423) 1283
(1899, 422) 1284
(1901, 422) 1285
(1902, 422) 1286
(1906, 424) 1287
(1910, 425) 1288
(1911, 425) 1289
(1912, 425) 1290
(1913, 425) 1291
(1914, 425) 1292
(1915, 425) 1293
(1916, 426) 1294
(1916, 428) 1295
(1916, 429) 1296
(1915, 431) 1297
(1915, 431) 1298
(1915, 431) 1299
(1920, 431) 1300
(1924, 430) 1301
(1928, 430) 1302
(1932, 429) 1303
(1932, 429) 1304
(18, 428) 1305
(20, 428) 1306
(22, 428) 1307
(24, 427) 1308
(30, 427) 1309
(34, 428) 1310
(42, 428) 1311
(43, 429) 1312
(41, 431) 1313
(38, 433) 1314
(38, 434) 1315
(38, 435) 1316
(38, 437) 1317
(38, 438) 1318
(36, 439) 1319
(36, 441) 1320
(36, 442) 1321
(36, 444) 1322
(37, 447) 1323
(37, 449) 1324
(36, 450) 1325
(34, 452) 1326
(31, 454) 1327
(28, 456) 1328
(27, 458) 1329
(28, 459) 1330
(31, 460) 1331
(32, 461) 1332
(1627, 508) 708
(1627, 508) 709
(1628, 508) 710
(1628, 508) 711
(1629, 508) 712
(1629, 508) 713
(1630, 508) 714
(1630, 509) 715
(1630, 509) 716
(1630, 509) 717
(1631, 509) 718
(1631, 509) 719
(1631, 509) 720
(1631, 509) 721
(1632, 509) 722
(1632, 509) 723
(1628, 508) 724
(1620, 506) 725
(1618, 505) 726
(1617, 504) 727
(1615, 503) 728
(1613, 502) 729
(1612, 500) 730
(1605, 499) 731
(1605, 498) 732
(1605, 497) 733
(1600, 496) 734
(1594, 495) 735
(1590, 494) 736
(1589, 493) 737
(1589, 492) 738
(1589, 490) 739
(1589, 489) 740
(1590, 488) 741
(1591, 487) 742
(1592, 486) 743
(1594, 486) 744
(1595, 485) 745
(1596, 484) 746
(1596, 484) 747
(1596, 483) 748
(1595, 482) 749
(1595, 482) 750
(1594, 481) 751
(1594, 480) 752
(1594, 480) 753
(1593, 479) 754
(1593, 478) 755
(1593, 478) 756
(1593, 477) 757
(1593, 477) 758
(1592, 476) 759
(1592, 475) 760
(1584, 475) 761
(1577, 474) 762
(1572, 474) 763
(1567, 473) 764
(1564, 473) 765
(1561, 472) 766
(1558, 472) 767
(1556, 471) 768
(1556, 471) 769
(1560, 471) 770
(1565, 471) 771
(1571, 472) 772
(1576, 472) 773
(1580, 473) 774
(1589, 474) 775
(1597, 475) 776
(1605, 477) 777
(1611, 478) 778
(1617, 479) 779
(1622, 480) 780
(1627, 481) 781
(1632, 482) 782
(1635, 484) 783
(1639, 485) 784
(1642, 486) 785
(1645, 487) 786
(1648, 488) 787
(1650, 489) 788
(1659, 490) 789
(1671, 492) 790
(1682, 494) 791
(1692, 497) 792
(1702, 499) 793
(1710, 501) 794
(1718, 503) 795
(1725, 505) 796
(1732, 507) 797
(1739, 508) 798
(1745, 510) 799
(1750, 512) 800
(1755, 514) 801
(1763, 517) 802
(1770, 519) 803
(1780, 521) 804
(1790, 524) 805
(1793, 526) 806
(1792, 527) 807
(1794, 529) 808
(1793, 531) 809
(1793, 533) 810
(1021, 520) 726
(1021, 520) 727
(1023, 519) 728
(1029, 519) 729
(1034, 519) 730
(1030, 519) 731
(1026, 519) 732
(1030, 518) 733
(1033, 518) 734
(1039, 517) 735
(1045, 517) 736
(1049, 517) 737
(1053, 517) 738
(1051, 517) 739
(1051, 517) 740
(1051, 518) 741
(1052, 518) 742
(1059, 519) 743
(1064, 519) 744
(1063, 519) 745
(1061, 520) 746
(1061, 520) 747
(1066, 521) 748
(1072, 522) 749
(1077, 523) 750
(1082, 523) 751
(1086, 524) 752
(1090, 524) 753
(1094, 525) 754
(1098, 526) 755
(1102, 526) 756
(1106, 526) 757
(1110, 527) 758
(1113, 527) 759
(1117, 528) 760
(1117, 527) 761
(1118, 527) 762
(1117, 527) 763
(1118, 528) 764
(1119, 528) 765
(1118, 528) 766
(1114, 528) 767
(1112, 529) 768
(1107, 528) 769
(1101, 528) 770
(1097, 528) 771
(1093, 527) 772
(1089, 527) 773
(1087, 526) 774
(1085, 525) 775
(1084, 525) 776
(1083, 524) 777
(1083, 524) 778
(1085, 524) 779
(1093, 523) 780
(1094, 522) 781
(1102, 521) 782
(1109, 520) 783
(1115, 519) 784
(1113, 519) 785
(1111, 518) 786
(1111, 518) 787
(1111, 519) 788
(1111, 519) 789
(1111, 519) 790
(1111, 519) 791
(1111, 520) 792
(1111, 520) 793
(1111, 520) 794
(1111, 521) 795
(1111, 521) 796
(1111, 521) 797
(1111, 521) 798
(1113, 521) 799
(1115, 521) 800
(1116, 521) 801
(1120, 520) 802
(1126, 520) 803
(1131, 520) 804
(1133, 519) 805
(1135, 518) 806
(1139, 517) 807
(1145, 517) 808
(1154, 517) 809
(1163, 517) 810
(1171, 516) 811
(1178, 516) 812
(1185, 516) 813
(1191, 516) 814
(1196, 516) 815
(1193, 517) 816
(1191, 517) 817
(1186, 518) 818
(1181, 518) 819
(1177, 519) 820
(1173, 519) 821
(1170, 519) 822
(1167, 520) 823
(1165, 520) 824
(1163, 520) 825
(1161, 521) 826
(1159, 521) 827
(1157, 521) 828
(1156, 521) 829
(1154, 522) 830
(1153, 523) 831
(1152, 523) 832
(1151, 524) 833
(1150, 524) 834
(1149, 525) 835
(1148, 525) 836
(1147, 526) 837
(1147, 526) 838
(1147, 526) 839
(1146, 526) 840
(1145, 527) 841
(1144, 527) 842
(1144, 528) 843
(1144, 528) 844
(1144, 528) 845
(1144, 529) 846
(1144, 529) 847
(1144, 530) 848
(884, 595) 734
(884, 595) 735
(884, 595) 736
(884, 595) 737
(884, 595) 738
(884, 595) 739
(884, 595) 740
(884, 595) 741
(885, 595) 742
(885, 595) 743
(886, 595) 744
(886, 595) 745
(886, 595) 746
(887, 595) 747
(887, 595) 748
(887, 595) 749
(888, 595) 750
(888, 595) 751
(888, 595) 752
(888, 595) 753
(888, 595) 754
(889, 595) 755
(889, 595) 756
(889, 595) 757
(889, 595) 758
(889, 595) 759
(889, 595) 760
(889, 595) 761
(889, 595) 762
(890, 594) 763
(890, 593) 764
(892, 594) 765
(895, 594) 766
(898, 594) 767
(901, 594) 768
(903, 594) 769
(905, 594) 770
(907, 595) 771
(908, 595) 772
(910, 595) 773
(911, 595) 774
(912, 595) 775
(913, 595) 776
(914, 595) 777
(915, 596) 778
(916, 596) 779
(918, 594) 780
(919, 593) 781
(921, 592) 782
(922, 591) 783
(922, 590) 784
(923, 589) 785
(928, 587) 786
(932, 585) 787
(941, 585) 788
(949, 585) 789
(957, 584) 790
(962, 583) 791
(969, 581) 792
(976, 580) 793
(983, 579) 794
(985, 577) 795
(991, 576) 796
(996, 575) 797
(1001, 574) 798
(1005, 573) 799
(1008, 572) 800
(1011, 572) 801
(1013, 571) 802
(1016, 570) 803
(1017, 569) 804
(1019, 568) 805
(1020, 567) 806
(1021, 567) 807
(1022, 566) 808
(1023, 565) 809
(1023, 564) 810
(1019, 563) 811
(1015, 562) 812
(1011, 561) 813
(1008, 560) 814
(1003, 559) 815
(1000, 558) 816
(998, 557) 817
(995, 556) 817
(990, 555) 818
(986, 555) 819
(982, 554) 820
(982, 553) 821
(981, 552) 822
(981, 551) 823
(980, 550) 824
(980, 549) 825
(979, 548) 826
(977, 547) 827
(975, 547) 828
(974, 546) 829
(972, 546) 830
(970, 546) 831
(969, 546) 832
(968, 546) 833
(967, 546) 834
(966, 546) 835
(965, 546) 836
(965, 546) 837
(966, 546) 838
(967, 546) 839
(966, 546) 840
(965, 546) 841
(964, 546) 842
(963, 546) 843
(962, 546) 844
(962, 546) 845
(961, 546) 846
(960, 547) 847
(960, 547) 848
(961, 546) 849
(961, 545) 850
(966, 544) 851
(966, 544) 852
(967, 543) 853
(971, 542) 854
(978, 541) 855
(977, 540) 856
(977, 540) 857
(977, 539) 858
(976, 538) 859
(975, 537) 860
(973, 537) 861
(973, 536) 862
(972, 535) 863
(972, 535) 864
(971, 534) 865
(970, 534) 866
(969, 533) 867
(970, 533) 868
(975, 532) 869
(981, 532) 870
(985, 531) 871
(984, 530) 872
(984, 530) 873
(981, 529) 874
(978, 529) 875
(975, 528) 876
(972, 527) 877
(971, 527) 878
(969, 526) 879
(968, 526) 880
(966, 525) 881
(964, 525) 882
(963, 525) 883
(963, 524) 884
(962, 524) 885
(961, 524) 886
(961, 523) 887
(961, 523) 888
(961, 523) 889
(961, 523) 890
(961, 523) 891
(961, 523) 892
(961, 522) 893
(960, 522) 894
(961, 521) 895
(961, 521) 896
(960, 520) 897
(960, 520) 898
(960, 520) 899
(962, 520) 900
(964, 520) 901
(965, 519) 902
(967, 519) 903
(968, 519) 904
(969, 519) 905
(968, 518) 906
(967, 518) 907
(966, 517) 908
(965, 517) 909
(965, 516) 910
(964, 515) 911
(964, 515) 912
(963, 514) 913
(963, 514) 914
(963, 513) 915
(962, 513) 916
(962, 512) 917
(962, 512) 918
(962, 511) 919
(963, 511) 920
(964, 511) 921
(965, 510) 922
(965, 510) 923
(966, 510) 924
(966, 509) 925
(967, 509) 926
(967, 509) 927
(968, 508) 928
(969, 509) 929
(970, 509) 930
(972, 510) 931
(971, 510) 932
(971, 509) 933
(971, 509) 934
(971, 509) 935
(971, 509) 936
(971, 508) 937
(971, 508) 938
(971, 508) 939
(971, 508) 940
(972, 508) 941
(972, 508) 942
(972, 507) 943
(972, 507) 944
(972, 507) 945
(972, 507) 946
(972, 507) 947
(972, 507) 948
(971, 506) 949
(971, 506) 950
(971, 506) 951
(970, 506) 952
(970, 506) 953
(969, 506) 954
(969, 505) 955
(968, 505) 956
(968, 505) 957
(967, 506) 958
(965, 506) 959
(964, 507) 960
(963, 508) 961
(960, 508) 962
(961, 509) 963
(962, 509) 964
(962, 509) 965
(962, 509) 966
(962, 510) 967
(961, 510) 968
(959, 510) 969
(956, 510) 970
(956, 510) 971
(956, 510) 972
(957, 511) 973
(957, 511) 974
(957, 511) 975
(960, 511) 976
(963, 511) 977
(965, 511) 978
(967, 511) 979
(969, 511) 980
(970, 511) 981
(972, 511) 982
(973, 512) 983
(974, 512) 984
(976, 512) 985
(977, 512) 986
(978, 512) 987
(977, 512) 988
(975, 511) 989
(974, 511) 990
(972, 511) 991
(971, 511) 992
(969, 511) 993
(970, 511) 994
(970, 510) 995
(970, 510) 996
(970, 510) 997
(970, 510) 998
(970, 509) 999
(970, 509) 1000
(970, 509) 1001
(970, 509) 1002
(970, 508) 1003
(970, 508) 1004
(966, 507) 1005
(968, 507) 1006
(968, 507) 1007
(970, 507) 1008
(971, 507) 1009
(972, 506) 1010
(971, 507) 1011
(972, 507) 1012
(972, 507) 1013
(972, 507) 1014
(973, 507) 1015
(974, 506) 1016
(974, 506) 1017
(975, 506) 1018
(975, 505) 1019
(976, 505) 1020
(976, 505) 1021
(976, 504) 1022
(977, 504) 1023
(976, 505) 1024
(976, 506) 1025
(1471, 510) 838
(1471, 509) 839
(1468, 508) 840
(1467, 507) 841
(1465, 506) 842
(1463, 505) 843
(1461, 504) 844
(1461, 504) 845
(1461, 503) 846
(1467, 502) 847
(1468, 502) 848
(1474, 501) 849
(1478, 500) 850
(1482, 500) 851
(1486, 499) 852
(1489, 498) 853
(1492, 498) 854
(1498, 497) 855
(1503, 497) 856
(1508, 496) 857
(1512, 495) 858
(1516, 494) 859
(1520, 494) 860
(1523, 493) 861
(1526, 492) 862
(1529, 492) 863
(1531, 491) 864
(1533, 490) 865
(1535, 490) 866
(1535, 489) 867
(1535, 489) 868
(1535, 488) 869
(1534, 488) 870
(1530, 488) 871
(1521, 487) 872
(1519, 487) 873
(1514, 486) 874
(1510, 486) 875
(1505, 486) 876
(1500, 485) 877
(1495, 485) 878
(1491, 484) 879
(1488, 484) 880
(1482, 483) 881
(1477, 482) 882
(1477, 482) 883
(1479, 482) 884
(1482, 482) 885
(1482, 481) 886
(1482, 481) 887
(1482, 481) 888
(1482, 481) 889
(1482, 481) 890
(1486, 480) 891
(1492, 480) 892
(1496, 480) 893
(1496, 480) 894
(1495, 479) 895
(1493, 479) 896
(1490, 478) 897
(1486, 477) 898
(1486, 476) 899
(1487, 476) 900
(1489, 475) 901
(1491, 475) 902
(1494, 474) 903
(1495, 474) 904
(1497, 473) 905
(1499, 473) 906
(1500, 472) 907
(1501, 472) 908
(1503, 471) 909
(1504, 471) 910
(1505, 470) 911
(1505, 470) 912
(1506, 469) 913
(1507, 469) 914
(1507, 469) 915
(1507, 469) 916
(1507, 468) 917
(1507, 468) 918
(1507, 468) 919
(1507, 467) 920
(1507, 467) 921
(1507, 467) 922
(1507, 467) 923
(1507, 466) 924
(1507, 466) 925
(1507, 466) 926
(1506, 466) 927
(1505, 466) 928
(1504, 465) 929
(1503, 465) 930
(1502, 465) 931
(1501, 465) 932
(1500, 464) 933
(1499, 464) 934
(1498, 464) 935
(1497, 464) 936
(1496, 464) 937
(1495, 463) 938
(1494, 463) 939
(1494, 463) 940
(1494, 463) 941
(1494, 463) 942
(1494, 463) 943
(1494, 463) 944
(1494, 463) 945
(1494, 463) 946
(1488, 464) 947
(1482, 464) 948
(1482, 465) 949
(1481, 465) 950
(1481, 466) 951
(1481, 466) 952
(1480, 466) 953
(1481, 466) 954
(1481, 466) 955
(1482, 465) 956
(1482, 465) 957
(1483, 465) 958
(1482, 465) 959
(1482, 465) 960
(1480, 465) 961
(1478, 466) 962
(1476, 466) 963
(1475, 467) 964
(1476, 467) 965
(1477, 467) 966
(1481, 468) 967
(1486, 468) 968
(1497, 470) 969
(1505, 470) 970
(1513, 471) 971
(1519, 471) 972
(1520, 471) 973
(1522, 471) 974
(1521, 471) 975
(1513, 471) 976
(1506, 471) 977
(1500, 470) 978
(1494, 470) 979
(1489, 469) 980
(1484, 469) 981
(1479, 469) 982
(1476, 468) 983
(1472, 468) 984
(1469, 468) 985
(1466, 467) 986
(1464, 467) 987
(1462, 466) 988
(1463, 465) 989
(1464, 465) 990
(1469, 465) 991
(1472, 465) 992
(1476, 465) 993
(1479, 465) 994
(1482, 465) 995
(1485, 465) 996
(1487, 465) 997
(1490, 465) 998
(1492, 465) 999
(1495, 465) 1000
(1498, 465) 1001
(1500, 465) 1002
(1502, 465) 1003
(1502, 465) 1004
(1501, 465) 1005
(1502, 465) 1006
(1502, 465) 1007
(1503, 465) 1008
(1505, 465) 1009
(1506, 465) 1010
(1508, 466) 1011
(1509, 467) 1012
(1510, 467) 1013
(1509, 467) 1014
(1510, 467) 1015
(1511, 467) 1016
(1512, 466) 1017
(1513, 466) 1018
(1514, 466) 1019
(1515, 466) 1020
(1515, 466) 1021
(1516, 466) 1022
(1516, 465) 1023
(1515, 466) 1024
(1511, 465) 1025
(1513, 465) 1026
(1514, 465) 1027
(1515, 465) 1028
(1516, 465) 1029
(1517, 465) 1030
(1517, 464) 1031
(1517, 464) 1032
(1517, 464) 1033
(1517, 464) 1034
(1516, 464) 1035
(1515, 464) 1036
(1514, 463) 1037
(1512, 463) 1038
(1511, 463) 1039
(1510, 463) 1040
(1503, 463) 1041
(1502, 463) 1042
(1502, 463) 1043
(1502, 463) 1044
(1501, 463) 1045
(1501, 463) 1046
(1502, 463) 1047
(1502, 463) 1048
(1502, 462) 1049
(1502, 462) 1050
(1502, 462) 1051
(1502, 462) 1052
(1502, 462) 1053
(1502, 462) 1054
(1501, 462) 1055
(1500, 461) 1056
(1500, 461) 1057
(1500, 461) 1058
(1500, 461) 1059
(1500, 461) 1060
(1500, 461) 1061
(1501, 460) 1062
(1501, 460) 1063
(1501, 460) 1064
(1502, 460) 1065
(1504, 460) 1066
(1505, 460) 1067
(1504, 460) 1068
(1503, 460) 1069
(1502, 460) 1070
(1501, 460) 1071
(1500, 460) 1072
(1500, 460) 1073
(1499, 460) 1074
(1499, 460) 1075
(1498, 460) 1076
(1504, 460) 1077
(1510, 459) 1078
(1515, 459) 1079
(1519, 459) 1080
(1523, 459) 1081
(1525, 459) 1082
(1528, 459) 1083
(1530, 459) 1084
(1532, 459) 1085
(1534, 458) 1086
(1536, 458) 1087
(1537, 458) 1088
(1539, 458) 1089
(1541, 458) 1090
(1542, 458) 1091
(1543, 458) 1092
(1544, 458) 1093
(1545, 458) 1094
(1546, 457) 1095
(1546, 457) 1096
(1546, 457) 1097
(1547, 457) 1098
(1548, 457) 1099
(1547, 457) 1100
(1547, 457) 1101
(1546, 457) 1102
(1546, 457) 1103
(1545, 457) 1104
(1544, 457) 1105
(1544, 457) 1106
(1543, 457) 1107
(1543, 457) 1108
(1543, 457) 1109
(1542, 457) 1110
(1542, 457) 1111
(1541, 457) 1112
(1541, 457) 1113
(1541, 457) 1114
(1541, 457) 1115
(1540, 457) 1116
(1540, 457) 1117
(1539, 457) 1118
(1538, 457) 1119
(1537, 456) 1120
(1535, 456) 1121
(1534, 456) 1122
(1532, 456) 1123
(1531, 456) 1124
(1529, 456) 1125
(1528, 456) 1126
(1527, 456) 1127
(1528, 456) 1128
(1528, 456) 1129
(1528, 456) 1130
(1527, 456) 1131
(1527, 456) 1132
(1526, 456) 1133
(1526, 456) 1134
(1526, 456) 1135
(1527, 456) 1136
(1527, 456) 1137
(1527, 456) 1138
(1527, 456) 1139
(1527, 456) 1140
(1527, 456) 1141
(1528, 456) 1142
(1528, 456) 1143
(1528, 456) 1144
(1528, 456) 1145
(1528, 456) 1146
(1528, 456) 1147
(1528, 456) 1148
(1528, 456) 1149
(1528, 456) 1150
(1528, 456) 1151
(1528, 456) 1152
(1529, 456) 1153
(1529, 456) 1154
(1528, 456) 1155
(1528, 457) 1156
(1528, 457) 1157
(1527, 457) 1158
(1527, 457) 1159
(1527, 457) 1160
(1528, 457) 1161
(1528, 457) 1162
(1528, 457) 1163
(1529, 457) 1164
(1529, 457) 1165
(1529, 457) 1166
(1530, 457) 1167
(1530, 457) 1168
(1530, 457) 1169
(1530, 457) 1170
(1531, 457) 1171
(1531, 457) 1172
(1531, 457) 1173
(1532, 457) 1174
(1532, 457) 1175
(1533, 457) 1176
(1533, 457) 1177
(1533, 457) 1178
(1534, 457) 1179
(1534, 457) 1180
(1534, 457) 1181
(1534, 457) 1182
(1534, 457) 1183
(1534, 457) 1184
(1534, 457) 1185
(1534, 457) 1186
(1534, 457) 1187
(1535, 457) 1188
(1533, 457) 1189
(1534, 457) 1190
(1535, 457) 1191
(1536, 457) 1192
(1536, 457) 1193
(1536, 457) 1194
(1536, 457) 1195
(1537, 457) 1196
(1538, 457) 1197
(1539, 457) 1198
(1540, 457) 1199
(1540, 457) 1200
(1540, 457) 1201
(1540, 457) 1202
(1540, 457) 1203
(1539, 458) 1204
(1539, 458) 1205
(1538, 458) 1206
(1538, 458) 1207
(1539, 458) 1208
(1539, 458) 1209
(1539, 458) 1210
(1539, 458) 1211
(1539, 458) 1212
(1539, 457) 1213
(1540, 457) 1214
(1540, 457) 1215
(1543, 456) 1216
(1545, 456) 1217
(1548, 455) 1218
(1547, 455) 1219
(1547, 455) 1220
(1547, 454) 1221
(1546, 454) 1222
(1546, 454) 1223
(1546, 453) 1224
(1545, 453) 1225
(1545, 453) 1226
(1544, 453) 1227
(1543, 453) 1228
(1542, 453) 1229
(1541, 453) 1230
(1540, 453) 1231
(1540, 452) 1232
(1539, 452) 1233
(1539, 452) 1234
(1538, 452) 1235
(1537, 451) 1236
(1537, 451) 1237
(1536, 451) 1238
(1536, 451) 1239
(1536, 451) 1240
(659, 418) 958
(659, 418) 959
(659, 418) 960
(658, 418) 961
(658, 418) 962
(658, 418) 963
(657, 418) 964
(657, 418) 965
(656, 418) 966
(655, 418) 967
(655, 418) 968
(654, 418) 969
(654, 418) 970
(658, 419) 971
(661, 420) 972
(664, 420) 973
(666, 421) 974
(668, 422) 975
(670, 422) 976
(670, 423) 977
(665, 424) 978
(664, 424) 979
(663, 424) 980
(662, 423) 981
(661, 423) 982
(660, 423) 983
(659, 423) 984
(658, 423) 985
(658, 423) 986
(657, 423) 987
(656, 423) 988
(656, 423) 989
(655, 423) 990
(655, 423) 991
(654, 423) 992
(654, 423) 993
(654, 423) 994
(654, 423) 995
(653, 423) 996
(653, 423) 997
(653, 423) 998
(653, 423) 999
(652, 423) 1000
(652, 423) 1001
(652, 423) 1002
(652, 423) 1003
(652, 423) 1004
(650, 423) 1005
(647, 422) 1006
(645, 422) 1007
(644, 422) 1008
(642, 422) 1009
(642, 422) 1010
(645, 422) 1011
(649, 421) 1012
(653, 421) 1013
(651, 421) 1014
(648, 421) 1015
(646, 420) 1016
(645, 420) 1017
(643, 420) 1018
(642, 420) 1019
(640, 420) 1020
(639, 420) 1021
(638, 420) 1022
(637, 420) 1023
(637, 420) 1024
(641, 419) 1025
(1516, 450) 1282
(1517, 450) 1283
(1517, 450) 1284
(1518, 450) 1285
(1519, 450) 1286
(1519, 450) 1287
(1519, 450) 1288
(1519, 450) 1289
(1520, 450) 1290
(1520, 450) 1291
(1520, 450) 1292
(1520, 450) 1293
(1520, 451) 1294
(1521, 451) 1295
(1525, 451) 1296
(1528, 451) 1297
(1531, 451) 1298
(1533, 452) 1299
(1536, 452) 1300
(1537, 453) 1301
(1538, 454) 1302
(1538, 455) 1303
(1538, 456) 1304
(1538, 456) 1305
(1537, 456) 1306
(1537, 456) 1307
(1536, 456) 1308
(1536, 456) 1309
(1535, 457) 1310
(1535, 458) 1311
(1534, 459) 1312
(1529, 460) 1313
(1525, 461) 1314
(1525, 460) 1315
(1524, 460) 1316
(1524, 460) 1317
(1524, 461) 1318
(1524, 461) 1319
(1525, 461) 1320
(1525, 462) 1321
(1526, 462) 1322
(1526, 462) 1323
(1526, 462) 1324
(1526, 463) 1325
(1526, 462) 1326
(1517, 462) 1327
(1508, 461) 1328
(1495, 462) 1329
(1483, 462) 1330
(1472, 462) 1331
(1463, 462) 1332
(1454, 463) 1333
(1446, 463) 1334
(1440, 463) 1335
(1433, 464) 1336
(1428, 464) 1337
(1421, 464) 1338
(1415, 465) 1339
(1409, 465) 1340
(1404, 466) 1341
(1400, 466) 1342
(1396, 467) 1343
(1393, 467) 1344
(1389, 467) 1345
(1389, 468) 1346
(1391, 468) 1347
(1404, 467) 1348
(1415, 467) 1349
(1425, 467) 1350
(1434, 467) 1351
(1445, 467) 1352
(1453, 467) 1353
(1460, 467) 1354
(1465, 467) 1355
(1470, 467) 1356
(1473, 467) 1357
(1474, 467) 1358
(1475, 467) 1359
(1476, 467) 1360
(1478, 467) 1361
(1480, 467) 1362
(1484, 466) 1363
(1487, 466) 1364
(1490, 465) 1365
(1490, 465) 1366
(1493, 465) 1367
(1497, 465) 1368
(1501, 465) 1369
(1504, 465) 1370
(1507, 464) 1371
(1509, 464) 1372
(1509, 463) 1373
(1510, 463) 1374
(1512, 463) 1375
(1513, 463) 1376
(1515, 463) 1377
(1517, 463) 1378
(1518, 463) 1379
(1519, 463) 1380
(1520, 463) 1381
(1522, 463) 1382
(1523, 463) 1383
(1524, 463) 1384
(1524, 463) 1385
(1525, 464) 1386
(1527, 464) 1387
(1528, 464) 1388
(1528, 464) 1389
(1529, 464) 1390
(1529, 463) 1391
(1530, 463) 1392
(1531, 463) 1393
(1531, 463) 1394
(1532, 463) 1395
(1532, 463) 1396
(1532, 463) 1397
(1533, 462) 1398
(1533, 462) 1399
(1533, 462) 1400
(1533, 462) 1401
(1534, 462) 1402
(1534, 462) 1403
(1534, 462) 1404
(1534, 462) 1405
(1534, 461) 1406
(1535, 461) 1407
(1535, 461) 1408
(1535, 461) 1409
(1536, 461) 1410
(1536, 461) 1411
(1536, 461) 1412
(1537, 461) 1413
(1537, 461) 1414
(1537, 461) 1415
(1536, 461) 1416
(1536, 461) 1417
(1536, 461) 1418
(1536, 461) 1419
(1536, 461) 1420
(1536, 461) 1421
(1536, 461) 1422
(1536, 461) 1423
(1536, 461) 1424
(1536, 462) 1425
(1536, 462) 1426
(980, 504) 1286
(980, 504) 1287
(980, 504) 1288
(979, 504) 1289
(979, 504) 1290
(978, 504) 1291
(978, 504) 1292
(978, 504) 1293
(975, 505) 1294
(972, 506) 1295
(971, 506) 1296
(971, 506) 1297
(967, 506) 1298
(968, 506) 1299
(968, 506) 1300
(965, 506) 1301
(960, 507) 1302
(955, 507) 1303
(954, 508) 1304
(954, 509) 1305
(956, 509) 1306
(958, 510) 1307
(958, 510) 1308
(958, 511) 1309
(956, 513) 1310
(954, 514) 1311
(951, 514) 1312
(949, 515) 1313
(946, 516) 1314
(944, 517) 1315
(942, 518) 1316
(941, 518) 1317
(941, 519) 1318
(942, 519) 1319
(940, 519) 1320
(941, 519) 1321
(942, 519) 1322
(942, 519) 1323
(943, 518) 1324
(942, 518) 1325
(943, 518) 1326
(944, 518) 1327
(944, 518) 1328
(943, 519) 1329
(942, 519) 1330
(943, 518) 1331
(943, 518) 1332
(943, 517) 1333
(944, 517) 1334
(944, 516) 1335
(944, 515) 1336
(944, 515) 1337
(945, 514) 1338
(948, 514) 1339
(951, 514) 1340
(954, 514) 1341
(954, 514) 1342
(953, 515) 1343
(955, 515) 1344
(958, 514) 1345
(958, 514) 1346
(958, 514) 1347
(960, 514) 1348
(962, 513) 1349
(966, 514) 1350
(970, 514) 1351
(974, 514) 1352
(978, 515) 1353
(980, 515) 1354
(985, 515) 1355
(987, 515) 1356
(989, 515) 1357
(990, 516) 1358
(991, 516) 1359
(992, 518) 1360
(991, 518) 1361
(991, 518) 1362
(985, 518) 1363
(985, 518) 1364
(977, 518) 1365
(971, 517) 1366
(971, 517) 1367
(971, 517) 1368
(970, 517) 1369
(971, 517) 1370
(971, 517) 1371
(972, 517) 1372
(972, 516) 1373
(971, 516) 1374
(970, 516) 1375
(969, 516) 1376
(969, 516) 1377
(968, 516) 1378
(967, 516) 1379
(968, 516) 1380
(968, 516) 1381
(969, 516) 1382
(969, 515) 1383
(971, 515) 1384
(973, 514) 1385
(975, 514) 1386
(977, 514) 1387
(978, 514) 1388
(978, 514) 1389
(978, 514) 1390
(978, 514) 1391
(978, 514) 1392
(978, 514) 1393
(977, 514) 1394
(977, 514) 1395
(977, 514) 1396
(976, 515) 1397
(975, 515) 1398
(974, 515) 1399
(974, 515) 1400
(973, 515) 1401
(973, 515) 1402
(973, 515) 1403
(973, 515) 1404
(973, 515) 1405
(973, 515) 1406
(972, 515) 1407
(972, 515) 1408
(972, 515) 1409
(972, 515) 1410
(972, 515) 1411
(972, 515) 1412
(972, 515) 1413
(972, 515) 1414
(972, 515) 1415
(973, 515) 1416
(973, 515) 1417
(973, 515) 1418
(973, 515) 1419
(974, 515) 1420
(974, 515) 1421
(975, 514) 1422
(975, 514) 1423
(976, 514) 1424
(976, 514) 1425
(976, 514) 1426
(1152, 490) 1301
(1151, 490) 1302
(1151, 490) 1303
(1152, 490) 1304
(1152, 490) 1305
(1152, 491) 1306
(1152, 491) 1307
(1152, 492) 1308
(1152, 492) 1309
(1152, 493) 1310
(1152, 493) 1311
(1152, 493) 1312
(1152, 494) 1313
(1152, 494) 1314
(1152, 495) 1315
(1151, 494) 1316
(1144, 494) 1317
(1139, 494) 1318
(1134, 494) 1319
(1129, 494) 1320
(1125, 494) 1321
(1122, 494) 1322
(1118, 494) 1323
(1116, 494) 1324
(1113, 494) 1325
(1110, 494) 1326
(1108, 494) 1327
(1106, 494) 1328
(1105, 494) 1329
(1103, 494) 1330
(1102, 494) 1331
(1100, 493) 1332
(1099, 493) 1333
(1099, 493) 1334
(1102, 495) 1335
(1105, 496) 1336
(1106, 497) 1337
(1107, 498) 1338
(1107, 499) 1339
(1107, 500) 1340
(1108, 501) 1341
(1110, 501) 1342
(1109, 502) 1343
(1109, 502) 1344
(1108, 502) 1345
(1108, 503) 1346
(1107, 503) 1347
(1107, 503) 1348
(1106, 503) 1349
(1106, 504) 1350
(1105, 504) 1351
(1105, 504) 1352
(1105, 504) 1353
(1105, 504) 1354
(1104, 505) 1355
(1104, 505) 1356
(1104, 505) 1357
(1104, 505) 1358
(1104, 506) 1359
(1109, 505) 1360
(1113, 504) 1361
(1117, 503) 1362
(1121, 502) 1363
(1124, 501) 1364
(1127, 500) 1365
(1129, 500) 1366
(1132, 499) 1367
(1134, 498) 1368
(1136, 497) 1369
(1138, 497) 1370
(1139, 496) 1371
(1140, 495) 1372
(445, 530) 1361
(437, 529) 1362
(436, 530) 1363
(434, 530) 1364
(432, 530) 1365
(430, 530) 1366
(430, 530) 1367
(427, 530) 1368
(423, 529) 1369
(423, 530) 1370
(422, 530) 1371
(420, 531) 1372
(418, 531) 1373
(417, 531) 1374
(416, 531) 1375
(413, 531) 1376
(411, 530) 1377
(409, 530) 1378
(407, 529) 1379
(405, 529) 1380
(406, 529) 1381
(405, 529) 1382
(404, 528) 1383
(404, 528) 1384
(404, 527) 1385
(406, 527) 1386
(408, 528) 1387
(407, 528) 1388
(407, 529) 1389
(406, 529) 1390
(404, 529) 1391
(403, 529) 1392
(401, 529) 1393
(399, 529) 1394
(397, 530) 1395
(395, 530) 1396
(392, 530) 1397
(390, 530) 1398
(388, 531) 1399
(387, 531) 1400
(386, 531) 1401
(387, 531) 1402
(386, 531) 1403
(386, 531) 1404
(385, 532) 1405
(384, 532) 1406
(383, 532) 1407
(383, 532) 1408
(382, 532) 1409
(382, 533) 1410
(382, 533) 1411
(382, 533) 1412
(381, 533) 1413
(380, 533) 1414
(380, 534) 1415
(379, 534) 1416
(378, 534) 1417
(377, 534) 1418
(377, 534) 1419
(376, 534) 1420
(375, 534) 1421
(375, 534) 1422
(374, 534) 1423
(374, 535) 1424
(374, 535) 1425
(374, 535) 1426
