(230, 695) 66
(232, 694) 67
(233, 692) 68
(232, 691) 69
(233, 690) 70
(233, 689) 71
(232, 687) 72
(232, 686) 73
(232, 685) 74
(231, 685) 75
(231, 684) 76
(230, 684) 77
(226, 684) 78
(222, 685) 79
(219, 685) 80
(213, 684) 81
(209, 684) 82
(204, 683) 83
(200, 683) 84
(196, 682) 85
(199, 683) 86
(201, 683) 87
(204, 683) 88
(206, 683) 89
(208, 683) 90
(210, 684) 91
(211, 684) 92
(217, 684) 93
(222, 684) 94
(227, 685) 95
(231, 685) 96
(235, 684) 97
(237, 685) 98
(242, 683) 99
(248, 682) 100
(253, 681) 101
(258, 679) 102
(263, 678) 103
(267, 677) 104
(270, 676) 105
(274, 675) 106
(276, 673) 107
(279, 672) 108
(281, 671) 109
(282, 670) 110
(280, 670) 111
(278, 669) 112
(275, 669) 113
(273, 669) 114
(271, 668) 115
(269, 668) 116
(267, 668) 117
(265, 668) 118
(264, 667) 119
(265, 667) 120
(265, 667) 121
(264, 666) 122
(262, 666) 123
(259, 665) 124
(257, 664) 125
(253, 663) 126
(254, 663) 127
(255, 663) 128
(424, 326) 87
(422, 326) 88
(419, 326) 89
(416, 326) 90
(413, 325) 91
(410, 325) 92
(407, 325) 93
(405, 325) 94
(403, 324) 95
(401, 324) 96
(400, 324) 97
(398, 324) 98
(398, 323) 99
(399, 325) 100
(401, 326) 101
(403, 327) 102
(404, 328) 103
(405, 329) 104
(406, 330) 105
(406, 331) 106
(405, 333) 107
(405, 334) 108
(405, 336) 109
(405, 338) 110
(405, 340) 111
(404, 341) 112
(403, 343) 113
(403, 344) 114
(403, 345) 115
(403, 347) 116
(404, 349) 117
(405, 351) 118
(406, 353) 119
(407, 354) 120
(407, 356) 121
(408, 358) 122
(414, 361) 123
(419, 364) 124
(423, 366) 125
(426, 369) 126
(426, 371) 127
(427, 374) 128
(426, 377) 129
(423, 380) 130
(420, 382) 131
(418, 385) 132
(416, 387) 133
(414, 390) 134
(411, 392) 135
(409, 395) 136
(406, 397) 137
(403, 400) 138
(400, 402) 139
(397, 405) 140
(399, 407) 141
(402, 408) 142
(404, 409) 143
(405, 411) 144
(406, 412) 145
(408, 414) 146
(409, 415) 147
(409, 416) 148
(409, 417) 149
(409, 418) 150
(409, 419) 151
(409, 419) 152
(409, 421) 153
(410, 422) 154
(412, 424) 155
(415, 427) 156
(414, 429) 157
(412, 432) 158
(408, 436) 159
(405, 439) 160
(405, 443) 161
(408, 446) 162
(412, 448) 163
(415, 449) 164
(415, 451) 165
(413, 453) 166
(410, 454) 167
(407, 456) 168
(403, 456) 169
(403, 456) 170
(403, 456) 171
(401, 456) 172
(399, 455) 173
(398, 455) 174
(395, 455) 175
(392, 455) 176
(389, 455) 177
(385, 454) 178
(384, 454) 179
(383, 453) 180
(382, 453) 181
(380, 452) 182
(379, 452) 183
(377, 451) 184
(376, 451) 185
(376, 450) 186
(376, 451) 187
(377, 453) 188
(378, 453) 189
(380, 454) 190
(380, 454) 191
(381, 455) 192
(381, 457) 193
(381, 459) 194
(382, 462) 195
(383, 464) 196
(385, 466) 197
(387, 467) 198
(390, 468) 199
(393, 469) 200
(396, 469) 201
(396, 470) 202
(394, 470) 203
(389, 470) 204
(385, 471) 205
(381, 471) 206
(377, 471) 207
(373, 471) 208
(370, 471) 209
(368, 470) 210
(366, 468) 211
(363, 467) 212
(361, 466) 213
(359, 464) 214
(358, 463) 215
(359, 461) 216
(359, 458) 217
(360, 456) 218
(361, 453) 219
(361, 451) 220
(362, 447) 221
(362, 444) 222
(361, 438) 223
(361, 433) 224
(360, 428) 225
(360, 423) 226
(359, 418) 227
(359, 414) 228
(358, 409) 229
(356, 404) 230
(354, 399) 231
(1169, 735) 100
(1173, 734) 101
(1176, 734) 102
(1180, 735) 103
(1184, 735) 104
(1187, 736) 105
(1190, 736) 106
(1193, 737) 107
(1195, 738) 108
(1197, 738) 109
(1199, 739) 110
(1201, 740) 111
(1202, 740) 112
(1204, 741) 113
(1205, 741) 114
(1206, 742) 115
(1207, 743) 116
(1208, 743) 117
(1209, 744) 118
(1209, 744) 119
(1203, 745) 120
(1198, 746) 121
(1194, 746) 122
(1191, 747) 123
(1189, 748) 124
(1188, 748) 125
(1187, 749) 126
(1187, 749) 127
(1187, 750) 128
(1187, 750) 129
(1186, 749) 130
(1184, 748) 131
(1183, 747) 132
(1181, 746) 133
(1181, 745) 134
(1181, 744) 135
(1181, 743) 136
(1182, 742) 137
(1184, 741) 138
(1185, 739) 139
(1187, 738) 140
(1190, 737) 141
(1193, 736) 142
(1193, 735) 143
(1196, 733) 144
(1204, 731) 145
(1211, 728) 146
(1219, 726) 147
(1226, 723) 148
(1230, 721) 149
(1235, 719) 150
(1243, 716) 151
(1255, 713) 152
(1266, 709) 153
(1277, 706) 154
(1289, 702) 155
(1306, 698) 156
(1321, 694) 157
(1334, 690) 158
(1345, 687) 159
(1355, 683) 160
(1365, 680) 161
(1368, 676) 162
(1372, 673) 163
(1382, 668) 164
(1391, 664) 165
(1400, 660) 166
(730, 511) 101
(729, 511) 102
(729, 511) 103
(728, 511) 104
(727, 511) 105
(726, 511) 106
(724, 512) 107
(723, 512) 108
(722, 512) 109
(721, 512) 110
(720, 512) 111
(719, 512) 112
(718, 512) 113
(716, 511) 114
(714, 511) 115
(713, 510) 116
(712, 510) 117
(711, 509) 118
(710, 509) 119
(709, 508) 120
(708, 508) 121
(707, 508) 122
(707, 507) 123
(706, 507) 124
(706, 506) 125
(705, 506) 126
(705, 506) 127
(705, 505) 128
(711, 505) 129
(714, 504) 130
(716, 504) 131
(719, 505) 132
(723, 506) 133
(725, 507) 134
(727, 508) 135
(729, 508) 136
(728, 509) 137
(727, 511) 138
(723, 512) 139
(720, 514) 140
(716, 516) 141
(713, 518) 142
(710, 519) 143
(707, 521) 144
(704, 523) 145
(702, 524) 146
(700, 526) 147
(699, 527) 148
(695, 528) 149
(691, 528) 150
(688, 529) 151
(684, 529) 152
(681, 530) 153
(677, 530) 154
(672, 530) 155
(668, 531) 156
(660, 531) 157
(653, 532) 158
(646, 532) 159
(639, 533) 160
(633, 533) 161
(628, 533) 162
(623, 533) 163
(618, 534) 164
(614, 534) 165
(609, 534) 166
(604, 535) 167
(600, 534) 168
(596, 533) 169
(780, 554) 117
(780, 553) 118
(788, 553) 119
(796, 553) 120
(803, 553) 121
(812, 554) 122
(822, 554) 123
(834, 554) 124
(845, 554) 125
(858, 554) 126
(868, 554) 127
(880, 554) 128
(890, 554) 129
(899, 554) 130
(906, 554) 131
(912, 554) 132
(912, 554) 133
(918, 554) 134
(922, 555) 135
(931, 554) 136
(939, 554) 137
(939, 555) 138
(936, 555) 139
(933, 555) 140
(930, 556) 141
(922, 556) 142
(915, 556) 143
(908, 557) 144
(906, 557) 145
(903, 558) 146
(901, 558) 147
(898, 558) 148
(900, 559) 149
(901, 559) 150
(901, 559) 151
(900, 560) 152
(900, 560) 153
(900, 560) 154
(901, 560) 155
(901, 560) 156
(902, 560) 157
(901, 560) 158
(901, 561) 159
(900, 561) 160
(900, 561) 161
(900, 561) 162
(900, 561) 163
(900, 561) 164
(900, 561) 165
(900, 560) 166
(900, 560) 167
(900, 560) 168
(899, 560) 169
(897, 560) 170
(895, 560) 171
(894, 560) 172
(893, 559) 173
(891, 559) 174
(891, 560) 175
(890, 559) 176
(887, 560) 177
(885, 560) 178
(883, 560) 179
(883, 561) 180
(885, 561) 181
(889, 561) 182
(893, 561) 183
(896, 561) 184
(899, 562) 185
(901, 562) 186
(904, 562) 187
(905, 563) 188
(906, 564) 189
(908, 566) 190
(910, 567) 191
(911, 568) 192
(914, 569) 193
(915, 569) 194
(917, 569) 195
(919, 569) 196
(917, 569) 197
(915, 569) 198
(913, 569) 199
(908, 569) 200
(902, 569) 201
(902, 568) 202
(902, 568) 203
(901, 568) 204
(901, 568) 205
(900, 568) 206
(900, 568) 207
(900, 568) 208
(898, 568) 209
(895, 567) 210
(894, 567) 211
(892, 566) 212
(891, 566) 213
(890, 565) 214
(890, 565) 215
(892, 565) 216
(896, 565) 217
(899, 565) 218
(902, 565) 219
(904, 565) 220
(906, 565) 221
(908, 565) 222
(910, 565) 223
(912, 565) 224
(913, 565) 225
(913, 566) 226
(914, 567) 227
(914, 567) 228
(915, 567) 229
(916, 567) 230
(916, 567) 231
(917, 566) 232
(917, 566) 233
(917, 567) 234
(915, 567) 235
(910, 567) 236
(907, 567) 237
(905, 568) 238
(899, 568) 239
(893, 569) 240
(888, 570) 241
(884, 571) 242
(880, 571) 243
(876, 572) 244
(873, 573) 245
(870, 574) 246
(867, 574) 247
(865, 575) 248
(863, 576) 249
(861, 576) 250
(861, 577) 251
(862, 579) 252
(870, 580) 253
(878, 582) 254
(884, 584) 255
(890, 586) 256
(895, 588) 257
(896, 590) 258
(899, 591) 259
(902, 593) 260
(905, 594) 261
(903, 595) 262
(904, 596) 263
(904, 597) 264
(901, 598) 265
(901, 599) 266
(901, 600) 267
(894, 600) 268
(888, 601) 269
(882, 602) 270
(877, 602) 271
(871, 602) 272
(868, 601) 273
(864, 602) 274
(860, 602) 275
(852, 602) 276
(843, 605) 277
(834, 607) 278
(829, 609) 279
(820, 611) 280
(811, 613) 281
(804, 614) 282
(797, 616) 283
(796, 617) 284
(790, 619) 285
(785, 621) 286
(779, 623) 287
(773, 625) 288
(761, 627) 289
(750, 630) 290
(742, 633) 291
(735, 636) 292
(728, 638) 293
(722, 641) 294
(717, 644) 295
(712, 647) 296
(707, 649) 297
(704, 652) 298
(700, 654) 299
(697, 657) 300
(694, 659) 301
(692, 662) 302
(689, 664) 303
(687, 666) 304
(685, 669) 305
(684, 671) 306
(682, 673) 307
(681, 675) 308
(680, 677) 309
(678, 679) 310
(678, 681) 311
(682, 682) 312
(686, 684) 313
(691, 684) 314
(696, 685) 315
(700, 686) 316
(703, 687) 317
(707, 688) 318
(516, 761) 122
(516, 761) 123
(516, 761) 124
(516, 761) 125
(515, 761) 126
(515, 762) 127
(515, 762) 128
(514, 763) 129
(513, 764) 130
(514, 764) 131
(517, 763) 132
(520, 763) 133
(523, 763) 134
(526, 764) 135
(529, 764) 136
(532, 764) 137
(536, 765) 138
(543, 765) 139
(553, 765) 140
(560, 766) 141
(568, 766) 142
(577, 767) 143
(584, 768) 144
(591, 767) 145
(597, 767) 146
(600, 768) 147
(606, 768) 148
(612, 768) 149
(619, 769) 150
(625, 769) 151
(632, 769) 152
(638, 769) 153
(644, 770) 154
(649, 770) 155
(653, 770) 156
(657, 770) 157
(661, 770) 158
(665, 770) 159
(668, 771) 160
(674, 770) 161
(680, 770) 162
(685, 769) 163
(689, 769) 164
(693, 768) 165
(696, 768) 166
(694, 768) 167
(693, 768) 168
(692, 768) 169
(695, 767) 170
(698, 766) 171
(702, 765) 172
(705, 764) 173
(714, 764) 174
(726, 764) 175
(738, 764) 176
(748, 764) 177
(757, 765) 178
(765, 765) 179
(773, 765) 180
(785, 765) 181
(790, 764) 182
(801, 763) 183
(810, 763) 184
(818, 762) 185
(825, 761) 186
(832, 760) 187
(837, 760) 188
(843, 759) 189
(848, 758) 190
(852, 758) 191
(856, 757) 192
(859, 757) 193
(862, 756) 194
(866, 755) 195
(869, 755) 196
(872, 754) 197
(876, 754) 198
(879, 754) 199
(882, 754) 200
(885, 753) 201
(885, 754) 202
(885, 754) 203
(884, 754) 204
(882, 754) 205
(881, 753) 206
(880, 753) 207
(879, 751) 208
(879, 751) 209
(878, 751) 210
(878, 751) 211
(878, 751) 212
(878, 751) 213
(877, 751) 214
(879, 750) 215
(880, 750) 216
(881, 749) 217
(1696, 338) 132
(1698, 337) 133
(1701, 335) 134
(1705, 334) 135
(1710, 333) 136
(1715, 331) 137
(1721, 329) 138
(1725, 328) 139
(1730, 326) 140
(1735, 324) 141
(1739, 322) 142
(1744, 321) 143
(1747, 319) 144
(1750, 318) 145
(1755, 317) 146
(1760, 317) 147
(1764, 317) 148
(1768, 317) 149
(1771, 317) 150
(1774, 317) 151
(1777, 317) 152
(1779, 317) 153
(1779, 317) 154
(1779, 316) 155
(1776, 315) 156
(1773, 314) 157
(1770, 313) 158
(1768, 312) 159
(1766, 311) 160
(1764, 310) 161
(1762, 309) 162
(1760, 308) 163
(1759, 307) 164
(1758, 306) 165
(1757, 305) 166
(1756, 304) 167
(1754, 303) 168
(1751, 301) 169
(1746, 299) 170
(1742, 297) 171
(1737, 295) 172
(1732, 293) 173
(1727, 291) 174
(1723, 289) 175
(1720, 287) 176
(1716, 285) 177
(1714, 284) 178
(1712, 284) 179
(1709, 284) 180
(1708, 283) 181
(1707, 283) 182
(1706, 282) 183
(1706, 282) 184
(1706, 283) 185
(1705, 283) 186
(1705, 283) 187
(1705, 284) 188
(1696, 284) 189
(1690, 284) 190
(1684, 283) 191
(1679, 283) 192
(1674, 282) 193
(1670, 282) 194
(1666, 281) 195
(1663, 281) 196
(1660, 281) 197
(1657, 280) 198
(1655, 280) 199
(1653, 279) 200
(1651, 279) 201
(1649, 279) 202
(1647, 278) 203
(1646, 278) 204
(1646, 277) 205
(1648, 277) 206
(1651, 277) 207
(1653, 276) 208
(1656, 276) 209
(1659, 276) 210
(1662, 276) 211
(1660, 276) 212
(1661, 278) 213
(1662, 279) 214
(1664, 281) 215
(1667, 282) 216
(1668, 284) 217
(1669, 285) 218
(1670, 286) 219
(1672, 288) 220
(1672, 289) 221
(1673, 290) 222
(1674, 291) 223
(1675, 292) 224
(1675, 293) 225
(1676, 294) 226
(1676, 296) 227
(1677, 297) 228
(1677, 298) 229
(1677, 299) 230
(1675, 298) 231
(1672, 298) 232
(1669, 297) 233
(1667, 297) 234
(1665, 296) 235
(1665, 296) 236
(1666, 296) 237
(1669, 296) 238
(1669, 296) 239
(1675, 295) 240
(1683, 294) 241
(1690, 294) 242
(1695, 293) 243
(1700, 293) 244
(1703, 292) 245
(1707, 292) 246
(1709, 291) 247
(1712, 290) 248
(1713, 290) 249
(1714, 289) 250
(1715, 288) 251
(1716, 287) 252
(1717, 285) 253
(1717, 284) 254
(1717, 283) 255
(1722, 282) 256
(1727, 280) 257
(1731, 279) 258
(1735, 278) 259
(1738, 277) 260
(1742, 276) 261
(1746, 276) 262
(1882, 396) 144
(1882, 396) 145
(1882, 396) 146
(1877, 395) 147
(1872, 395) 148
(1865, 394) 149
(1859, 393) 150
(1853, 392) 151
(1847, 391) 152
(1848, 390) 153
(1848, 389) 154
(1847, 387) 155
(1847, 386) 156
(1839, 384) 157
(1833, 383) 158
(1828, 382) 159
(1823, 380) 160
(1817, 379) 161
(1811, 378) 162
(1806, 378) 163
(1801, 378) 164
(1797, 378) 165
(1793, 378) 166
(1790, 378) 167
(1787, 378) 168
(1784, 378) 169
(1781, 378) 170
(1779, 377) 171
(1777, 377) 172
(1775, 377) 173
(1774, 377) 174
(1772, 377) 175
(1771, 377) 176
(1770, 377) 177
(1763, 378) 178
(1759, 378) 179
(1753, 378) 180
(1755, 379) 181
(1756, 380) 182
(1758, 382) 183
(1759, 384) 184
(1760, 386) 185
(1761, 387) 186
(1762, 389) 187
(1763, 390) 188
(1764, 392) 189
(1765, 393) 190
(1766, 395) 191
(1766, 396) 192
(1767, 398) 193
(1767, 399) 194
(1768, 401) 195
(1768, 402) 196
(1768, 403) 197
(1775, 405) 198
(1782, 406) 199
(1787, 408) 200
(1792, 408) 201
(1797, 409) 202
(1802, 409) 203
(1810, 411) 204
(1814, 413) 205
(1817, 414) 206
(1820, 417) 207
(1823, 419) 208
(1825, 422) 209
(1826, 424) 210
(1826, 427) 211
(1824, 430) 212
(1814, 434) 213
(1810, 437) 214
(1804, 440) 215
(1799, 443) 216
(1794, 445) 217
(1789, 446) 218
(1779, 447) 219
(1770, 448) 220
(1761, 448) 221
(1754, 449) 222
(1748, 450) 223
(1742, 452) 224
(1738, 453) 225
(1731, 456) 226
(1725, 458) 227
(1720, 459) 228
(1715, 460) 229
(1710, 462) 230
(1702, 463) 231
(1695, 465) 232
(1688, 467) 233
(1683, 468) 234
(1679, 470) 235
(1677, 472) 236
(1675, 475) 237
(1673, 478) 238
(1672, 480) 239
(1671, 483) 240
(1669, 485) 241
(1663, 488) 242
(1656, 492) 243
(1650, 495) 244
(1644, 498) 245
(1639, 501) 246
(1634, 504) 247
(1630, 507) 248
(1625, 510) 249
(1621, 513) 250
(1617, 516) 251
(1614, 519) 252
(1611, 522) 253
(1608, 524) 254
(1606, 527) 255
(1604, 530) 256
(1602, 532) 257
(1600, 535) 258
(1598, 537) 259
(1597, 540) 260
(1596, 542) 261
(1594, 544) 262
(1593, 547) 263
(1592, 549) 264
(1592, 551) 265
(1591, 553) 266
(1591, 555) 267
(1597, 558) 268
(1603, 560) 269
(1608, 562) 270
(1610, 563) 271
(1611, 564) 272
(1613, 565) 273
(1613, 567) 274
(1614, 568) 275
(1615, 569) 276
(1616, 570) 277
(1617, 571) 278
(1618, 572) 279
(1618, 573) 280
(1619, 574) 281
(1620, 575) 282
(1620, 576) 283
(1620, 577) 284
(1620, 577) 285
(1620, 578) 286
(1619, 579) 287
(1613, 579) 288
(1606, 579) 289
(1600, 579) 290
(1594, 579) 291
(1584, 579) 292
(1575, 578) 293
(1573, 578) 294
(1571, 577) 295
(1568, 576) 296
(1563, 575) 297
(1560, 574) 298
(1557, 572) 299
(1554, 571) 300
(1550, 569) 301
(1545, 568) 302
(1541, 566) 303
(1279, 804) 176
(1284, 803) 177
(1291, 803) 178
(1298, 802) 179
(1307, 801) 180
(1316, 800) 181
(1325, 799) 182
(1334, 798) 183
(1344, 797) 184
(1353, 796) 185
(1362, 796) 186
(1370, 795) 187
(1377, 794) 188
(1383, 794) 189
(1391, 794) 190
(1401, 794) 191
(1413, 794) 192
(1423, 794) 193
(1434, 793) 194
(1446, 793) 195
(1456, 793) 196
(1466, 793) 197
(1476, 792) 198
(1484, 792) 199
(1492, 792) 200
(1499, 792) 201
(1506, 792) 202
(1511, 791) 203
(1517, 791) 204
(1521, 791) 205
(1522, 789) 206
(1523, 787) 207
(1525, 785) 208
(1535, 783) 209
(1544, 781) 210
(1552, 780) 211
(1563, 778) 212
(1573, 776) 213
(1582, 774) 214
(1590, 772) 215
(1597, 770) 216
(1604, 768) 217
(1610, 766) 218
(1616, 765) 219
(1622, 763) 220
(1627, 759) 221
(1630, 756) 222
(1635, 754) 223
(1639, 751) 224
(1643, 749) 225
(1646, 747) 226
(1649, 745) 227
(1652, 743) 228
(1654, 742) 229
(1656, 740) 230
(1658, 738) 231
(1660, 736) 232
(1662, 734) 233
(1663, 733) 234
(1664, 731) 235
(1666, 729) 236
(1668, 729) 237
(1673, 728) 238
(1678, 728) 239
(1682, 728) 240
(1686, 728) 241
(1695, 729) 242
(1703, 730) 243
(1712, 731) 244
(1722, 732) 245
(1733, 733) 246
(1741, 734) 247
(1749, 734) 248
(1756, 735) 249
(1753, 736) 250
(1759, 736) 251
(553, 543) 203
(555, 541) 204
(557, 540) 205
(557, 539) 206
(557, 538) 207
(561, 537) 208
(564, 536) 209
(570, 537) 210
(574, 538) 211
(575, 537) 212
(579, 538) 213
(584, 538) 214
(587, 539) 215
(590, 539) 216
(592, 540) 217
(593, 541) 218
(595, 541) 219
(596, 542) 220
(597, 542) 221
(599, 543) 222
(603, 544) 223
(607, 546) 224
(610, 548) 225
(613, 550) 226
(616, 551) 227
(619, 553) 228
(621, 555) 229
(623, 557) 230
(625, 560) 231
(627, 562) 232
(628, 564) 233
(630, 567) 234
(634, 569) 235
(639, 571) 236
(643, 573) 237
(646, 575) 238
(650, 577) 239
(653, 579) 240
(656, 581) 241
(659, 583) 242
(662, 585) 243
(664, 587) 244
(667, 589) 245
(669, 591) 246
(671, 593) 247
(673, 595) 248
(674, 597) 249
(676, 599) 250
(678, 601) 251
(679, 602) 252
(683, 603) 253
(686, 604) 254
(689, 605) 255
(692, 606) 256
(695, 607) 257
(696, 608) 258
(698, 610) 259
(698, 610) 260
(698, 612) 261
(697, 614) 262
(700, 616) 263
(703, 619) 264
(706, 621) 265
(709, 624) 266
(711, 626) 267
(713, 629) 268
(715, 631) 269
(717, 633) 270
(718, 635) 271
(720, 638) 272
(721, 640) 273
(1900, 489) 218
(1906, 488) 219
(1912, 488) 220
(1919, 488) 221
(1919, 488) 222
(11, 488) 223
(16, 488) 224
(21, 488) 225
(28, 488) 226
(25, 488) 227
(19, 488) 228
(19, 488) 229
(1931, 488) 230
(1925, 488) 231
(1923, 488) 232
(1922, 489) 233
(1920, 489) 234
(1920, 490) 235
(1920, 490) 236
(1922, 490) 237
(1924, 491) 238
(1926, 491) 239
(1925, 492) 240
(16, 492) 241
(30, 493) 242
(36, 493) 243
(41, 494) 244
(44, 494) 245
(48, 495) 246
(51, 495) 247
(60, 496) 248
(70, 497) 249
(78, 498) 250
(85, 499) 251
(92, 501) 252
(99, 503) 253
(105, 504) 254
(110, 506) 255
(115, 508) 256
(119, 509) 257
(123, 511) 258
(125, 513) 259
(126, 514) 260
(128, 516) 261
(129, 517) 262
(129, 520) 263
(129, 522) 264
(131, 523) 265
(132, 523) 266
(132, 524) 267
(135, 524) 268
(136, 524) 269
(137, 525) 270
(138, 525) 271
(138, 524) 272
(137, 525) 273
(135, 525) 274
(131, 526) 275
(122, 525) 276
(114, 525) 277
(110, 524) 278
(106, 525) 279
(103, 525) 280
(100, 525) 281
(97, 525) 282
(94, 524) 283
(91, 524) 284
(89, 524) 285
(89, 523) 286
(83, 523) 287
(79, 523) 288
(76, 523) 289
(73, 522) 290
(71, 522) 291
(70, 522) 292
(69, 521) 293
(69, 521) 294
(73, 521) 295
(76, 521) 296
(79, 522) 297
(88, 522) 298
(95, 522) 299
(101, 522) 300
(107, 522) 301
(113, 521) 302
(1020, 501) 250
(1020, 500) 251
(1019, 500) 252
(1018, 500) 253
(1017, 499) 254
(1016, 499) 255
(1016, 499) 256
(1017, 500) 257
(1017, 500) 258
(1016, 500) 259
(1016, 501) 260
(1015, 501) 261
(1014, 501) 262
(1013, 501) 263
(1012, 501) 264
(1011, 501) 265
(1010, 501) 266
(1009, 501) 267
(1009, 501) 268
(1009, 501) 269
(1008, 501) 270
(1008, 501) 271
(1008, 501) 272
(1008, 501) 273
(1008, 501) 274
(1008, 501) 275
(1012, 503) 276
(1020, 503) 277
(1020, 503) 278
(1020, 503) 279
(1017, 503) 280
(1017, 504) 281
(1017, 504) 282
(1013, 504) 283
(1008, 503) 284
(1004, 503) 285
(1000, 503) 286
(997, 503) 287
(994, 502) 288
(991, 502) 289
(988, 502) 290
(986, 502) 291
(984, 502) 292
(982, 501) 293
(980, 501) 294
(979, 501) 295
(978, 501) 296
(976, 501) 297
(975, 500) 298
(974, 500) 299
(973, 500) 300
(973, 500) 301
(970, 501) 302
(968, 502) 303
(966, 503) 304
(965, 504) 305
(963, 505) 306
(962, 506) 307
(961, 507) 308
(959, 508) 309
(957, 509) 310
(955, 511) 311
(954, 512) 312
(952, 513) 313
(944, 513) 314
(937, 514) 315
(930, 515) 316
(924, 516) 317
(918, 517) 318
(918, 518) 319
(916, 519) 320
(917, 520) 321
(917, 522) 322
(915, 522) 323
(918, 524) 324
(1267, 598) 253
(1267, 598) 254
(1266, 597) 255
(1266, 597) 256
(1270, 595) 257
(1275, 594) 258
(1280, 592) 259
(1285, 590) 260
(1289, 589) 261
(1294, 587) 262
(1298, 586) 263
(1298, 585) 264
(1300, 584) 265
(1306, 581) 266
(1313, 579) 267
(1320, 576) 268
(1321, 574) 269
(1321, 571) 270
(1321, 569) 271
(1321, 567) 272
(1324, 565) 273
(1324, 563) 274
(1320, 562) 275
(1314, 561) 276
(1307, 561) 277
(1297, 560) 278
(1291, 559) 279
(1283, 558) 280
(1276, 557) 281
(1272, 556) 282
(1269, 555) 283
(1266, 554) 284
(1261, 553) 285
(1257, 552) 286
(1255, 551) 287
(1251, 550) 288
(1247, 550) 289
(1245, 549) 290
(1241, 548) 291
(1241, 547) 292
(1246, 547) 293
(1254, 547) 294
(1262, 547) 295
(1271, 547) 296
(1279, 546) 297
(1284, 546) 298
(1290, 546) 299
(1292, 546) 300
(1294, 546) 301
(1297, 545) 302
(1300, 545) 303
(1310, 544) 304
(1328, 543) 305
(1344, 542) 306
(1359, 541) 307
(1372, 540) 308
(1384, 539) 309
(1394, 539) 310
(1404, 538) 311
(1412, 537) 312
(1420, 536) 313
(1427, 535) 314
(1433, 535) 315
(1430, 534) 316
(1429, 534) 317
(1428, 533) 318
(1427, 533) 319
(1426, 532) 320
(1425, 532) 321
(1424, 531) 322
(1423, 531) 323
(1423, 530) 324
(1422, 530) 325
(1421, 529) 326
(1421, 529) 327
(1424, 528) 328
(1427, 526) 329
(1492, 259) 254
(1486, 258) 255
(1481, 258) 256
(1478, 257) 257
(1475, 257) 258
(1470, 256) 259
(1466, 256) 260
(1463, 255) 261
(1460, 256) 262
(1459, 256) 263
(1459, 257) 264
(1459, 258) 265
(1459, 259) 266
(1459, 260) 267
(1459, 261) 268
(1459, 262) 269
(1459, 263) 270
(1460, 264) 271
(1460, 265) 272
(1464, 266) 273
(1469, 267) 274
(1474, 268) 275
(1478, 269) 276
(1481, 271) 277
(1480, 273) 278
(1479, 275) 279
(1478, 276) 280
(1475, 279) 281
(1473, 282) 282
(1470, 284) 283
(1468, 287) 284
(1468, 288) 285
(1467, 289) 286
(1467, 290) 287
(1467, 290) 288
(1467, 290) 289
(1468, 290) 290
(1470, 290) 291
(1471, 289) 292
(1471, 289) 293
(1471, 288) 294
(1472, 287) 295
(1473, 285) 296
(1474, 284) 297
(1476, 284) 298
(1478, 283) 299
(1479, 283) 300
(1480, 283) 301
(1481, 282) 302
(1482, 282) 303
(1483, 282) 304
(1488, 283) 305
(1491, 283) 306
(1494, 283) 307
(1498, 283) 308
(1502, 284) 309
(1507, 286) 310
(1511, 287) 311
(1515, 288) 312
(1519, 289) 313
(1522, 290) 314
(1523, 290) 315
(1526, 289) 316
(1526, 290) 317
(1527, 290) 318
(1527, 290) 319
(1527, 291) 320
(1527, 291) 321
(1528, 291) 322
(1528, 291) 323
(1528, 292) 324
(1528, 292) 325
(1528, 292) 326
(1528, 293) 327
(1528, 293) 328
(1528, 293) 329
(1525, 293) 330
(1523, 293) 331
(1521, 292) 332
(1520, 292) 333
(1519, 292) 334
(1516, 291) 335
(1514, 291) 336
(1512, 290) 337
(1509, 290) 338
(1507, 289) 339
(1505, 288) 340
(1503, 287) 341
(1501, 285) 342
(1499, 284) 343
(1498, 283) 344
(1497, 282) 345
(1495, 282) 346
(1494, 281) 347
(1493, 280) 348
(1492, 279) 349
(1491, 278) 350
(1490, 278) 351
(1490, 277) 352
(1490, 276) 353
(1490, 275) 354
(1491, 274) 355
(1491, 274) 356
(1485, 273) 357
(1480, 272) 358
(1477, 271) 359
(1475, 271) 360
(1470, 271) 361
(1465, 271) 362
(1460, 272) 363
(1460, 273) 364
(1460, 273) 365
(1464, 273) 366
(1468, 274) 367
(1469, 276) 368
(1470, 278) 369
(1472, 279) 370
(1474, 281) 371
(1476, 283) 372
(1476, 285) 373
(1479, 286) 374
(577, 398) 285
(576, 398) 286
(576, 398) 287
(576, 398) 288
(576, 398) 289
(576, 398) 290
(576, 398) 291
(572, 399) 292
(573, 399) 293
(573, 399) 294
(574, 399) 295
(575, 399) 296
(576, 399) 297
(577, 400) 298
(577, 400) 299
(578, 400) 300
(579, 400) 301
(580, 400) 302
(581, 400) 303
(582, 400) 304
(583, 400) 305
(583, 400) 306
(584, 400) 307
(584, 401) 308
(585, 401) 309
(585, 401) 310
(586, 401) 311
(586, 401) 312
(587, 401) 313
(587, 401) 314
(587, 401) 315
(587, 401) 316
(584, 401) 317
(580, 401) 318
(577, 401) 319
(573, 402) 320
(568, 404) 321
(561, 406) 322
(555, 408) 323
(550, 410) 324
(538, 412) 325
(528, 414) 326
(517, 416) 327
(510, 418) 328
(505, 420) 329
(499, 422) 330
(494, 424) 331
(491, 425) 332
(488, 427) 333
(480, 428) 334
(469, 431) 335
(459, 434) 336
(450, 436) 337
(442, 439) 338
(435, 441) 339
(429, 444) 340
(423, 446) 341
(418, 448) 342
(408, 451) 343
(400, 453) 344
(392, 455) 345
(385, 457) 346
(378, 459) 347
(373, 461) 348
(367, 463) 349
(363, 465) 350
(359, 466) 351
(355, 468) 352
(351, 470) 353
(348, 472) 354
(346, 473) 355
(343, 475) 356
(341, 477) 357
(334, 478) 358
(1078, 665) 313
(1077, 665) 314
(1075, 664) 315
(1075, 663) 316
(1075, 663) 317
(1077, 663) 318
(1078, 663) 319
(1079, 663) 320
(1080, 663) 321
(1081, 663) 322
(1081, 662) 323
(1080, 662) 324
(1079, 662) 325
(1076, 662) 326
(1073, 662) 327
(1071, 662) 328
(1069, 662) 329
(1068, 661) 330
(1066, 661) 331
(1064, 661) 332
(1063, 661) 333
(1063, 661) 334
(1065, 660) 335
(1067, 659) 336
(1070, 658) 337
(1073, 657) 338
(1076, 655) 339
(1078, 654) 340
(1076, 652) 341
(1074, 650) 342
(1072, 648) 343
(1070, 646) 344
(1069, 643) 345
(1069, 641) 346
(1067, 638) 347
(1066, 636) 348
(1064, 634) 349
(1062, 632) 350
(1059, 630) 351
(1057, 628) 352
(1055, 626) 353
(1053, 624) 354
(1051, 623) 355
(1049, 621) 356
(1048, 619) 357
(1047, 618) 358
(1045, 616) 359
(1044, 614) 360
(1043, 613) 361
(1043, 611) 362
(1042, 609) 363
(1043, 607) 364
(1044, 605) 365
(1045, 603) 366
(1046, 601) 367
(1047, 599) 368
(1048, 597) 369
(1049, 596) 370
(1049, 594) 371
(1050, 592) 372
(1050, 590) 373
(1051, 589) 374
(1051, 587) 375
(1056, 586) 376
(1062, 584) 377
(1068, 583) 378
(1074, 581) 379
(1080, 580) 380
(1086, 578) 381
(1092, 577) 382
(1097, 575) 383
(1100, 574) 384
(1102, 573) 385
(1100, 572) 386
(1100, 571) 387
(1097, 570) 388
(1094, 570) 389
(1092, 569) 390
(1090, 569) 391
(1088, 568) 392
(1087, 568) 393
(1085, 567) 394
(1079, 566) 395
(1074, 565) 396
(1070, 565) 397
(1066, 564) 398
(1062, 563) 399
(1059, 562) 400
(1056, 561) 401
(1053, 560) 402
(1051, 559) 403
(1049, 559) 404
(1047, 558) 405
(1048, 558) 406
(1051, 557) 407
(1058, 557) 408
(1065, 556) 409
(1073, 556) 410
(1081, 555) 411
(1084, 554) 412
(1087, 552) 413
(1091, 551) 414
(1095, 550) 415
(1099, 549) 416
(1102, 548) 417
(1105, 547) 418
(1108, 546) 419
(1110, 545) 420
(1112, 545) 421
(1114, 544) 422
(1114, 543) 423
(1113, 542) 424
(1110, 542) 425
(1107, 542) 426
(1105, 542) 427
(1104, 542) 428
(1104, 542) 429
(1099, 542) 430
(1093, 542) 431
(1093, 542) 432
(1093, 542) 433
(1086, 542) 434
(1080, 542) 435
(1076, 542) 436
(1071, 542) 437
(1067, 542) 438
(1067, 543) 439
(1071, 543) 440
(1074, 543) 441
(1076, 544) 442
(1078, 544) 443
(1082, 544) 444
(1085, 545) 445
(1089, 545) 446
(1092, 546) 447
(1096, 546) 448
(1103, 546) 449
(1106, 547) 450
(169, 517) 340
(170, 516) 341
(173, 516) 342
(175, 516) 343
(177, 516) 344
(179, 516) 345
(181, 516) 346
(189, 515) 347
(194, 515) 348
(199, 514) 349
(203, 513) 350
(207, 513) 351
(210, 512) 352
(213, 511) 353
(216, 510) 354
(219, 509) 355
(221, 508) 356
(223, 507) 357
(225, 506) 358
(223, 506) 359
(222, 505) 360
(221, 504) 361
(220, 503) 362
(219, 503) 363
(218, 502) 364
(217, 501) 365
(217, 500) 366
(220, 499) 367
(224, 498) 368
(227, 497) 369
(230, 496) 370
(233, 495) 371
(236, 495) 372
(238, 494) 373
(237, 492) 374
(236, 490) 375
(235, 490) 376
(229, 490) 377
(223, 489) 378
(221, 489) 379
(218, 488) 380
(215, 487) 381
(205, 486) 382
(191, 486) 383
(178, 486) 384
(167, 485) 385
(159, 483) 386
(147, 483) 387
(137, 483) 388
(128, 483) 389
(120, 483) 390
(113, 483) 391
(108, 483) 392
(103, 483) 393
(99, 483) 394
(96, 483) 395
(92, 483) 396
(89, 483) 397
(87, 484) 398
(84, 484) 399
(82, 484) 400
(80, 484) 401
(78, 484) 402
(77, 484) 403
(75, 484) 404
(74, 484) 405
(73, 484) 406
(72, 484) 407
(71, 484) 408
(65, 485) 409
(60, 485) 410
(56, 486) 411
(51, 486) 412
(46, 486) 413
(43, 487) 414
(40, 487) 415
(37, 488) 416
(34, 488) 417
(32, 489) 418
(30, 489) 419
(28, 489) 420
(27, 490) 421
(25, 490) 422
(24, 491) 423
(23, 491) 424
(22, 491) 425
(21, 492) 426
(20, 492) 427
(19, 492) 428
(19, 493) 429
(23, 494) 430
(28, 496) 431
(31, 497) 432
(34, 499) 433
(36, 500) 434
(38, 502) 435
(40, 503) 436
(46, 505) 437
(50, 507) 438
(54, 509) 439
(58, 510) 440
(62, 512) 441
(65, 514) 442
(67, 515) 443
(70, 517) 444
(72, 518) 445
(74, 520) 446
(76, 521) 447
(77, 523) 448
(79, 524) 449
(82, 525) 450
(84, 525) 451
(85, 526) 452
(86, 527) 453
(88, 528) 454
(90, 530) 455
(92, 531) 456
(94, 532) 457
(96, 533) 458
(98, 535) 459
(99, 536) 460
(99, 537) 461
(99, 540) 462
(98, 542) 463
(98, 544) 464
(99, 545) 465
(100, 547) 466
(101, 548) 467
(102, 549) 468
(103, 550) 469
(104, 551) 470
(105, 553) 471
(106, 554) 472
(106, 555) 473
(107, 556) 474
(107, 557) 475
(108, 558) 476
(108, 559) 477
(109, 560) 478
(109, 561) 479
(109, 562) 480
(112, 563) 481
(115, 565) 482
(117, 566) 483
(119, 567) 484
(121, 569) 485
(122, 570) 486
(122, 571) 487
(120, 573) 488
(116, 574) 489
(112, 576) 490
(109, 577) 491
(98, 579) 492
(87, 581) 493
(82, 583) 494
(77, 585) 495
(71, 587) 496
(65, 589) 497
(62, 592) 498
(58, 595) 499
(52, 598) 500
(45, 601) 501
(37, 603) 502
(29, 606) 503
(22, 609) 504
(17, 612) 505
(17, 615) 506
(1933, 618) 507
(1928, 621) 508
(1923, 624) 509
(1919, 627) 510
(1909, 629) 511
(1899, 631) 512
(1891, 633) 513
(1880, 634) 514
(1869, 635) 515
(1856, 636) 516
(1848, 637) 517
(1835, 637) 518
(1826, 637) 519
(318, 670) 395
(317, 670) 396
(317, 670) 397
(315, 670) 398
(314, 670) 399
(313, 670) 400
(312, 670) 401
(313, 670) 402
(315, 670) 403
(316, 670) 404
(317, 670) 405
(319, 671) 406
(320, 673) 407
(322, 674) 408
(322, 676) 409
(316, 677) 410
(310, 678) 411
(309, 679) 412
(307, 680) 413
(307, 681) 414
(306, 682) 415
(305, 683) 416
(299, 684) 417
(294, 685) 418
(289, 686) 419
(285, 687) 420
(278, 688) 421
(272, 688) 422
(267, 689) 423
(264, 689) 424
(259, 689) 425
(256, 689) 426
(253, 690) 427
(251, 690) 428
(249, 690) 429
(247, 689) 430
(247, 689) 431
(247, 688) 432
(250, 687) 433
(252, 686) 434
(254, 685) 435
(256, 684) 436
(259, 684) 437
(261, 684) 438
(263, 685) 439
(265, 685) 440
(270, 686) 441
(275, 686) 442
(277, 685) 443
(281, 686) 444
(282, 686) 445
(285, 685) 446
(287, 684) 447
(290, 683) 448
(294, 681) 449
(299, 680) 450
(296, 679) 451
(294, 678) 452
(292, 678) 453
(290, 678) 454
(288, 677) 455
(288, 676) 456
(290, 674) 457
(294, 673) 458
(298, 671) 459
(298, 669) 460
(301, 667) 461
(301, 665) 462
(304, 663) 463
(305, 661) 464
(307, 660) 465
(308, 658) 466
(309, 656) 467
(311, 654) 468
(310, 652) 469
(302, 651) 470
(295, 649) 471
(292, 647) 472
(285, 646) 473
(278, 645) 474
(271, 644) 475
(266, 643) 476
(266, 643) 477
(266, 643) 478
(266, 642) 479
(263, 641) 480
(264, 638) 481
(266, 636) 482
(267, 633) 483
(263, 632) 484
(261, 630) 485
(257, 630) 486
(256, 628) 487
(253, 626) 488
(251, 623) 489
(250, 621) 490
(248, 618) 491
(246, 615) 492
(245, 612) 493
(246, 608) 494
(250, 603) 495
(253, 598) 496
(256, 594) 497
(258, 589) 498
(260, 585) 499
(262, 580) 500
(264, 576) 501
(265, 572) 502
(265, 568) 503
(264, 563) 504
(260, 559) 505
(257, 554) 506
(253, 550) 507
(249, 546) 508
(244, 542) 509
(243, 538) 510
(240, 534) 511
(237, 530) 512
(233, 527) 513
(229, 524) 514
(225, 521) 515
(221, 518) 516
(217, 515) 517
(214, 513) 518
(211, 510) 519
(208, 507) 520
(206, 505) 521
(207, 504) 522
(209, 503) 523
(211, 501) 524
(214, 502) 525
(214, 502) 526
(213, 503) 527
(209, 504) 528
(209, 504) 529
(208, 505) 530
(208, 505) 531
(208, 505) 532
(210, 504) 533
(214, 503) 534
(217, 503) 535
(220, 502) 536
(222, 501) 537
(222, 501) 538
(222, 499) 539
(220, 498) 540
(219, 496) 541
(218, 495) 542
(219, 494) 543
(221, 494) 544
(225, 494) 545
(227, 494) 546
(231, 494) 547
(236, 494) 548
(240, 494) 549
(244, 494) 550
(249, 494) 551
(247, 494) 552
(246, 494) 553
(245, 495) 554
(244, 496) 555
(242, 497) 556
(239, 498) 557
(235, 498) 558
(230, 499) 559
(226, 499) 560
(223, 498) 561
(221, 497) 562
(220, 497) 563
(218, 496) 564
(217, 496) 565
(216, 495) 566
(215, 495) 567
(214, 494) 568
(214, 494) 569
(214, 495) 570
(1525, 558) 414
(1524, 558) 415
(1522, 558) 416
(1521, 558) 417
(1519, 558) 418
(1517, 559) 419
(1515, 559) 420
(1513, 560) 421
(1511, 560) 422
(1510, 560) 423
(1508, 561) 424
(1507, 561) 425
(1506, 562) 426
(1505, 562) 427
(1504, 562) 428
(1503, 563) 429
(1503, 563) 430
(1502, 563) 431
(1501, 564) 432
(1501, 564) 433
(1503, 563) 434
(1505, 562) 435
(1508, 562) 436
(1510, 561) 437
(1512, 560) 438
(1514, 559) 439
(1516, 558) 440
(1518, 557) 441
(1519, 556) 442
(1520, 555) 443
(1522, 554) 444
(1523, 553) 445
(1525, 552) 446
(1526, 551) 447
(1526, 549) 448
(1525, 546) 449
(1525, 544) 450
(1525, 541) 451
(1525, 539) 452
(1524, 536) 453
(1524, 533) 454
(1524, 531) 455
(1524, 528) 456
(1524, 525) 457
(1520, 522) 458
(1522, 517) 459
(1522, 513) 460
(1522, 508) 461
(1522, 504) 462
(1522, 500) 463
(1520, 497) 464
(1519, 494) 465
(1520, 491) 466
(1521, 488) 467
(1521, 485) 468
(1521, 482) 469
(1522, 479) 470
(1522, 477) 471
(1522, 474) 472
(1522, 471) 473
(1522, 468) 474
(1522, 466) 475
(1522, 463) 476
(1523, 461) 477
(1523, 458) 478
(1523, 456) 479
(1523, 454) 480
(1523, 451) 481
(1526, 450) 482
(1530, 449) 483
(1533, 448) 484
(1537, 447) 485
(1538, 446) 486
(1540, 446) 487
(1544, 445) 488
(1549, 444) 489
(1555, 443) 490
(1560, 442) 491
(1565, 441) 492
(1573, 441) 493
(1581, 442) 494
(1588, 442) 495
(1594, 443) 496
(1599, 444) 497
(1604, 444) 498
(1607, 444) 499
(1609, 443) 500
(1612, 443) 501
(1612, 442) 502
(1611, 440) 503
(1609, 438) 504
(1602, 435) 505
(1592, 431) 506
(1582, 427) 507
(1574, 423) 508
(1567, 420) 509
(1560, 416) 510
(1560, 413) 511
(1565, 411) 512
(1570, 409) 513
(1577, 406) 514
(1587, 404) 515
(1597, 402) 516
(1605, 399) 517
(1613, 398) 518
(1619, 396) 519
(1631, 395) 520
(1643, 395) 521
(1654, 395) 522
(1665, 395) 523
(1677, 395) 524
(1688, 396) 525
(1698, 397) 526
(1709, 398) 527
(1721, 400) 528
(1731, 401) 529
(1740, 403) 530
(1751, 404) 531
(1761, 405) 532
(1770, 407) 533
(1778, 408) 534
(1786, 409) 535
(1793, 410) 536
(1799, 411) 537
(1804, 412) 538
(1809, 413) 539
(1814, 414) 540
(1816, 415) 541
(1820, 417) 542
(1823, 419) 543
(1828, 420) 544
(1834, 421) 545
(1837, 422) 546
(1841, 424) 547
(1845, 426) 548
(1849, 427) 549
(1853, 429) 550
(1857, 430) 551
(1861, 432) 552
(1866, 434) 553
(1870, 436) 554
(1873, 438) 555
(1876, 441) 556
(1874, 444) 557
(1870, 447) 558
(1866, 451) 559
(1863, 455) 560
(1861, 458) 561
(1858, 462) 562
(1856, 465) 563
(1854, 469) 564
(1853, 472) 565
(1851, 475) 566
(1850, 479) 567
(1849, 482) 568
(1848, 485) 569
(1847, 488) 570
(1580, 367) 418
(1582, 367) 419
(1586, 369) 420
(1591, 370) 421
(1601, 371) 422
(1611, 373) 423
(1618, 375) 424
(1622, 375) 425
(1625, 375) 426
(1627, 376) 427
(1628, 376) 428
(1629, 376) 429
(1629, 376) 430
(1629, 376) 431
(1632, 375) 432
(1635, 374) 433
(1638, 374) 434
(1641, 372) 435
(1644, 371) 436
(1646, 370) 437
(1648, 369) 438
(1650, 367) 439
(1652, 366) 440
(1654, 364) 441
(1656, 362) 442
(1662, 359) 443
(1668, 356) 444
(1673, 353) 445
(1678, 349) 446
(1682, 346) 447
(1686, 342) 448
(1690, 339) 449
(1693, 335) 450
(1696, 332) 451
(1698, 329) 452
(1700, 326) 453
(1700, 322) 454
(1699, 321) 455
(1691, 319) 456
(1681, 318) 457
(1672, 316) 458
(1663, 315) 459
(1655, 314) 460
(1648, 313) 461
(1642, 311) 462
(1637, 310) 463
(1632, 309) 464
(1627, 308) 465
(1623, 307) 466
(1619, 305) 467
(1616, 304) 468
(1613, 303) 469
(1610, 302) 470
(1603, 301) 471
(1597, 300) 472
(1591, 298) 473
(1585, 297) 474
(1580, 295) 475
(1575, 294) 476
(1570, 292) 477
(1565, 290) 478
(1561, 288) 479
(682, 738) 445
(676, 738) 446
(671, 737) 447
(667, 737) 448
(663, 737) 449
(659, 737) 450
(656, 736) 451
(653, 735) 452
(651, 734) 453
(649, 733) 454
(647, 732) 455
(646, 731) 456
(644, 730) 457
(643, 729) 458
(642, 728) 459
(642, 727) 460
(646, 726) 461
(651, 724) 462
(655, 723) 463
(659, 721) 464
(659, 720) 465
(659, 718) 466
(656, 717) 467
(656, 716) 468
(656, 715) 469
(655, 714) 470
(655, 713) 471
(655, 712) 472
(655, 711) 473
(655, 710) 474
(655, 709) 475
(654, 708) 476
(653, 707) 477
(651, 705) 478
(651, 703) 479
(653, 702) 480
(655, 701) 481
(657, 700) 482
(659, 699) 483
(659, 698) 484
(661, 696) 485
(663, 695) 486
(668, 693) 487
(670, 691) 488
(675, 689) 489
(674, 688) 490
(675, 686) 491
(682, 684) 492
(687, 682) 493
(693, 680) 494
(700, 678) 495
(705, 676) 496
(709, 674) 497
(712, 672) 498
(715, 671) 499
(717, 669) 500
(720, 667) 501
(720, 666) 502
(719, 666) 503
(716, 665) 504
(713, 665) 505
(713, 664) 506
(715, 663) 507
(719, 661) 508
(723, 660) 509
(719, 658) 510
(713, 657) 511
(708, 655) 512
(704, 653) 513
(700, 652) 514
(696, 650) 515
(693, 649) 516
(690, 648) 517
(687, 646) 518
(684, 645) 519
(679, 644) 520
(674, 644) 521
(673, 643) 522
(665, 643) 523
(660, 643) 524
(653, 643) 525
(646, 643) 526
(633, 643) 527
(623, 644) 528
(617, 646) 529
(612, 647) 530
(607, 648) 531
(603, 649) 532
(600, 651) 533
(598, 652) 534
(596, 654) 535
(595, 654) 536
(595, 655) 537
(594, 655) 538
(594, 656) 539
(593, 656) 540
(593, 657) 541
(593, 657) 542
(592, 658) 543
(592, 658) 544
(592, 659) 545
(592, 659) 546
(590, 659) 547
(588, 659) 548
(586, 659) 549
(584, 659) 550
(583, 659) 551
(582, 659) 552
(581, 659) 553
(580, 659) 554
(579, 659) 555
(578, 659) 556
(573, 658) 557
(568, 657) 558
(564, 656) 559
(559, 655) 560
(554, 654) 561
(549, 653) 562
(545, 653) 563
(543, 653) 564
(537, 654) 565
(530, 655) 566
(525, 656) 567
(519, 657) 568
(516, 659) 569
(1268, 125) 458
(1267, 125) 459
(1267, 125) 460
(1267, 125) 461
(1267, 125) 462
(1267, 125) 463
(1267, 125) 464
(1267, 125) 465
(1267, 125) 466
(1266, 126) 467
(1266, 126) 468
(1266, 126) 469
(1266, 126) 470
(1266, 126) 471
(1266, 126) 472
(1266, 127) 473
(1266, 127) 474
(1266, 127) 475
(1266, 127) 476
(1265, 127) 477
(1265, 127) 478
(1265, 128) 479
(1262, 128) 480
(1258, 129) 481
(1256, 130) 482
(1253, 131) 483
(1250, 131) 484
(1248, 132) 485
(1246, 133) 486
(1245, 134) 487
(1245, 134) 488
(1249, 135) 489
(1255, 136) 490
(1261, 137) 491
(1265, 138) 492
(1269, 139) 493
(1272, 140) 494
(1276, 141) 495
(1280, 142) 496
(1284, 143) 497
(1288, 144) 498
(1300, 145) 499
(1311, 147) 500
(1322, 148) 501
(1333, 150) 502
(1343, 151) 503
(1353, 152) 504
(1361, 154) 505
(1368, 155) 506
(1375, 156) 507
(1381, 158) 508
(1387, 159) 509
(1391, 160) 510
(1396, 162) 511
(1400, 163) 512
(1404, 164) 513
(1407, 165) 514
(1412, 167) 515
(1418, 169) 516
(1422, 171) 517
(1431, 174) 518
(1443, 176) 519
(1455, 178) 520
(1463, 181) 521
(1470, 184) 522
(1477, 188) 523
(1482, 191) 524
(1489, 195) 525
(1495, 199) 526
(1502, 203) 527
(1508, 207) 528
(1514, 211) 529
(1517, 215) 530
(1520, 220) 531
(1524, 224) 532
(1527, 229) 533
(1531, 233) 534
(1534, 238) 535
(1538, 242) 536
(1541, 246) 537
(1544, 251) 538
(1547, 255) 539
(1550, 259) 540
(1556, 264) 541
(1562, 268) 542
(1567, 273) 543
(1573, 277) 544
(1578, 282) 545
(1582, 286) 546
(1587, 291) 547
(1591, 294) 548
(1596, 296) 549
(1601, 299) 550
(1606, 301) 551
(1610, 303) 552
(1614, 305) 553
(1619, 307) 554
(1623, 309) 555
(1627, 311) 556
(1631, 313) 557
(1635, 315) 558
(1645, 317) 559
(1658, 319) 560
(1672, 320) 561
(1685, 322) 562
(1698, 323) 563
(1710, 324) 564
(1721, 326) 565
(1731, 327) 566
(1739, 328) 567
(1746, 329) 568
(1753, 330) 569
(1760, 331) 570
(1060, 601) 496
(1058, 601) 497
(1056, 601) 498
(1055, 600) 499
(1053, 600) 500
(1051, 600) 501
(1049, 600) 502
(1047, 600) 503
(1046, 599) 504
(1044, 599) 505
(1044, 599) 506
(1044, 598) 507
(1047, 598) 508
(1048, 597) 509
(1050, 596) 510
(1052, 596) 511
(1054, 595) 512
(1055, 595) 513
(1057, 594) 514
(1058, 593) 515
(1059, 593) 516
(1060, 592) 517
(1061, 592) 518
(1062, 591) 519
(1063, 591) 520
(1063, 590) 521
(1064, 589) 522
(1065, 589) 523
(1065, 588) 524
(1065, 588) 525
(1066, 587) 526
(1066, 587) 527
(1061, 587) 528
(1058, 588) 529
(1053, 590) 530
(1050, 590) 531
(1047, 591) 532
(1041, 592) 533
(1037, 593) 534
(1033, 593) 535
(1029, 594) 536
(1025, 595) 537
(1022, 595) 538
(1020, 596) 539
(1017, 597) 540
(1015, 597) 541
(1015, 598) 542
(1017, 599) 543
(1021, 599) 544
(1025, 600) 545
(1029, 601) 546
(1032, 602) 547
(1035, 603) 548
(1037, 604) 549
(1040, 605) 550
(1041, 606) 551
(1041, 606) 552
(1044, 607) 553
(1046, 608) 554
(1045, 609) 555
(1045, 610) 556
(1045, 611) 557
(1048, 611) 558
(1052, 612) 559
(1056, 612) 560
(1574, 537) 511
(1572, 537) 512
(1569, 537) 513
(1558, 538) 514
(1545, 539) 515
(1531, 540) 516
(1514, 541) 517
(1495, 542) 518
(1476, 542) 519
(1455, 544) 520
(1433, 545) 521
(1411, 546) 522
(1389, 547) 523
(1367, 548) 524
(1347, 549) 525
(1329, 550) 526
(1313, 551) 527
(1298, 552) 528
(1285, 553) 529
(1274, 554) 530
(1263, 555) 531
(1254, 556) 532
(1245, 557) 533
(1237, 557) 534
(1230, 558) 535
(1218, 558) 536
(1208, 558) 537
(1199, 557) 538
(1192, 557) 539
(1187, 557) 540
(1180, 557) 541
(1180, 557) 542
(1183, 557) 543
(1190, 557) 544
(1197, 557) 545
(1205, 556) 546
(1218, 556) 547
(1234, 555) 548
(1250, 554) 549
(1264, 553) 550
(1277, 552) 551
(1289, 551) 552
(1300, 551) 553
(1311, 550) 554
(1322, 549) 555
(1334, 548) 556
(1347, 546) 557
(1360, 545) 558
(1373, 543) 559
(1383, 542) 560
(1393, 540) 561
(1406, 539) 562
(1424, 538) 563
(1442, 538) 564
(1459, 538) 565
(1475, 537) 566
(1490, 537) 567
(1503, 537) 568
(1516, 537) 569
(1527, 537) 570
