(974, 474) 20
(975, 474) 21
(977, 474) 22
(978, 474) 23
(977, 474) 24
(976, 474) 25
(974, 474) 26
(974, 474) 27
(975, 474) 28
(974, 474) 29
(976, 474) 30
(975, 474) 31
(975, 475) 32
(978, 475) 33
(979, 475) 34
(980, 475) 35
(982, 476) 36
(985, 477) 37
(988, 478) 38
(987, 478) 39
(980, 479) 40
(974, 480) 41
(968, 481) 42
(960, 483) 43
(954, 484) 44
(948, 486) 45
(943, 487) 46
(939, 489) 47
(933, 491) 48
(927, 492) 49
(917, 494) 50
(910, 496) 51
(901, 497) 52
(896, 499) 53
(886, 501) 54
(876, 503) 55
(865, 504) 56
(858, 506) 57
(849, 508) 58
(842, 509) 59
(827, 511) 60
(818, 513) 61
(808, 514) 62
(799, 516) 63
(785, 516) 64
(775, 517) 65
(766, 518) 66
(760, 519) 67
(750, 520) 68
(743, 520) 69
(736, 521) 70
(731, 522) 71
(724, 522) 72
(712, 522) 73
(700, 522) 74
(688, 522) 75
(676, 522) 76
(667, 523) 77
(658, 523) 78
(649, 523) 79
(642, 523) 80
(635, 522) 81
(627, 522) 82
(619, 521) 83
(611, 520) 84
(607, 519) 85
(604, 519) 86
(602, 519) 87
(599, 518) 88
(599, 518) 89
(599, 518) 90
(599, 518) 91
(592, 517) 92
(585, 516) 93
(578, 515) 94
(572, 514) 95
(569, 514) 96
(566, 513) 97
(560, 512) 98
(551, 510) 99
(547, 510) 100
(543, 509) 101
(538, 509) 102
(534, 508) 103
(530, 507) 104
(533, 506) 105
(533, 506) 106
(532, 505) 107
(528, 504) 108
(529, 504) 109
(538, 504) 110
(549, 504) 111
(561, 504) 112
(575, 504) 113
(587, 504) 114
(598, 504) 115
(615, 504) 116
(629, 504) 117
(642, 503) 118
(653, 502) 119
(664, 502) 120
(673, 501) 121
(681, 500) 122
(688, 500) 123
(698, 500) 124
(705, 499) 125
(711, 499) 126
(717, 499) 127
(722, 499) 128
(726, 499) 129
(731, 499) 130
(734, 499) 131
(738, 499) 132
(741, 499) 133
(741, 499) 134
(738, 498) 135
(734, 497) 136
(730, 496) 137
(726, 496) 138
(723, 495) 139
(720, 494) 140
(717, 494) 141
(714, 493) 142
(712, 493) 143
(710, 492) 144
(708, 491) 145
(704, 492) 146
(699, 493) 147
(687, 493) 148
(683, 493) 149
(678, 494) 150
(679, 494) 151
(679, 495) 152
(683, 496) 153
(687, 498) 154
(694, 498) 155
(699, 498) 156
(697, 498) 157
(696, 497) 158
(693, 496) 159
(691, 496) 160
(690, 495) 161
(682, 495) 162
(682, 496) 163
(681, 496) 164
(680, 496) 165
(679, 497) 166
(679, 498) 167
(679, 499) 168
(678, 499) 169
(677, 499) 170
(677, 499) 171
(676, 500) 172
(676, 500) 173
(674, 500) 174
(673, 500) 175
(671, 500) 176
(669, 500) 177
(668, 500) 178
(667, 500) 179
(659, 500) 180
(645, 500) 181
(634, 499) 182
(623, 499) 183
(613, 499) 184
(605, 499) 185
(597, 499) 186
(590, 499) 187
(577, 498) 188
(566, 498) 189
(558, 498) 190
(551, 498) 191
(545, 498) 192
(542, 498) 193
(541, 498) 194
(542, 498) 195
(545, 499) 196
(547, 500) 197
(549, 500) 198
(551, 501) 199
(553, 501) 200
(555, 502) 201
(556, 503) 202
(556, 503) 203
(555, 502) 204
(546, 501) 205
(539, 500) 206
(539, 499) 207
(540, 498) 208
(546, 498) 209
(560, 497) 210
(573, 497) 211
(581, 496) 212
(590, 496) 213
(597, 495) 214
(603, 495) 215
(609, 495) 216
(617, 494) 217
(630, 494) 218
(642, 493) 219
(655, 493) 220
(667, 493) 221
(676, 492) 222
(686, 492) 223
(695, 492) 224
(701, 492) 225
(707, 492) 226
(713, 492) 227
(719, 491) 228
(725, 491) 229
(729, 491) 230
(734, 491) 231
(738, 491) 232
(741, 491) 233
(738, 492) 234
(737, 493) 235
(736, 493) 236
(735, 494) 237
(735, 495) 238
(732, 495) 239
(730, 496) 240
(732, 497) 241
(737, 497) 242
(742, 498) 243
(742, 498) 244
(742, 499) 245
(738, 500) 246
(735, 501) 247
(732, 502) 248
(730, 503) 249
(728, 504) 250
(726, 505) 251
(725, 504) 252
(722, 504) 253
(719, 503) 254
(717, 502) 255
(716, 502) 256
(720, 502) 257
(721, 501) 258
(722, 500) 259
(723, 500) 260
(725, 499) 261
(725, 498) 262
(726, 497) 263
(727, 497) 264
(728, 496) 265
(728, 495) 266
(729, 495) 267
(729, 494) 268
(730, 493) 269
(730, 493) 270
(731, 492) 271
(731, 491) 272
(731, 491) 273
(732, 490) 274
(732, 490) 275
(732, 489) 276
(732, 489) 277
(732, 488) 278
(738, 488) 279
(741, 489) 280
(743, 489) 281
(744, 490) 282
(744, 490) 283
(745, 491) 284
(745, 492) 285
(746, 492) 286
(746, 493) 287
(746, 493) 288
(740, 493) 289
(733, 493) 290
(725, 493) 291
(718, 493) 292
(712, 493) 293
(705, 493) 294
(699, 493) 295
(691, 493) 296
(682, 493) 297
(672, 492) 298
(662, 492) 299
(652, 492) 300
(643, 492) 301
(635, 492) 302
(627, 493) 303
(620, 493) 304
(612, 493) 305
(601, 492) 306
(590, 491) 307
(580, 490) 308
(571, 489) 309
(562, 488) 310
(554, 488) 311
(547, 487) 312
(546, 486) 313
(544, 486) 314
(538, 485) 315
(532, 484) 316
(526, 482) 317
(523, 481) 318
(517, 480) 319
(510, 480) 320
(503, 479) 321
(495, 478) 322
(484, 476) 323
(472, 475) 324
(461, 473) 325
(453, 471) 326
(445, 470) 327
(438, 468) 328
(431, 466) 329
(425, 464) 330
(420, 462) 331
(415, 461) 332
(411, 459) 333
(407, 457) 334
(404, 455) 335
(401, 454) 336
(398, 452) 337
(395, 451) 338
(393, 449) 339
(391, 448) 340
(389, 446) 341
(387, 445) 342
(386, 443) 343
(386, 442) 344
(388, 441) 345
(390, 440) 346
(392, 440) 347
(393, 438) 348
(395, 437) 349
(396, 436) 350
(398, 434) 351
(1271, 580) 47
(1271, 580) 48
(1271, 580) 49
(1271, 580) 50
(1271, 580) 51
(1271, 580) 52
(1271, 580) 53
(1271, 580) 54
(1271, 580) 55
(1271, 580) 56
(1271, 580) 57
(1271, 580) 58
(1271, 580) 59
(1271, 580) 60
(1271, 580) 61
(1271, 580) 62
(1271, 580) 63
(1271, 580) 64
(1271, 580) 65
(1264, 581) 66
(1261, 581) 67
(1261, 581) 68
(1261, 582) 69
(1263, 582) 70
(1263, 582) 71
(1265, 582) 72
(1272, 582) 73
(1281, 580) 74
(1291, 579) 75
(1300, 577) 76
(1309, 576) 77
(1318, 574) 78
(1327, 573) 79
(1336, 572) 80
(1345, 570) 81
(1355, 569) 82
(1366, 567) 83
(1376, 566) 84
(1387, 565) 85
(1398, 563) 86
(1409, 562) 87
(1420, 560) 88
(1432, 559) 89
(1445, 557) 90
(1457, 555) 91
(1469, 553) 92
(1478, 552) 93
(1486, 551) 94
(1493, 549) 95
(1500, 548) 96
(1507, 547) 97
(1509, 547) 98
(1511, 546) 99
(1511, 546) 100
(1510, 545) 101
(1507, 544) 102
(1504, 544) 103
(1501, 543) 104
(1496, 543) 105
(1492, 543) 106
(1487, 542) 107
(952, 532) 71
(952, 532) 72
(952, 532) 73
(953, 532) 74
(953, 532) 75
(953, 532) 76
(952, 532) 77
(953, 533) 78
(953, 533) 79
(959, 533) 80
(966, 532) 81
(976, 532) 82
(988, 532) 83
(1000, 532) 84
(1006, 533) 85
(1011, 533) 86
(1014, 534) 87
(1017, 534) 88
(1027, 534) 89
(1040, 535) 90
(1055, 535) 91
(1071, 536) 92
(1085, 537) 93
(1099, 537) 94
(1110, 538) 95
(1121, 539) 96
(1130, 540) 97
(1139, 541) 98
(1145, 542) 99
(1151, 543) 100
(1156, 543) 101
(1159, 544) 102
(1159, 545) 103
(1153, 544) 104
(1147, 544) 105
(1142, 543) 106
(1134, 543) 107
(1126, 543) 108
(1120, 543) 109
(1112, 542) 110
(1105, 541) 111
(1099, 540) 112
(1090, 540) 113
(1081, 540) 114
(1071, 539) 115
(1062, 539) 116
(1058, 539) 117
(1055, 538) 118
(1053, 538) 119
(1043, 537) 120
(1034, 537) 121
(1026, 536) 122
(1021, 536) 123
(1016, 537) 124
(1014, 536) 125
(1008, 536) 126
(1000, 536) 127
(993, 535) 128
(987, 535) 129
(982, 534) 130
(978, 534) 131
(972, 534) 132
(966, 534) 133
(964, 534) 134
(959, 534) 135
(956, 534) 136
(953, 534) 137
(951, 534) 138
(951, 534) 139
(950, 535) 140
(947, 535) 141
(945, 535) 142
(943, 535) 143
(941, 535) 144
(939, 535) 145
(938, 535) 146
(936, 535) 147
(934, 536) 148
(934, 536) 149
(935, 536) 150
(935, 536) 151
(935, 536) 152
(936, 536) 153
(936, 535) 154
(936, 535) 155
(936, 535) 156
(937, 535) 157
(937, 535) 158
(937, 535) 159
(937, 535) 160
(937, 535) 161
(937, 535) 162
(931, 535) 163
(933, 536) 164
(936, 536) 165
(940, 536) 166
(944, 537) 167
(946, 537) 168
(947, 537) 169
(949, 538) 170
(950, 538) 171
(951, 539) 172
(953, 539) 173
(954, 540) 174
(959, 540) 175
(965, 541) 176
(971, 542) 177
(976, 542) 178
(980, 542) 179
(987, 542) 180
(992, 542) 181
(992, 543) 182
(992, 544) 183
(992, 544) 184
(992, 545) 185
(996, 546) 186
(996, 546) 187
(996, 547) 188
(996, 547) 189
(998, 549) 190
(998, 550) 191
(997, 550) 192
(997, 551) 193
(997, 552) 194
(993, 552) 195
(993, 552) 196
(997, 553) 197
(1000, 553) 198
(1002, 554) 199
(1002, 554) 200
(1001, 554) 201
(994, 554) 202
(991, 554) 203
(985, 554) 204
(981, 554) 205
(978, 554) 206
(977, 554) 207
(974, 554) 208
(967, 553) 209
(960, 553) 210
(958, 553) 211
(956, 553) 212
(954, 552) 213
(953, 552) 214
(952, 552) 215
(951, 551) 216
(950, 551) 217
(949, 551) 218
(948, 551) 219
(947, 550) 220
(947, 550) 221
(946, 550) 222
(950, 550) 223
(954, 550) 224
(959, 550) 225
(970, 550) 226
(978, 550) 227
(981, 549) 228
(983, 549) 229
(984, 549) 230
(986, 549) 231
(987, 549) 232
(992, 549) 233
(998, 549) 234
(1000, 548) 235
(1002, 548) 236
(1008, 548) 237
(1008, 547) 238
(1008, 547) 239
(1011, 546) 240
(1020, 546) 241
(1022, 545) 242
(1025, 544) 243
(1029, 543) 244
(1032, 542) 245
(1034, 541) 246
(1035, 542) 247
(1033, 542) 248
(1032, 542) 249
(1027, 542) 250
(1026, 542) 251
(1027, 542) 252
(1028, 543) 253
(1029, 543) 254
(1029, 543) 255
(1030, 543) 256
(1031, 543) 257
(1031, 543) 258
(1031, 543) 259
(1030, 543) 260
(1030, 544) 261
(1031, 544) 262
(1032, 544) 263
(1035, 544) 264
(1039, 544) 265
(1038, 544) 266
(1036, 544) 267
(1030, 544) 268
(1025, 544) 269
(1021, 543) 270
(1018, 543) 271
(1018, 543) 272
(1020, 543) 273
(1024, 543) 274
(1028, 543) 275
(1032, 543) 276
(1035, 543) 277
(1041, 544) 278
(1046, 544) 279
(1051, 544) 280
(1052, 544) 281
(1059, 545) 282
(1065, 545) 283
(1071, 546) 284
(1077, 546) 285
(1083, 547) 286
(1087, 547) 287
(1086, 548) 288
(1085, 548) 289
(1090, 548) 290
(1095, 548) 291
(1099, 548) 292
(1101, 548) 293
(1110, 548) 294
(1119, 548) 295
(1127, 548) 296
(1135, 548) 297
(1140, 548) 298
(201, 569) 110
(204, 569) 111
(207, 570) 112
(206, 570) 113
(206, 571) 114
(206, 571) 115
(209, 571) 116
(215, 571) 117
(220, 571) 118
(224, 571) 119
(228, 572) 120
(232, 572) 121
(230, 571) 122
(228, 570) 123
(224, 570) 124
(220, 569) 125
(217, 569) 126
(207, 568) 127
(195, 568) 128
(181, 567) 129
(167, 566) 130
(154, 566) 131
(144, 565) 132
(134, 565) 133
(126, 564) 134
(118, 563) 135
(109, 563) 136
(100, 561) 137
(91, 560) 138
(82, 559) 139
(73, 558) 140
(65, 557) 141
(59, 556) 142
(53, 554) 143
(48, 553) 144
(43, 552) 145
(46, 552) 146
(54, 551) 147
(62, 550) 148
(65, 549) 149
(69, 548) 150
(73, 547) 151
(83, 547) 152
(99, 546) 153
(116, 546) 154
(132, 545) 155
(145, 545) 156
(156, 545) 157
(166, 545) 158
(176, 544) 159
(180, 543) 160
(180, 543) 161
(178, 542) 162
(176, 542) 163
(173, 541) 164
(171, 541) 165
(168, 540) 166
(165, 540) 167
(163, 539) 168
(161, 538) 169
(160, 538) 170
(158, 537) 171
(157, 537) 172
(156, 536) 173
(156, 535) 174
(156, 535) 175
(162, 534) 176
(175, 532) 177
(187, 531) 178
(200, 530) 179
(211, 528) 180
(228, 527) 181
(246, 525) 182
(264, 524) 183
(279, 523) 184
(293, 522) 185
(307, 520) 186
(320, 519) 187
(332, 518) 188
(343, 517) 189
(353, 516) 190
(362, 515) 191
(370, 514) 192
(377, 513) 193
(383, 512) 194
(390, 509) 195
(395, 507) 196
(399, 505) 197
(403, 504) 198
(406, 503) 199
(410, 501) 200
(414, 500) 201
(417, 500) 202
(420, 500) 203
(419, 501) 204
(1434, 600) 139
(1434, 600) 140
(1428, 599) 141
(1423, 599) 142
(1415, 599) 143
(1409, 599) 144
(1411, 599) 145
(1413, 599) 146
(1415, 599) 147
(1416, 600) 148
(1417, 600) 149
(1418, 600) 150
(1419, 600) 151
(1420, 600) 152
(1421, 600) 153
(1422, 600) 154
(1423, 600) 155
(1423, 600) 156
(1424, 600) 157
(1424, 600) 158
(1425, 601) 159
(1425, 601) 160
(1425, 601) 161
(1427, 600) 162
(1430, 599) 163
(1431, 598) 164
(1432, 597) 165
(1441, 596) 166
(1449, 595) 167
(1452, 594) 168
(1454, 593) 169
(1461, 592) 170
(1468, 592) 171
(1475, 591) 172
(1481, 590) 173
(1485, 590) 174
(1489, 590) 175
(1493, 589) 176
(1497, 589) 177
(1497, 589) 178
(1499, 589) 179
(1500, 589) 180
(1503, 589) 181
(1505, 589) 182
(1513, 588) 183
(1521, 588) 184
(1528, 588) 185
(1535, 587) 186
(1542, 587) 187
(1547, 587) 188
(1553, 587) 189
(1559, 586) 190
(1565, 586) 191
(1571, 586) 192
(1578, 586) 193
(1579, 586) 194
(1580, 586) 195
(1581, 586) 196
(1583, 586) 197
(1583, 585) 198
(1584, 584) 199
(1584, 583) 200
(1586, 582) 201
(1588, 581) 202
(1590, 581) 203
(1591, 580) 204
(1592, 579) 205
(1593, 578) 206
(1595, 578) 207
(1597, 577) 208
(1597, 576) 209
(1595, 576) 210
(1591, 576) 211
(1580, 576) 212
(1571, 577) 213
(1560, 577) 214
(1545, 577) 215
(1532, 577) 216
(1519, 577) 217
(1508, 576) 218
(1498, 576) 219
(1489, 576) 220
(1481, 576) 221
(1473, 575) 222
(1466, 575) 223
(1460, 575) 224
(1455, 575) 225
(1451, 575) 226
(1446, 573) 227
(1439, 573) 228
(1435, 572) 229
(1431, 571) 230
(1426, 570) 231
(1416, 570) 232
(1411, 569) 233
(1406, 568) 234
(1402, 567) 235
(1396, 566) 236
(1391, 565) 237
(1380, 563) 238
(1368, 562) 239
(1357, 561) 240
(1347, 560) 241
(1337, 558) 242
(1330, 557) 243
(1330, 557) 244
(1329, 557) 245
(1323, 556) 246
(1322, 556) 247
(1318, 555) 248
(1313, 555) 249
(1311, 555) 250
(1309, 555) 251
(1308, 555) 252
(1307, 555) 253
(1307, 555) 254
(1306, 555) 255
(1305, 554) 256
(1305, 554) 257
(1304, 554) 258
(1304, 554) 259
(1311, 554) 260
(1318, 555) 261
(1323, 555) 262
(1328, 556) 263
(1336, 556) 264
(1337, 557) 265
(1344, 557) 266
(1351, 558) 267
(1349, 558) 268
(1349, 559) 269
(1356, 559) 270
(1363, 560) 271
(1369, 560) 272
(1374, 561) 273
(1381, 562) 274
(1387, 562) 275
(1393, 563) 276
(1398, 563) 277
(1401, 563) 278
(1404, 563) 279
(1406, 564) 280
(1409, 564) 281
(1416, 564) 282
(1422, 564) 283
(1428, 564) 284
(1433, 563) 285
(1438, 563) 286
(1442, 563) 287
(1446, 563) 288
(1449, 562) 289
(1457, 563) 290
(1467, 563) 291
(1476, 563) 292
(1485, 563) 293
(1493, 563) 294
(1500, 563) 295
(1506, 563) 296
(1512, 564) 297
(1517, 564) 298
(1523, 563) 299
(23, 486) 159
(22, 485) 160
(21, 485) 161
(16, 487) 162
(12, 488) 163
(12, 488) 164
(1929, 489) 165
(1925, 490) 166
(1921, 490) 167
(1919, 491) 168
(1920, 492) 169
(1925, 492) 170
(1927, 493) 171
(1927, 493) 172
(1927, 494) 173
(10, 494) 174
(12, 494) 175
(12, 495) 176
(16, 495) 177
(20, 494) 178
(20, 494) 179
(23, 494) 180
(26, 493) 181
(29, 493) 182
(31, 492) 183
(34, 492) 184
(39, 491) 185
(44, 491) 186
(49, 490) 187
(54, 490) 188
(58, 489) 189
(62, 488) 190
(66, 487) 191
(64, 486) 192
(63, 485) 193
(62, 484) 194
(61, 483) 195
(60, 482) 196
(59, 481) 197
(58, 480) 198
(57, 479) 199
(55, 479) 200
(53, 480) 201
(52, 480) 202
(50, 481) 203
(47, 481) 204
(45, 481) 205
(40, 482) 206
(38, 483) 207
(38, 483) 208
(37, 484) 209
(37, 484) 210
(37, 485) 211
(37, 486) 212
(36, 488) 213
(33, 489) 214
(30, 489) 215
(28, 490) 216
(25, 491) 217
(25, 493) 218
(24, 494) 219
(24, 495) 220
(21, 496) 221
(18, 498) 222
(16, 499) 223
(14, 500) 224
(14, 502) 225
(1930, 504) 226
(1929, 505) 227
(1927, 507) 228
(1926, 508) 229
(1924, 510) 230
(1923, 511) 231
(1922, 513) 232
(1921, 514) 233
(1913, 516) 234
(1907, 518) 235
(1901, 520) 236
(1897, 522) 237
(1894, 524) 238
(1894, 525) 239
(1895, 526) 240
(1904, 526) 241
(1911, 526) 242
(1919, 526) 243
(1919, 527) 244
(12, 527) 245
(18, 527) 246
(23, 527) 247
(28, 527) 248
(32, 527) 249
(35, 527) 250
(39, 527) 251
(42, 527) 252
(41, 527) 253
(41, 527) 254
(46, 526) 255
(46, 526) 256
(51, 525) 257
(64, 525) 258
(78, 524) 259
(91, 523) 260
(103, 522) 261
(114, 521) 262
(122, 521) 263
(129, 521) 264
(136, 520) 265
(142, 520) 266
(147, 520) 267
(152, 519) 268
(150, 519) 269
(148, 519) 270
(147, 519) 271
(144, 518) 272
(141, 518) 273
(141, 517) 274
(143, 517) 275
(146, 518) 276
(149, 518) 277
(149, 518) 278
(155, 518) 279
(156, 518) 280
(158, 517) 281
(162, 516) 282
(169, 515) 283
(176, 514) 284
(182, 513) 285
(187, 512) 286
(193, 512) 287
(198, 511) 288
(202, 510) 289
(206, 509) 290
(210, 508) 291
(212, 509) 292
(1808, 479) 189
(1808, 479) 190
(1809, 479) 191
(1811, 479) 192
(1811, 479) 193
(1808, 480) 194
(1801, 481) 195
(1794, 482) 196
(1784, 484) 197
(1781, 485) 198
(1773, 486) 199
(1766, 488) 200
(1759, 489) 201
(1754, 490) 202
(1749, 491) 203
(1744, 493) 204
(1740, 494) 205
(1736, 495) 206
(1733, 496) 207
(1730, 498) 208
(1727, 499) 209
(1725, 500) 210
(1723, 501) 211
(1721, 502) 212
(1721, 503) 213
(1721, 504) 214
(1716, 505) 215
(1712, 506) 216
(1702, 508) 217
(1700, 509) 218
(1698, 510) 219
(1698, 511) 220
(1699, 513) 221
(1700, 514) 222
(1701, 515) 223
(1704, 517) 224
(1712, 518) 225
(1719, 519) 226
(1724, 521) 227
(1729, 522) 228
(1732, 523) 229
(1738, 524) 230
(1742, 526) 231
(1746, 527) 232
(1742, 527) 233
(1739, 527) 234
(1737, 528) 235
(1735, 528) 236
(1734, 528) 237
(1733, 528) 238
(1733, 529) 239
(1733, 529) 240
(1733, 529) 241
(1734, 529) 242
(1734, 530) 243
(1735, 530) 244
(1735, 530) 245
(1735, 531) 246
(1735, 531) 247
(1736, 531) 248
(1736, 531) 249
(1736, 532) 250
(1736, 532) 251
(1736, 532) 252
(1734, 533) 253
(1727, 533) 254
(1721, 533) 255
(1714, 534) 256
(1709, 534) 257
(1705, 534) 258
(1700, 534) 259
(1691, 535) 260
(1687, 535) 261
(1678, 536) 262
(1662, 536) 263
(1648, 537) 264
(1636, 537) 265
(1624, 538) 266
(1614, 538) 267
(1605, 539) 268
(1596, 539) 269
(1589, 539) 270
(1582, 540) 271
(1576, 540) 272
(1570, 541) 273
(1565, 541) 274
(1561, 542) 275
(1557, 542) 276
(1553, 542) 277
(1550, 543) 278
(1547, 543) 279
(1547, 543) 280
(1549, 543) 281
(1552, 543) 282
(1556, 542) 283
(1559, 542) 284
(1562, 542) 285
(1564, 541) 286
(1566, 541) 287
(1569, 540) 288
(1572, 539) 289
(1575, 538) 290
(1577, 537) 291
(1580, 536) 292
(1582, 535) 293
(1589, 535) 294
(1596, 535) 295
(1603, 535) 296
(1610, 535) 297
(1618, 535) 298
(1627, 535) 299
(1635, 536) 300
(1642, 536) 301
(1648, 537) 302
(1653, 538) 303
(1658, 539) 304
(1663, 540) 305
(1668, 541) 306
(1673, 543) 307
(1879, 491) 287
(1878, 490) 288
(1877, 490) 289
(1876, 490) 290
(1875, 490) 291
(1875, 490) 292
(1878, 490) 293
(1881, 490) 294
(1884, 491) 295
(1894, 491) 296
(1903, 492) 297
(1913, 492) 298
(1919, 493) 299
(1925, 493) 300
(1924, 493) 301
(10, 493) 302
(12, 493) 303
(13, 493) 304
(14, 494) 305
(15, 494) 306
(17, 494) 307
(21, 494) 308
(23, 494) 309
(26, 494) 310
(28, 494) 311
(30, 494) 312
(32, 494) 313
(33, 494) 314
(35, 494) 315
(36, 494) 316
(37, 494) 317
(37, 494) 318
(34, 495) 319
(29, 495) 320
(25, 495) 321
(22, 496) 322
(18, 496) 323
(15, 496) 324
(15, 496) 325
(16, 496) 326
(19, 496) 327
(21, 495) 328
(21, 495) 329
(20, 495) 330
(19, 495) 331
(14, 496) 332
(14, 497) 333
(1932, 497) 334
(1930, 498) 335
(1926, 498) 336
(1923, 498) 337
(1923, 499) 338
(1923, 499) 339
(1920, 499) 340
(1915, 499) 341
(1911, 499) 342
(1906, 500) 343
(1900, 500) 344
(1896, 500) 345
(1892, 501) 346
(1888, 501) 347
(1885, 501) 348
(1883, 502) 349
(1880, 502) 350
(1878, 502) 351
(1876, 503) 352
(1874, 503) 353
(1867, 502) 354
(1860, 502) 355
(1854, 501) 356
(1848, 500) 357
(1843, 500) 358
(1838, 499) 359
(1833, 498) 360
(1829, 498) 361
(1826, 497) 362
(1822, 497) 363
(1819, 496) 364
(1816, 496) 365
(1814, 495) 366
(1811, 495) 367
(1809, 494) 368
(1807, 494) 369
(1805, 494) 370
(1802, 493) 371
(1801, 493) 372
(1799, 492) 373
(1797, 492) 374
(1796, 491) 375
(1795, 491) 376
(1794, 491) 377
(1793, 490) 378
(1794, 490) 379
(1794, 490) 380
(1796, 489) 381
(1797, 489) 382
(1798, 488) 383
(1799, 488) 384
(1800, 488) 385
(1801, 487) 386
(1802, 487) 387
(1803, 487) 388
(1803, 486) 389
(1804, 486) 390
(1804, 486) 391
(1805, 485) 392
(1805, 485) 393
(1806, 485) 394
(1806, 484) 395
(1806, 484) 396
(1807, 484) 397
(1810, 484) 398
(1815, 484) 399
(1819, 485) 400
(1822, 484) 401
(1825, 484) 402
(1827, 484) 403
(1827, 485) 404
(1828, 485) 405
(1820, 485) 406
(1813, 486) 407
(1806, 486) 408
(1801, 486) 409
(1795, 487) 410
(1791, 487) 411
(1786, 488) 412
(1782, 488) 413
(1779, 489) 414
(1776, 489) 415
(1773, 489) 416
(1764, 490) 417
(1761, 491) 418
(1759, 492) 419
(1759, 493) 420
(1759, 494) 421
(1761, 494) 422
(1764, 495) 423
(1767, 496) 424
(1772, 497) 425
(1777, 497) 426
(1782, 498) 427
(1787, 499) 428
(1790, 499) 429
(1794, 500) 430
(1793, 500) 431
(1794, 501) 432
(1796, 501) 433
(1797, 501) 434
(1797, 502) 435
(1798, 502) 436
(1800, 503) 437
(1802, 503) 438
(1805, 504) 439
(1807, 504) 440
(1806, 505) 441
(1803, 505) 442
(1805, 506) 443
(1810, 506) 444
(1814, 506) 445
(1818, 507) 446
(1822, 507) 447
(1825, 508) 448
(1828, 508) 449
(1832, 508) 450
(1835, 508) 451
(1837, 508) 452
(1837, 508) 453
(1838, 508) 454
(1840, 508) 455
(1842, 508) 456
(1844, 508) 457
(1847, 508) 458
(1849, 508) 459
(1851, 508) 460
(1850, 508) 461
(1850, 508) 462
(1847, 509) 463
(1844, 509) 464
(1841, 509) 465
(1839, 509) 466
(1837, 510) 467
(1835, 510) 468
(1832, 510) 469
(1829, 510) 470
(1831, 509) 471
(1832, 508) 472
(1833, 507) 473
(1834, 506) 474
(1834, 506) 475
(1836, 505) 476
(1842, 505) 477
(1840, 505) 478
(1838, 505) 479
(1836, 506) 480
(1834, 506) 481
(1832, 506) 482
(1830, 506) 483
(1822, 506) 484
(1815, 506) 485
(1808, 506) 486
(1801, 507) 487
(1796, 507) 488
(1790, 507) 489
(1788, 507) 490
(1788, 507) 491
(1787, 506) 492
(1787, 506) 493
(1786, 506) 494
(1786, 505) 495
(1787, 505) 496
(1787, 504) 497
(1788, 504) 498
(1790, 503) 499
(1793, 503) 500
(1796, 503) 501
(1800, 502) 502
(1805, 501) 503
(1379, 561) 288
(1379, 561) 289
(1379, 561) 290
(1379, 561) 291
(1379, 561) 292
(1379, 561) 293
(1379, 561) 294
(1379, 561) 295
(1380, 560) 296
(1381, 560) 297
(1382, 560) 298
(1385, 560) 299
(1391, 559) 300
(1399, 560) 301
(1403, 560) 302
(1408, 560) 303
(1412, 559) 304
(1415, 559) 305
(1418, 558) 306
(1422, 558) 307
(1424, 558) 308
(1426, 557) 309
(1428, 557) 310
(1428, 556) 311
(1433, 556) 312
(1436, 555) 313
(1438, 555) 314
(1441, 555) 315
(1443, 555) 316
(1441, 555) 317
(1441, 555) 318
(1440, 555) 319
(1441, 555) 320
(1441, 554) 321
(1441, 554) 322
(1440, 554) 323
(1439, 554) 324
(1439, 554) 325
(1439, 554) 326
(1439, 554) 327
(1440, 555) 328
(1439, 555) 329
(1438, 555) 330
(1436, 555) 331
(1435, 556) 332
(1434, 556) 333
(1434, 556) 334
(1433, 557) 335
(1434, 557) 336
(1434, 557) 337
(1441, 558) 338
(1442, 558) 339
(1444, 557) 340
(1446, 557) 341
(1447, 557) 342
(1449, 557) 343
(1450, 557) 344
(1450, 556) 345
(1445, 556) 346
(1440, 556) 347
(1435, 556) 348
(1424, 556) 349
(1414, 556) 350
(1411, 557) 351
(1404, 557) 352
(1398, 557) 353
(1392, 557) 354
(1388, 557) 355
(1388, 557) 356
(1387, 557) 357
(1393, 557) 358
(1398, 557) 359
(1403, 557) 360
(1406, 557) 361
(1406, 557) 362
(1406, 557) 363
(1408, 557) 364
(1407, 556) 365
(1409, 556) 366
(1409, 556) 367
(1409, 556) 368
(1409, 557) 369
(1409, 557) 370
(1408, 557) 371
(1399, 556) 372
(1390, 556) 373
(1382, 555) 374
(1375, 555) 375
(1360, 555) 376
(1347, 554) 377
(1333, 554) 378
(1320, 554) 379
(1317, 554) 380
(1313, 554) 381
(1310, 554) 382
(1307, 554) 383
(1304, 554) 384
(1302, 554) 385
(1300, 554) 386
(1298, 554) 387
(1296, 554) 388
(1294, 554) 389
(1293, 554) 390
(1291, 554) 391
(1290, 554) 392
(1290, 554) 393
(1294, 554) 394
(1298, 554) 395
(1306, 553) 396
(1313, 553) 397
(1320, 553) 398
(1326, 552) 399
(1331, 552) 400
(1336, 552) 401
(1342, 552) 402
(1351, 552) 403
(1354, 552) 404
(1357, 552) 405
(1356, 552) 406
(1356, 552) 407
(1355, 553) 408
(1353, 553) 409
(1353, 553) 410
(1354, 554) 411
(1354, 554) 412
(1355, 553) 413
(1355, 553) 414
(1356, 553) 415
(1358, 552) 416
(1362, 552) 417
(1365, 551) 418
(1369, 550) 419
(1373, 550) 420
(1043, 562) 296
(1043, 562) 297
(1043, 562) 298
(1046, 562) 299
(1048, 561) 300
(1050, 561) 301
(1050, 560) 302
(1051, 560) 303
(1052, 560) 304
(1053, 560) 305
(1054, 560) 306
(1055, 560) 307
(1056, 561) 308
(1057, 561) 309
(1058, 561) 310
(1058, 561) 311
(1057, 561) 312
(1057, 561) 313
(1057, 561) 314
(1057, 561) 315
(1057, 561) 316
(1055, 561) 317
(1054, 561) 318
(1050, 560) 319
(1042, 560) 320
(1034, 560) 321
(1031, 560) 322
(1023, 559) 323
(1014, 559) 324
(1006, 558) 325
(997, 558) 326
(990, 558) 327
(984, 557) 328
(980, 557) 329
(976, 557) 330
(981, 557) 331
(984, 556) 332
(988, 556) 333
(990, 555) 334
(989, 555) 335
(989, 555) 336
(989, 555) 337
(988, 555) 338
(987, 555) 339
(986, 555) 340
(986, 555) 341
(987, 556) 342
(988, 556) 343
(988, 557) 344
(989, 557) 345
(989, 558) 346
(989, 559) 347
(990, 559) 348
(990, 560) 349
(990, 560) 350
(987, 560) 351
(984, 560) 352
(981, 559) 353
(977, 559) 354
(973, 559) 355
(970, 559) 356
(966, 559) 357
(963, 558) 358
(961, 558) 359
(959, 558) 360
(956, 558) 361
(955, 557) 362
(953, 557) 363
(951, 557) 364
(950, 557) 365
(949, 557) 366
(948, 557) 367
(947, 556) 368
(946, 556) 369
(945, 556) 370
(944, 556) 371
(943, 556) 372
(943, 555) 373
(934, 555) 374
(927, 555) 375
(919, 555) 376
(911, 556) 377
(904, 556) 378
(896, 556) 379
(891, 556) 380
(886, 556) 381
(883, 556) 382
(881, 556) 383
(879, 555) 384
(878, 555) 385
(876, 555) 386
(875, 555) 387
(874, 555) 388
(873, 555) 389
(872, 554) 390
(871, 554) 391
(870, 554) 392
(870, 554) 393
(869, 554) 394
(868, 554) 395
(868, 553) 396
(868, 553) 397
(867, 553) 398
(867, 553) 399
(866, 553) 400
(866, 553) 401
(863, 553) 402
(860, 553) 403
(858, 553) 404
(856, 554) 405
(848, 555) 406
(842, 556) 407
(835, 557) 408
(829, 558) 409
(824, 559) 410
(821, 559) 411
(819, 559) 412
(818, 559) 413
(816, 558) 414
(815, 558) 415
(815, 557) 416
(813, 555) 417
(808, 553) 418
(807, 552) 419
(804, 551) 420
(801, 550) 421
(791, 549) 422
(779, 547) 423
(768, 546) 424
(757, 545) 425
(749, 543) 426
(740, 542) 427
(735, 541) 428
(729, 540) 429
(725, 539) 430
(722, 539) 431
(714, 538) 432
(708, 537) 433
(702, 536) 434
(697, 535) 435
(693, 535) 436
(688, 534) 437
(685, 533) 438
(681, 532) 439
(678, 532) 440
(676, 531) 441
(673, 530) 442
(671, 530) 443
(669, 529) 444
(667, 528) 445
(666, 528) 446
(666, 527) 447
(671, 527) 448
(676, 526) 449
(681, 525) 450
(684, 525) 451
(685, 524) 452
(687, 524) 453
(688, 523) 454
(688, 523) 455
(688, 523) 456
(688, 522) 457
(684, 522) 458
(675, 521) 459
(665, 521) 460
(658, 521) 461
(658, 521) 462
(651, 521) 463
(645, 521) 464
(639, 520) 465
(634, 520) 466
(629, 520) 467
(624, 520) 468
(620, 520) 469
(616, 520) 470
(613, 520) 471
(610, 520) 472
(607, 520) 473
(605, 520) 474
(603, 520) 475
(601, 520) 476
(599, 520) 477
(597, 520) 478
(596, 520) 479
(595, 520) 480
(595, 520) 481
(599, 520) 482
(605, 520) 483
(609, 520) 484
(613, 520) 485
(617, 520) 486
(620, 520) 487
(625, 520) 488
(631, 520) 489
(635, 519) 490
(640, 519) 491
(644, 519) 492
(654, 518) 493
(663, 517) 494
(672, 517) 495
(679, 516) 496
(688, 516) 497
(695, 515) 498
(704, 515) 499
(720, 515) 500
(775, 549) 312
(774, 549) 313
(773, 549) 314
(772, 549) 315
(771, 550) 316
(769, 550) 317
(768, 550) 318
(767, 551) 319
(765, 551) 320
(763, 551) 321
(765, 551) 322
(767, 551) 323
(768, 550) 324
(770, 549) 325
(772, 549) 326
(773, 548) 327
(774, 548) 328
(776, 547) 329
(777, 547) 330
(778, 546) 331
(779, 546) 332
(779, 545) 333
(780, 545) 334
(781, 544) 335
(781, 544) 336
(782, 543) 337
(782, 543) 338
(783, 542) 339
(783, 542) 340
(781, 541) 341
(779, 539) 342
(777, 538) 343
(776, 537) 344
(775, 536) 345
(774, 535) 346
(773, 534) 347
(773, 533) 348
(772, 532) 349
(771, 531) 350
(770, 530) 351
(769, 529) 352
(769, 528) 353
(768, 527) 354
(768, 526) 355
(767, 525) 356
(767, 524) 357
(766, 523) 358
(766, 523) 359
(766, 522) 360
(766, 521) 361
(767, 522) 362
(766, 522) 363
(766, 523) 364
(768, 523) 365
(768, 524) 366
(764, 524) 367
(760, 524) 368
(757, 523) 369
(753, 523) 370
(751, 523) 371
(749, 523) 372
(748, 522) 373
(747, 521) 374
(746, 520) 375
(745, 520) 376
(738, 520) 377
(733, 519) 378
(729, 519) 379
(725, 519) 380
(721, 519) 381
(718, 519) 382
(715, 518) 383
(712, 518) 384
(710, 518) 385
(708, 518) 386
(706, 518) 387
(704, 518) 388
(703, 517) 389
(701, 517) 390
(700, 517) 391
(699, 517) 392
(698, 517) 393
(697, 517) 394
(696, 517) 395
(696, 516) 396
(696, 516) 397
(698, 517) 398
(700, 518) 399
(702, 519) 400
(704, 520) 401
(1122, 569) 320
(1122, 569) 321
(1122, 569) 322
(1122, 569) 323
(1123, 568) 324
(1125, 568) 325
(1127, 567) 326
(1129, 566) 327
(1130, 566) 328
(1132, 565) 329
(1133, 565) 330
(1134, 564) 331
(1135, 564) 332
(1136, 563) 333
(1137, 562) 334
(1138, 562) 335
(1138, 561) 336
(1139, 561) 337
(1139, 560) 338
(1140, 560) 339
(1135, 560) 340
(1131, 560) 341
(1128, 560) 342
(1124, 560) 343
(1121, 560) 344
(1118, 560) 345
(1116, 560) 346
(1114, 559) 347
(1112, 559) 348
(1110, 559) 349
(1108, 559) 350
(1105, 559) 351
(1098, 558) 352
(1092, 558) 353
(1087, 558) 354
(1084, 558) 355
(1082, 558) 356
(1081, 558) 357
(1080, 558) 358
(1076, 557) 359
(1073, 556) 360
(1070, 556) 361
(1066, 555) 362
(1064, 554) 363
(1063, 553) 364
(1064, 553) 365
(1068, 551) 366
(1073, 550) 367
(1076, 549) 368
(1079, 548) 369
(1082, 547) 370
(1086, 546) 371
(1089, 545) 372
(1091, 544) 373
(1092, 544) 374
(1094, 543) 375
(1095, 542) 376
(1096, 541) 377
(1096, 540) 378
(1097, 540) 379
(1098, 539) 380
(1100, 539) 381
(1101, 539) 382
(1110, 540) 383
(1117, 540) 384
(1124, 541) 385
(1130, 541) 386
(1136, 541) 387
(1141, 542) 388
(1145, 542) 389
(1149, 543) 390
(1153, 543) 391
(1156, 543) 392
(1159, 544) 393
(1159, 544) 394
(1159, 544) 395
(1150, 545) 396
(1142, 545) 397
(1136, 545) 398
(1132, 545) 399
(1128, 545) 400
(1124, 545) 401
(1123, 546) 402
(1114, 546) 403
(1106, 546) 404
(1100, 546) 405
(1097, 546) 406
(1094, 546) 407
(1091, 546) 408
(1088, 546) 409
(1085, 546) 410
(1084, 546) 411
(1077, 545) 412
(1079, 545) 413
(1081, 545) 414
(1084, 545) 415
(1087, 545) 416
(1085, 545) 417
(1085, 545) 418
(1085, 544) 419
(1088, 543) 420
(1088, 542) 421
(1089, 541) 422
(1089, 540) 423
(1089, 539) 424
(1088, 538) 425
(1086, 538) 426
(1083, 538) 427
(1080, 538) 428
(1076, 538) 429
(1075, 538) 430
(1074, 538) 431
(1072, 538) 432
(1069, 538) 433
(1066, 538) 434
(1056, 538) 435
(1047, 538) 436
(1039, 538) 437
(1040, 537) 438
(1039, 538) 439
(1038, 538) 440
(1037, 538) 441
(1028, 538) 442
(1020, 538) 443
(1011, 538) 444
(1011, 538) 445
(1017, 538) 446
(1023, 538) 447
(1023, 537) 448
(1021, 537) 449
(1016, 537) 450
(1011, 537) 451
(1011, 536) 452
(1011, 537) 453
(1011, 537) 454
(1016, 536) 455
(1021, 536) 456
(1025, 536) 457
(1028, 536) 458
(1031, 536) 459
(1036, 536) 460
(1040, 535) 461
(1041, 535) 462
(1041, 536) 463
(1041, 536) 464
(1042, 536) 465
(1042, 536) 466
(1042, 536) 467
(1041, 536) 468
(1041, 536) 469
(1040, 536) 470
(1040, 536) 471
(1037, 537) 472
(1039, 537) 473
(1042, 537) 474
(1042, 537) 475
(1045, 537) 476
(1047, 537) 477
(1050, 537) 478
(1055, 537) 479
(1059, 537) 480
(1059, 537) 481
(1059, 537) 482
(1057, 538) 483
(1055, 538) 484
(1056, 538) 485
(1055, 539) 486
(1055, 539) 487
(1055, 539) 488
(1055, 540) 489
(1054, 540) 490
(1054, 540) 491
(1060, 540) 492
(1066, 541) 493
(1072, 541) 494
(1072, 541) 495
(1070, 541) 496
(1068, 541) 497
(1066, 541) 498
(1065, 541) 499
(1066, 540) 500
(1068, 540) 501
(1069, 540) 502
(1069, 540) 503
(1069, 540) 504
(1069, 539) 505
(1069, 539) 506
(1068, 538) 507
(1066, 538) 508
(1064, 538) 509
(1063, 538) 510
(1061, 538) 511
(1060, 538) 512
(1059, 538) 513
(1058, 537) 514
(1059, 537) 515
(1059, 537) 516
(1059, 537) 517
(1054, 537) 518
(1051, 538) 519
(1048, 538) 520
(1047, 538) 521
(1046, 537) 522
(1046, 537) 523
(1043, 537) 524
(1042, 537) 525
(1042, 537) 526
(1042, 537) 527
(1042, 536) 528
(1039, 537) 529
(1036, 537) 530
(1031, 537) 531
(1027, 537) 532
(1022, 538) 533
(1016, 538) 534
(1009, 539) 535
(1002, 540) 536
(995, 540) 537
(994, 541) 538
(994, 541) 539
(997, 542) 540
(999, 543) 541
(1000, 543) 542
(1002, 544) 543
(1003, 545) 544
(1004, 545) 545
(1006, 546) 546
(1007, 546) 547
(1012, 545) 548
(1017, 545) 549
(1021, 544) 550
(1025, 543) 551
(1029, 544) 552
(1032, 544) 553
(1034, 545) 554
(1037, 545) 555
(1039, 545) 556
(1042, 545) 557
(1044, 545) 558
(1044, 546) 559
(1045, 545) 560
(1045, 545) 561
(1048, 545) 562
(1050, 544) 563
(1052, 544) 564
(1053, 544) 565
(1053, 543) 566
(1053, 543) 567
(1056, 543) 568
(1059, 543) 569
(1061, 543) 570
(1064, 542) 571
(1066, 542) 572
(1068, 541) 573
(1070, 540) 574
(1070, 539) 575
(1069, 537) 576
(1068, 535) 577
(1067, 533) 578
(1068, 533) 579
(1068, 532) 580
(1069, 532) 581
(1070, 532) 582
(1070, 532) 583
(1071, 531) 584
(1071, 531) 585
(1071, 531) 586
(1072, 530) 587
(1073, 530) 588
(1072, 529) 589
(1064, 529) 590
(1056, 529) 591
(1049, 529) 592
(1043, 529) 593
(1034, 529) 594
(1025, 529) 595
(1018, 529) 596
(1008, 529) 597
(1000, 529) 598
(992, 529) 599
(979, 528) 600
(972, 528) 601
(966, 527) 602
(961, 527) 603
(956, 526) 604
(952, 526) 605
(948, 525) 606
(939, 525) 607
(929, 525) 608
(916, 525) 609
(903, 524) 610
(892, 524) 611
(884, 523) 612
(874, 523) 613
(866, 522) 614
(864, 522) 615
(864, 521) 616
(869, 520) 617
(875, 519) 618
(877, 518) 619
(874, 517) 620
(872, 517) 621
(867, 516) 622
(860, 515) 623
(856, 515) 624
(853, 514) 625
(846, 514) 626
(839, 514) 627
(835, 513) 628
(831, 513) 629
(828, 513) 630
(825, 513) 631
(822, 513) 632
(820, 512) 633
(818, 512) 634
(816, 512) 635
(814, 512) 636
(810, 512) 637
(806, 512) 638
(807, 512) 639
(807, 512) 640
(807, 513) 641
(806, 513) 642
(805, 513) 643
(807, 513) 644
(811, 513) 645
(809, 514) 646
(809, 515) 647
(815, 515) 648
(820, 515) 649
(824, 515) 650
(835, 515) 651
(846, 515) 652
(856, 515) 653
(865, 515) 654
(873, 515) 655
(881, 515) 656
(895, 515) 657
(909, 515) 658
(920, 515) 659
(158, 504) 347
(159, 504) 348
(164, 504) 349
(168, 504) 350
(174, 504) 351
(180, 504) 352
(193, 503) 353
(202, 503) 354
(210, 504) 355
(218, 504) 356
(223, 504) 357
(228, 504) 358
(236, 504) 359
(249, 504) 360
(258, 504) 361
(265, 504) 362
(276, 504) 363
(291, 504) 364
(307, 504) 365
(330, 504) 366
(349, 504) 367
(367, 504) 368
(383, 504) 369
(398, 504) 370
(411, 504) 371
(429, 504) 372
(446, 504) 373
(462, 505) 374
(476, 505) 375
(485, 505) 376
(489, 505) 377
(492, 504) 378
(493, 504) 379
(494, 504) 380
(497, 504) 381
(499, 503) 382
(499, 503) 383
(497, 503) 384
(489, 502) 385
(481, 501) 386
(472, 500) 387
(466, 499) 388
(459, 498) 389
(453, 498) 390
(446, 497) 391
(439, 497) 392
(426, 497) 393
(412, 497) 394
(399, 497) 395
(386, 497) 396
(376, 497) 397
(364, 496) 398
(353, 496) 399
(344, 496) 400
(335, 496) 401
(327, 496) 402
(320, 496) 403
(309, 496) 404
(299, 496) 405
(290, 495) 406
(281, 495) 407
(274, 495) 408
(268, 495) 409
(262, 495) 410
(257, 494) 411
(254, 494) 412
(252, 494) 413
(250, 494) 414
(250, 494) 415
(255, 493) 416
(262, 493) 417
(269, 493) 418
(277, 493) 419
(286, 493) 420
(294, 492) 421
(302, 492) 422
(308, 492) 423
(314, 492) 424
(319, 491) 425
(324, 491) 426
(329, 491) 427
(332, 491) 428
(336, 491) 429
(339, 490) 430
(342, 490) 431
(345, 490) 432
(350, 490) 433
(356, 490) 434
(360, 490) 435
(364, 491) 436
(367, 491) 437
(370, 492) 438
(372, 493) 439
(375, 493) 440
(377, 494) 441
(379, 494) 442
(381, 495) 443
(381, 495) 444
(379, 495) 445
(376, 495) 446
(372, 495) 447
(367, 495) 448
(361, 495) 449
(352, 495) 450
(342, 495) 451
(329, 496) 452
(320, 496) 453
(310, 496) 454
(301, 496) 455
(291, 497) 456
(280, 497) 457
(1720, 522) 385
(1722, 522) 386
(1726, 522) 387
(1730, 522) 388
(1734, 522) 389
(1739, 521) 390
(1743, 521) 391
(1747, 521) 392
(1751, 521) 393
(1756, 521) 394
(1753, 521) 395
(1753, 522) 396
(1753, 522) 397
(1752, 523) 398
(1748, 524) 399
(1746, 525) 400
(1744, 526) 401
(1742, 527) 402
(1739, 527) 403
(1732, 528) 404
(1721, 528) 405
(1710, 529) 406
(1706, 528) 407
(1702, 528) 408
(1699, 528) 409
(1694, 528) 410
(1689, 527) 411
(1683, 527) 412
(1678, 527) 413
(1672, 527) 414
(1668, 527) 415
(1664, 527) 416
(1653, 526) 417
(1642, 526) 418
(1633, 525) 419
(1628, 525) 420
(1616, 525) 421
(1599, 525) 422
(1584, 525) 423
(1570, 525) 424
(1555, 525) 425
(1539, 525) 426
(1524, 526) 427
(1510, 527) 428
(1497, 527) 429
(1487, 528) 430
(1479, 529) 431
(1470, 529) 432
(1462, 529) 433
(1454, 529) 434
(1447, 529) 435
(1441, 530) 436
(1436, 530) 437
(1431, 530) 438
(1427, 530) 439
(1421, 531) 440
(1416, 531) 441
(1411, 532) 442
(1408, 532) 443
(1410, 533) 444
(1412, 533) 445
(1414, 534) 446
(1414, 534) 447
(1417, 535) 448
(1418, 536) 449
(1420, 537) 450
(1424, 537) 451
(1424, 537) 452
(1422, 538) 453
(1419, 539) 454
(1416, 540) 455
(1409, 541) 456
(1406, 541) 457
(1401, 542) 458
(1399, 541) 459
(1396, 542) 460
(1393, 543) 461
(1388, 543) 462
(1383, 543) 463
(1379, 543) 464
(1376, 543) 465
(1372, 543) 466
(1369, 543) 467
(1368, 544) 468
(1367, 546) 469
(1368, 546) 470
(1369, 547) 471
(1375, 547) 472
(1378, 548) 473
(1385, 548) 474
(1390, 549) 475
(1398, 549) 476
(1405, 549) 477
(1411, 550) 478
(1417, 550) 479
(1422, 550) 480
(1435, 550) 481
(1446, 550) 482
(1456, 550) 483
(1460, 550) 484
(1461, 550) 485
(1462, 550) 486
(1463, 550) 487
(1464, 550) 488
(1463, 550) 489
(1462, 550) 490
(1462, 550) 491
(1462, 550) 492
(1463, 550) 493
(1463, 550) 494
(1463, 550) 495
(1459, 550) 496
(1455, 550) 497
(1450, 549) 498
(1446, 549) 499
(1446, 549) 500
(1446, 549) 501
(1446, 549) 502
(1445, 549) 503
(1442, 549) 504
(1441, 549) 505
(1437, 549) 506
(1435, 549) 507
(1434, 549) 508
(1432, 548) 509
(1432, 548) 510
(1433, 548) 511
(1433, 548) 512
(1434, 548) 513
(1434, 547) 514
(1433, 547) 515
(1431, 548) 516
(1430, 548) 517
(1427, 548) 518
(1424, 548) 519
(1420, 547) 520
(1417, 547) 521
(1416, 547) 522
(1415, 547) 523
(1412, 547) 524
(1412, 547) 525
(1411, 547) 526
(1410, 547) 527
(1410, 548) 528
(1410, 548) 529
(1410, 548) 530
(1408, 548) 531
(1406, 548) 532
(1405, 549) 533
(1403, 549) 534
(1401, 549) 535
(1399, 550) 536
(1399, 550) 537
(1399, 551) 538
(1400, 552) 539
(1400, 552) 540
(1400, 553) 541
(1400, 554) 542
(1396, 554) 543
(1395, 555) 544
(1396, 555) 545
(1396, 556) 546
(1396, 556) 547
(1396, 557) 548
(1394, 557) 549
(1392, 557) 550
(1390, 558) 551
(1388, 558) 552
(1388, 558) 553
(1387, 558) 554
(1385, 558) 555
(1383, 559) 556
(1383, 559) 557
(1383, 559) 558
(1381, 559) 559
(1379, 558) 560
(1377, 558) 561
(1375, 557) 562
(1374, 556) 563
(1372, 556) 564
(1371, 555) 565
(1370, 554) 566
(1370, 554) 567
(1369, 553) 568
(1369, 552) 569
(1368, 552) 570
(1368, 551) 571
(1368, 551) 572
(1368, 550) 573
(1367, 550) 574
(1367, 549) 575
(1367, 549) 576
(1367, 548) 577
(1367, 548) 578
(1366, 547) 579
(1366, 547) 580
(1368, 547) 581
(1369, 547) 582
(1370, 548) 583
(1371, 548) 584
(1371, 549) 585
(1372, 549) 586
(1372, 549) 587
(1372, 550) 588
(1373, 550) 589
(1373, 550) 590
(1373, 551) 591
(1372, 552) 592
(1371, 552) 593
(1365, 553) 594
(1355, 554) 595
(1350, 555) 596
(1346, 555) 597
(1342, 556) 598
(1334, 557) 599
(1331, 557) 600
(1331, 557) 601
(1331, 556) 602
(1334, 554) 603
(1337, 553) 604
(1339, 552) 605
(1342, 550) 606
(1344, 550) 607
(1346, 549) 608
(1346, 549) 609
(1346, 548) 610
(1347, 548) 611
(1354, 547) 612
(1360, 546) 613
(1358, 546) 614
(1357, 546) 615
(1355, 546) 616
(1350, 546) 617
(1345, 546) 618
(1340, 546) 619
(1334, 546) 620
(1323, 546) 621
(1312, 547) 622
(1297, 547) 623
(1285, 547) 624
(1274, 547) 625
(1264, 548) 626
(1252, 547) 627
(1241, 546) 628
(1231, 546) 629
(1222, 545) 630
(1214, 545) 631
(1206, 544) 632
(1200, 544) 633
(1194, 543) 634
(1189, 543) 635
(1184, 542) 636
(1186, 542) 637
(1186, 542) 638
(1183, 541) 639
(1181, 541) 640
(1179, 540) 641
(1178, 540) 642
(1176, 540) 643
(1174, 540) 644
(1166, 540) 645
(1166, 540) 646
(1168, 540) 647
(1172, 541) 648
(1175, 541) 649
(1177, 541) 650
(1178, 541) 651
(1178, 541) 652
(1175, 541) 653
(1175, 540) 654
(1173, 540) 655
(1168, 540) 656
(1162, 540) 657
(1158, 540) 658
(1154, 540) 659
(1150, 540) 660
(1146, 539) 661
(1136, 538) 662
(1126, 538) 663
(1112, 537) 664
(1101, 536) 665
(1090, 534) 666
(1078, 534) 667
(1072, 533) 668
(1060, 532) 669
(1050, 531) 670
(1041, 530) 671
(1033, 530) 672
(1025, 529) 673
(1017, 528) 674
(1012, 527) 675
(1005, 526) 676
(1001, 525) 677
(997, 524) 678
(993, 523) 679
(990, 523) 680
(988, 522) 681
(980, 521) 682
(978, 520) 683
(976, 519) 684
(975, 518) 685
(972, 518) 686
(971, 517) 687
(971, 516) 688
(966, 515) 689
(965, 514) 690
(963, 513) 691
(962, 512) 692
(961, 511) 693
(957, 511) 694
(956, 510) 695
(954, 509) 696
(953, 508) 697
(952, 507) 698
(951, 506) 699
(952, 506) 700
(952, 505) 701
(952, 504) 702
(952, 503) 703
(951, 503) 704
(950, 502) 705
(949, 501) 706
(950, 501) 707
(951, 500) 708
(950, 500) 709
(950, 499) 710
(951, 498) 711
(951, 497) 712
(955, 497) 713
(959, 496) 714
(964, 496) 715
(964, 495) 716
(963, 495) 717
(964, 494) 718
(963, 494) 719
(960, 493) 720
(960, 493) 721
(960, 493) 722
(960, 492) 723
(959, 492) 724
(958, 492) 725
(956, 492) 726
(954, 492) 727
(953, 492) 728
(950, 491) 729
(943, 491) 730
(940, 491) 731
(941, 491) 732
(941, 491) 733
(944, 490) 734
(946, 490) 735
(947, 490) 736
(947, 490) 737
(947, 490) 738
(948, 490) 739
(948, 489) 740
(948, 489) 741
(948, 489) 742
(948, 489) 743
(948, 489) 744
(949, 489) 745
(952, 489) 746
(954, 488) 747
(956, 488) 748
(956, 488) 749
(956, 488) 750
(956, 488) 751
(956, 488) 752
(957, 488) 753
(956, 488) 754
(956, 488) 755
(956, 487) 756
(957, 487) 757
(958, 487) 758
(958, 487) 759
(958, 487) 760
(958, 487) 761
(958, 487) 762
(959, 487) 763
(958, 487) 764
(959, 487) 765
(960, 487) 766
(961, 487) 767
(961, 487) 768
(446, 505) 404
(449, 505) 405
(457, 505) 406
(464, 505) 407
(470, 505) 408
(475, 505) 409
(480, 505) 410
(484, 505) 411
(482, 506) 412
(480, 506) 413
(478, 506) 414
(478, 507) 415
(478, 506) 416
(478, 505) 417
(478, 504) 418
(480, 504) 419
(488, 502) 420
(497, 501) 421
(505, 500) 422
(512, 499) 423
(517, 498) 424
(522, 497) 425
(526, 496) 426
(530, 495) 427
(531, 494) 428
(531, 493) 429
(531, 491) 430
(530, 490) 431
(529, 489) 432
(529, 488) 433
(532, 488) 434
(535, 489) 435
(538, 489) 436
(540, 489) 437
(543, 489) 438
(546, 489) 439
(548, 489) 440
(548, 490) 441
(544, 490) 442
(545, 490) 443
(547, 491) 444
(547, 491) 445
(546, 491) 446
(545, 491) 447
(543, 491) 448
(541, 491) 449
(536, 490) 450
(529, 487) 451
(522, 485) 452
(516, 482) 453
(508, 478) 454
(502, 474) 455
(497, 471) 456
(495, 467) 457
(495, 463) 458
(495, 459) 459
(495, 456) 460
(495, 452) 461
(495, 449) 462
(491, 446) 463
(487, 443) 464
(483, 440) 465
(476, 436) 466
(470, 432) 467
(464, 428) 468
(459, 424) 469
(454, 421) 470
(450, 417) 471
(446, 413) 472
(443, 411) 473
(440, 409) 474
(438, 407) 475
(436, 405) 476
(433, 402) 477
(937, 717) 419
(937, 717) 420
(937, 717) 421
(937, 717) 422
(937, 717) 423
(937, 717) 424
(937, 717) 425
(937, 717) 426
(937, 717) 427
(937, 717) 428
(937, 717) 429
(938, 718) 430
(938, 718) 431
(938, 718) 432
(938, 718) 433
(938, 718) 434
(939, 719) 435
(939, 720) 436
(941, 721) 437
(942, 722) 438
(943, 723) 439
(944, 724) 440
(944, 725) 441
(945, 726) 442
(947, 727) 443
(949, 729) 444
(951, 730) 445
(952, 731) 446
(954, 733) 447
(956, 734) 448
(957, 736) 449
(958, 737) 450
(959, 738) 451
(960, 739) 452
(960, 741) 453
(960, 741) 454
(960, 741) 455
(959, 741) 456
(958, 741) 457
(957, 741) 458
(956, 741) 459
(955, 741) 460
(954, 741) 461
(954, 741) 462
(953, 741) 463
(953, 742) 464
(952, 742) 465
(952, 742) 466
(951, 742) 467
(951, 742) 468
(951, 742) 469
(950, 742) 470
(950, 742) 471
(950, 742) 472
(947, 742) 473
(945, 741) 474
(943, 741) 475
(941, 740) 476
(939, 740) 477
(938, 740) 478
(937, 739) 479
(935, 739) 480
(935, 739) 481
(934, 738) 482
(752, 497) 434
(753, 496) 435
(754, 496) 436
(754, 496) 437
(754, 496) 438
(757, 496) 439
(763, 496) 440
(769, 496) 441
(774, 496) 442
(778, 496) 443
(782, 496) 444
(779, 496) 445
(777, 496) 446
(774, 496) 447
(772, 496) 448
(770, 496) 449
(770, 496) 450
(773, 496) 451
(778, 496) 452
(782, 497) 453
(785, 497) 454
(790, 497) 455
(795, 497) 456
(798, 497) 457
(802, 497) 458
(804, 497) 459
(807, 497) 460
(809, 496) 461
(811, 496) 462
(813, 496) 463
(815, 496) 464
(816, 496) 465
(818, 495) 466
(819, 495) 467
(820, 495) 468
(821, 495) 469
(822, 495) 470
(823, 495) 471
(824, 494) 472
(824, 494) 473
(825, 494) 474
(826, 494) 475
(827, 495) 476
(827, 496) 477
(828, 497) 478
(828, 498) 479
(828, 499) 480
(822, 499) 481
(816, 499) 482
(811, 500) 483
(807, 500) 484
(806, 500) 485
(806, 500) 486
(806, 500) 487
(805, 500) 488
(805, 500) 489
(805, 500) 490
(805, 500) 491
(806, 500) 492
(806, 500) 493
(806, 500) 494
(806, 500) 495
(806, 500) 496
(806, 500) 497
(806, 500) 498
(806, 500) 499
(806, 500) 500
(806, 500) 501
(807, 500) 502
(807, 500) 503
(807, 500) 504
(807, 501) 505
(807, 501) 506
(807, 501) 507
(807, 501) 508
(799, 501) 509
(792, 502) 510
(785, 502) 511
(779, 502) 512
(774, 503) 513
(769, 503) 514
(765, 504) 515
(761, 504) 516
(758, 504) 517
(756, 505) 518
(755, 505) 519
(755, 505) 520
(754, 506) 521
(754, 506) 522
(754, 507) 523
(754, 507) 524
(754, 508) 525
(753, 508) 526
(753, 508) 527
(753, 509) 528
(753, 509) 529
(753, 509) 530
(753, 510) 531
(753, 510) 532
(753, 510) 533
(753, 511) 534
(753, 511) 535
(753, 511) 536
(752, 512) 537
(752, 512) 538
(752, 512) 539
(751, 514) 540
(751, 515) 541
(123, 447) 494
(123, 446) 495
(124, 446) 496
(124, 447) 497
(123, 447) 498
(121, 447) 499
(120, 447) 500
(119, 447) 501
(118, 447) 502
(117, 447) 503
(117, 448) 504
(110, 447) 505
(105, 446) 506
(100, 445) 507
(97, 445) 508
(93, 445) 509
(93, 445) 510
(95, 446) 511
(106, 448) 512
(115, 449) 513
(123, 450) 514
(129, 451) 515
(129, 452) 516
(128, 453) 517
(128, 453) 518
(127, 454) 519
(127, 454) 520
(129, 455) 521
(128, 455) 522
(126, 456) 523
(122, 456) 524
(123, 456) 525
(123, 457) 526
(117, 458) 527
(112, 459) 528
(101, 460) 529
(90, 461) 530
(81, 462) 531
(73, 463) 532
(62, 464) 533
(51, 466) 534
(41, 467) 535
(30, 468) 536
(21, 469) 537
(21, 470) 538
(1929, 471) 539
(1923, 472) 540
(1925, 473) 541
(1925, 474) 542
(12, 474) 543
(16, 475) 544
(20, 475) 545
(24, 476) 546
(25, 477) 547
(26, 477) 548
(26, 478) 549
(26, 478) 550
(27, 479) 551
(27, 479) 552
(27, 479) 553
(27, 479) 554
(28, 478) 555
(29, 478) 556
(29, 478) 557
(28, 478) 558
(26, 478) 559
(23, 478) 560
(21, 478) 561
(20, 478) 562
(18, 478) 563
(19, 478) 564
(20, 477) 565
(21, 477) 566
(22, 477) 567
(21, 478) 568
(21, 477) 569
(21, 477) 570
(21, 478) 571
(24, 478) 572
(27, 478) 573
(30, 478) 574
(33, 479) 575
(36, 479) 576
(38, 479) 577
(37, 479) 578
(33, 479) 579
(30, 479) 580
(27, 479) 581
(22, 479) 582
(22, 478) 583
(22, 478) 584
(23, 477) 585
(24, 477) 586
(28, 476) 587
(33, 476) 588
(37, 476) 589
(37, 475) 590
(40, 475) 591
(42, 475) 592
(44, 475) 593
(46, 475) 594
(48, 475) 595
(48, 475) 596
(46, 475) 597
(42, 475) 598
(39, 475) 599
(36, 475) 600
(34, 475) 601
(32, 475) 602
(30, 475) 603
(29, 475) 604
(29, 475) 605
(32, 477) 606
(35, 479) 607
(39, 482) 608
(43, 484) 609
(48, 487) 610
(52, 490) 611
(57, 492) 612
(60, 494) 613
(58, 495) 614
(57, 496) 615
(58, 498) 616
(58, 499) 617
(59, 500) 618
(59, 501) 619
(56, 501) 620
(51, 501) 621
(48, 502) 622
(45, 502) 623
(42, 502) 624
(40, 503) 625
(39, 503) 626
(38, 504) 627
(37, 504) 628
(37, 505) 629
(37, 505) 630
(37, 505) 631
(34, 505) 632
(30, 505) 633
(27, 504) 634
(25, 504) 635
(22, 504) 636
(20, 503) 637
(18, 503) 638
(16, 503) 639
(14, 502) 640
(12, 502) 641
(12, 502) 642
(1927, 501) 643
(1924, 501) 644
(1922, 501) 645
(1919, 500) 646
(1916, 500) 647
(1915, 500) 648
(1915, 500) 649
(1914, 500) 650
(1914, 500) 651
(1912, 500) 652
(1907, 500) 653
(1902, 500) 654
(1897, 500) 655
(1892, 500) 656
(1887, 501) 657
(1883, 501) 658
(1878, 501) 659
(1874, 501) 660
(1869, 502) 661
(1864, 502) 662
(1857, 502) 663
(1845, 502) 664
(1832, 502) 665
(466, 364) 518
(463, 365) 519
(461, 365) 520
(459, 367) 521
(458, 368) 522
(455, 370) 523
(454, 371) 524
(451, 372) 525
(448, 373) 526
(444, 374) 527
(438, 376) 528
(432, 377) 529
(429, 378) 530
(426, 379) 531
(425, 381) 532
(424, 382) 533
(425, 384) 534
(429, 386) 535
(433, 389) 536
(438, 392) 537
(442, 395) 538
(446, 398) 539
(449, 400) 540
(452, 403) 541
(455, 406) 542
(457, 408) 543
(460, 411) 544
(462, 413) 545
(464, 415) 546
(465, 418) 547
(469, 422) 548
(472, 425) 549
(473, 429) 550
(473, 432) 551
(472, 436) 552
(469, 439) 553
(465, 442) 554
(461, 444) 555
(456, 446) 556
(454, 447) 557
(451, 449) 558
(448, 451) 559
(444, 452) 560
(441, 454) 561
(438, 455) 562
(436, 456) 563
(433, 458) 564
(433, 459) 565
(436, 459) 566
(442, 460) 567
(445, 460) 568
(447, 459) 569
(448, 459) 570
(448, 458) 571
(448, 458) 572
(448, 459) 573
(448, 459) 574
(447, 460) 575
(447, 461) 576
(447, 462) 577
(451, 464) 578
(457, 468) 579
(460, 470) 580
(464, 473) 581
(469, 475) 582
(472, 477) 583
(476, 479) 584
(479, 482) 585
(481, 484) 586
(484, 486) 587
(486, 488) 588
(488, 490) 589
(490, 492) 590
(492, 494) 591
(493, 496) 592
(494, 497) 593
(495, 499) 594
(497, 501) 595
(497, 503) 596
(498, 503) 597
(499, 504) 598
(499, 504) 599
(500, 504) 600
(501, 504) 601
(503, 504) 602
(502, 504) 603
(502, 503) 604
(499, 501) 605
(496, 499) 606
(493, 497) 607
(491, 496) 608
(490, 494) 609
(488, 493) 610
(487, 491) 611
(485, 489) 612
(484, 488) 613
(475, 487) 614
(467, 486) 615
(459, 484) 616
(448, 481) 617
(437, 478) 618
(428, 476) 619
(420, 473) 620
(413, 471) 621
(406, 469) 622
(400, 466) 623
(398, 465) 624
(396, 465) 625
(394, 464) 626
(392, 463) 627
(393, 461) 628
(861, 580) 543
(860, 579) 544
(855, 580) 545
(851, 580) 546
(847, 580) 547
(843, 580) 548
(843, 580) 549
(843, 579) 550
(843, 579) 551
(838, 579) 552
(838, 578) 553
(838, 578) 554
(838, 578) 555
(838, 577) 556
(838, 577) 557
(835, 578) 558
(835, 577) 559
(828, 578) 560
(821, 578) 561
(815, 578) 562
(810, 578) 563
(806, 578) 564
(801, 578) 565
(796, 578) 566
(789, 578) 567
(784, 578) 568
(778, 577) 569
(772, 577) 570
(765, 577) 571
(753, 575) 572
(742, 574) 573
(733, 573) 574
(724, 572) 575
(715, 571) 576
(708, 569) 577
(701, 568) 578
(696, 567) 579
(690, 566) 580
(685, 565) 581
(676, 564) 582
(669, 563) 583
(663, 563) 584
(657, 562) 585
(653, 561) 586
(651, 559) 587
(650, 558) 588
(650, 557) 589
(646, 556) 590
(643, 555) 591
(641, 554) 592
(638, 553) 593
(635, 552) 594
(630, 551) 595
(625, 550) 596
(627, 549) 597
(631, 549) 598
(637, 547) 599
(642, 546) 600
(644, 546) 601
(645, 546) 602
(646, 546) 603
(647, 545) 604
(648, 545) 605
(649, 545) 606
(649, 545) 607
(650, 545) 608
(651, 545) 609
(651, 544) 610
(652, 544) 611
(652, 544) 612
(653, 544) 613
(653, 544) 614
(653, 544) 615
(653, 543) 616
(656, 543) 617
(659, 542) 618
(663, 541) 619
(666, 540) 620
(669, 540) 621
(671, 539) 622
(673, 539) 623
(675, 538) 624
(677, 537) 625
(679, 537) 626
(680, 536) 627
(682, 536) 628
(682, 535) 629
(677, 535) 630
(675, 535) 631
(672, 534) 632
(671, 534) 633
(668, 533) 634
(666, 533) 635
(665, 533) 636
(664, 532) 637
(663, 532) 638
(662, 532) 639
(661, 532) 640
(661, 532) 641
(660, 532) 642
(660, 532) 643
(657, 533) 644
(656, 534) 645
(655, 534) 646
(654, 535) 647
(654, 535) 648
(654, 535) 649
(654, 535) 650
(281, 518) 567
(279, 517) 568
(277, 517) 569
(275, 517) 570
(273, 516) 571
(274, 516) 572
(274, 515) 573
(274, 515) 574
(274, 514) 575
(273, 514) 576
(273, 513) 577
(272, 513) 578
(272, 512) 579
(271, 512) 580
(271, 511) 581
(271, 511) 582
(270, 510) 583
(270, 510) 584
(270, 509) 585
(269, 509) 586
(264, 508) 587
(260, 507) 588
(257, 506) 589
(255, 505) 590
(254, 504) 591
(254, 503) 592
(254, 502) 593
(256, 501) 594
(258, 501) 595
(260, 500) 596
(260, 499) 597
(257, 500) 598
(254, 500) 599
(253, 501) 600
(251, 501) 601
(251, 502) 602
(251, 502) 603
(251, 503) 604
(251, 503) 605
(252, 503) 606
(253, 504) 607
(255, 504) 608
(256, 504) 609
(258, 505) 610
(259, 505) 611
(260, 505) 612
(261, 506) 613
(262, 506) 614
(262, 506) 615
(263, 506) 616
(264, 507) 617
(264, 507) 618
(265, 507) 619
(265, 507) 620
(265, 508) 621
(266, 508) 622
(266, 508) 623
(266, 508) 624
(267, 508) 625
(267, 509) 626
(267, 509) 627
(270, 509) 628
(272, 510) 629
(274, 510) 630
(276, 510) 631
(278, 510) 632
(279, 510) 633
(282, 510) 634
(284, 511) 635
(286, 511) 636
(288, 511) 637
(290, 511) 638
(292, 511) 639
(293, 511) 640
(295, 512) 641
(296, 512) 642
(297, 512) 643
(298, 512) 644
(299, 512) 645
(299, 512) 646
(300, 512) 647
(301, 512) 648
(301, 513) 649
(302, 513) 650
(302, 513) 651
(303, 513) 652
(303, 513) 653
(303, 513) 654
(303, 513) 655
(303, 513) 656
(302, 513) 657
(300, 512) 658
(299, 512) 659
(297, 512) 660
(294, 512) 661
(296, 512) 662
(299, 511) 663
(301, 511) 664
(304, 510) 665
(307, 510) 666
(309, 510) 667
(313, 510) 668
(1782, 483) 568
(1782, 483) 569
(1782, 482) 570
(1782, 482) 571
(1782, 482) 572
(1783, 482) 573
(1783, 482) 574
(1784, 482) 575
(1786, 482) 576
(1787, 482) 577
(1788, 481) 578
(1790, 481) 579
(1791, 481) 580
(1792, 481) 581
(1793, 481) 582
(1794, 481) 583
(1793, 480) 584
(1790, 480) 585
(1786, 481) 586
(1783, 481) 587
(1779, 481) 588
(1776, 481) 589
(1773, 481) 590
(1771, 482) 591
(1761, 482) 592
(1758, 482) 593
(1752, 483) 594
(1742, 483) 595
(1734, 483) 596
(1727, 483) 597
(1720, 482) 598
(1715, 482) 599
(1712, 482) 600
(1709, 482) 601
(1706, 482) 602
(1706, 483) 603
(1706, 484) 604
(1707, 485) 605
(1708, 486) 606
(1708, 487) 607
(1707, 488) 608
(1703, 489) 609
(1700, 490) 610
(1697, 491) 611
(1694, 492) 612
(1690, 493) 613
(1693, 494) 614
(1696, 495) 615
(1699, 496) 616
(1701, 497) 617
(1703, 498) 618
(1706, 499) 619
(1708, 500) 620
(1710, 501) 621
(1712, 501) 622
(1714, 502) 623
(1716, 503) 624
(1717, 504) 625
(1718, 504) 626
(1719, 505) 627
(1720, 506) 628
(1721, 506) 629
(1722, 507) 630
(1722, 508) 631
(1723, 508) 632
(1723, 509) 633
(1724, 509) 634
(1724, 510) 635
(1724, 510) 636
(1721, 510) 637
(1717, 510) 638
(1714, 509) 639
(1710, 509) 640
(1707, 509) 641
(1704, 508) 642
(1701, 508) 643
(1698, 508) 644
(1695, 508) 645
(1692, 507) 646
(1690, 507) 647
(1688, 507) 648
(1679, 508) 649
(1671, 508) 650
(1664, 509) 651
(1658, 509) 652
(1653, 510) 653
(1647, 511) 654
(1641, 511) 655
(1636, 512) 656
(1629, 513) 657
(1619, 513) 658
(1609, 513) 659
(1600, 513) 660
(1591, 513) 661
(1580, 513) 662
(1570, 512) 663
(1560, 512) 664
(1552, 511) 665
(1545, 511) 666
(1535, 510) 667
(1532, 510) 668
(1531, 510) 669
(1523, 509) 670
(1516, 509) 671
(1510, 508) 672
(1504, 508) 673
(1499, 508) 674
(1497, 508) 675
(1495, 508) 676
(1493, 508) 677
(1492, 508) 678
(1490, 507) 679
(1484, 507) 680
(1484, 507) 681
(1484, 506) 682
(1478, 506) 683
(1478, 505) 684
(1474, 505) 685
(1476, 504) 686
(1479, 504) 687
(1484, 503) 688
(1487, 502) 689
(1494, 502) 690
(1501, 501) 691
(1503, 501) 692
(1505, 500) 693
(1506, 500) 694
(1508, 499) 695
(1509, 499) 696
(1511, 498) 697
(1516, 498) 698
(1517, 497) 699
(1517, 496) 700
(1514, 496) 701
(1514, 495) 702
(1512, 495) 703
(1507, 494) 704
(1504, 493) 705
(1500, 493) 706
(1497, 492) 707
(1495, 492) 708
(1492, 491) 709
(1490, 490) 710
(1488, 490) 711
(1486, 489) 712
(1485, 489) 713
(1483, 488) 714
(1482, 488) 715
(1482, 487) 716
(1483, 487) 717
(1488, 487) 718
(1491, 486) 719
(1493, 486) 720
(1499, 486) 721
(1498, 485) 722
(1497, 485) 723
(1495, 484) 724
(1491, 484) 725
(1488, 484) 726
(1488, 483) 727
(1487, 483) 728
(1483, 483) 729
(1482, 483) 730
(1481, 482) 731
(1480, 482) 732
(1479, 482) 733
(1481, 482) 734
(1484, 482) 735
(1487, 482) 736
(1487, 482) 737
(1486, 481) 738
(1484, 481) 739
(1483, 481) 740
(1481, 481) 741
(1481, 480) 742
(1484, 480) 743
(1487, 480) 744
(1490, 480) 745
(1493, 480) 746
(1496, 480) 747
(1496, 480) 748
(1498, 480) 749
(1498, 480) 750
(1499, 480) 751
(1500, 480) 752
(1502, 480) 753
(1504, 480) 754
(1505, 480) 755
(1505, 480) 756
(1506, 480) 757
(1506, 480) 758
(1506, 480) 759
(1506, 480) 760
(1505, 480) 761
(1505, 480) 762
(1503, 480) 763
(1502, 480) 764
(1502, 480) 765
(1501, 480) 766
(1500, 480) 767
(1499, 480) 768
